0.7082847141190198
0.721120186697783
0.721120186697783
0.7141190198366394
0.7199533255542591
0.6931155192532089
0.7164527421236873
0.7176196032672112
0.7176196032672112
0.7199533255542591
0.7106184364060677
0.7024504084014003
0.7141190198366394
0.7001166861143524
0.6989498249708285
0.733955659276546
0.7327887981330222
0.7094515752625438
0.7187864644107351
0.7129521586931156
0.721120186697783
0.7164527421236873
0.7187864644107351
0.7269544924154026
0.7187864644107351
0.705950991831972
0.7117852975495916
0.6896149358226371
0.7257876312718786
0.7187864644107351
0.7036172695449242
0.6837806301050176
0.7432905484247374
0.6861143523920653
0.7141190198366394
0.704784130688448
0.6966161026837806
0.6849474912485414
0.721120186697783
0.7001166861143524
0.7316219369894983
0.7106184364060677
0.73512252042007
0.7036172695449242
0.6744457409568262
0.691948658109685
0.7012835472578763
0.7164527421236873
0.7106184364060677
0.6674445740956826
0.7316219369894983
0.7292882147024504
0.7199533255542591
0.6826137689614936
0.7467911318553092
0.7176196032672112
0.721120186697783
0.7304550758459744
0.7082847141190198
0.6872812135355892
0.7187864644107351
0.7141190198366394
0.7141190198366394
0.7199533255542591
0.7094515752625438
0.7012835472578763
0.6861143523920653
0.7409568261376897
0.7374562427071178
0.721120186697783
0.7012835472578763
0.6791131855309218
0.7082847141190198
0.7129521586931156
0.7222870478413069
0.7257876312718786
0.6966161026837806
0.7106184364060677
0.7036172695449242
0.733955659276546
0.7001166861143524
0.7001166861143524
0.7269544924154026
0.7024504084014003
0.7199533255542591
0.7094515752625438
0.7117852975495916
0.7187864644107351
0.7222870478413069
0.7106184364060677
0.7106184364060677
0.7199533255542591
0.7071178529754959
0.7199533255542591
0.6942823803967327
0.7071178529754959
0.733955659276546
0.7106184364060677
0.7199533255542591
0.7094515752625438
