0.4979919678714859
0.5010438413361169
0.5191146881287726
0.44943820224719094
0.4392523364485981
0.4686868686868687
0.5130260521042085
0.5179282868525897
0.5040983606557377
0.5121951219512195
0.5230769230769231
0.45161290322580644
0.49897750511247446
0.4970645792563601
0.451063829787234
0.5421686746987951
0.5219206680584552
0.5069306930693069
0.5051334702258726
0.4508928571428571
0.5112474437627811
0.4840764331210191
0.5051334702258726
0.5104602510460252
0.4632516703786192
0.5058823529411764
0.5050100200400801
0.48249027237354086
0.5233265720081136
0.511156186612576
0.4227272727272728
0.4857685009487665
0.5473251028806584
0.4673267326732673
0.47084233261339087
0.5009861932938856
0.4117647058823529
0.41304347826086957
0.4127764127764127
0.5160075329566854
0.5381526104417671
0.5212355212355213
0.5054466230936819
0.4595744680851064
0.4685714285714285
0.4761904761904763
0.4260089686098655
0.5130260521042085
0.46551724137931033
0.43786982248520706
0.524793388429752
0.5396825396825397
0.5402298850574712
0.4887218045112782
0.5123595505617978
0.4622222222222222
0.5191146881287726
0.49230769230769234
0.49186991869918706
0.48854961832061067
0.422062350119904
0.49897750511247446
0.48851774530271397
0.5121951219512195
0.42758620689655175
0.459915611814346
0.46942800788954636
0.5022421524663677
0.5472837022132797
0.4947145877378435
0.4074074074074074
0.4444444444444445
0.5
0.4938271604938272
0.5333333333333333
0.5052631578947367
0.4881889763779527
0.504
0.4980237154150197
0.5128205128205128
0.4612159329140461
0.437636761487965
0.4823008849557522
0.4785276073619632
0.4690265486725664
0.4801670146137788
0.43735763097949887
0.5170340681362726
0.5
0.44144144144144143
0.4150943396226415
0.5121951219512196
0.49900199600798406
0.47368421052631576
0.4425531914893616
0.49496981891348085
0.4794520547945206
0.5193798449612403
0.53125
0.48870636550308005
