0.661610268378063
0.6476079346557759
0.6977829638273045
0.6977829638273045
0.6779463243873979
0.661610268378063
0.6837806301050176
0.6942823803967327
0.6651108518086347
0.4982497082847141
0.6826137689614936
0.3687281213535589
0.690781796966161
0.6814469078179697
0.588098016336056
0.5752625437572929
0.691948658109685
0.6639439906651109
0.6977829638273045
0.67561260210035
0.6814469078179697
0.7129521586931156
0.6662777129521587
0.6592765460910152
0.7024504084014003
0.6954492415402567
0.7024504084014003
0.5927654609101517
0.352392065344224
0.6942823803967327
0.690781796966161
0.6861143523920653
0.6896149358226371
0.7024504084014003
0.6499416569428238
0.6884480746791132
0.6429404900816803
0.456242707117853
0.7012835472578763
0.7176196032672112
0.5810968494749125
0.5624270711785297
0.6744457409568262
0.6639439906651109
0.6651108518086347
0.6721120186697783
0.6989498249708285
0.6791131855309218
0.6277712952158693
0.6872812135355892
