0.5307443365695792
0.0
0.36982968369829683
0.4592901878914405
0.3065326633165829
0.5166666666666666
0.4197002141327623
0.33502538071065985
0.20498614958448755
0.5630081300813009
0.3584905660377359
0.5387894288150042
0.5454545454545455
0.33251833740831294
0.5514612452350699
0.5438596491228069
0.45454545454545453
0.5278688524590165
0.5788617886178863
0.3186274509803922
0.4507042253521127
0.4810126582278481
0.29207920792079206
0.14619883040935674
0.48484848484848486
0.47904191616766467
0.4217687074829932
0.5790108564535585
0.5211389128559102
0.4696356275303643
0.5561139028475711
0.3390663390663391
0.5521885521885522
0.3236074270557029
0.5283018867924528
0.37176470588235294
0.18181818181818182
0.5404339250493096
0.3469387755102041
0.47391304347826085
0.5761511216056671
0.5387453874538745
0.5536
0.5247524752475248
0.5160202360876897
0.5261382799325462
0.5784313725490197
0.13249211356466878
0.11142061281337048
0.5825545171339565
0.521891418563923
0.4844961240310077
0.5551948051948051
0.5344262295081967
0.5365853658536586
0.49508840864440085
0.43612334801762115
0.4721030042918455
0.5296229802513465
0.17438692098092642
0.5689655172413793
0.4678111587982833
0.5020080321285141
0.48637316561844857
0.47478991596638653
0.5242070116861437
0.38046272493573263
0.525458248472505
0.5481727574750831
0.5478119935170178
0.5425867507886435
0.541871921182266
0.36049382716049383
0.15428571428571428
0.36754176610978523
0.4453961456102784
0.5617760617760618
0.5225933202357564
0.5404530744336569
0.18823529411764708
0.3880597014925373
0.37037037037037035
0.379746835443038
0.4663865546218488
0.3118279569892473
0.5541871921182265
0.4691358024691358
0.3584415584415584
0.4899328859060403
0.48192771084337355
0.32291666666666663
0.4635761589403974
0.5402843601895735
0.0
0.4627766599597586
0.15254237288135591
0.5106382978723404
0.4380165289256198
0.46918489065606367
0.4444444444444445
