pred;y01
0.1778760082519421;0
0.2159113218989275;0
0.12206247211791023;0
0.1624425772327577;0
0.29996831569642457;0
0.23240426838497377;0
0.21980611914763765;0
0.24066284469268845;0
0.31382574211883596;1
0.16586860635105694;0
0.17807707231545025;0
0.24238783675844322;0
0.24954984488633478;1
0.25814780915597085;1
0.17444811700159815;0
0.25831184574582217;1
0.23083772991209905;0
0.3657206979610837;1
0.2711733284715734;1
0.20150538612926142;0
0.20022187169771793;0
0.22010195779233216;0
0.19647710370567323;1
0.2421554172974945;1
0.1924024417386529;1
0.19927953094864298;1
0.18462054206362025;0
0.18716820223232794;0
0.3698938287551247;1
0.25412575408075927;1
0.25679808932097153;0
0.2401693291945394;0
0.2603400234102706;0
0.3049782816912818;0
0.27341407057121336;0
0.2955761075475574;0
0.35132879634027087;1
0.2416312674899951;1
0.2543052658517062;1
0.2700469522477119;0
0.18639466929594353;0
0.23803782037486748;0
0.202799406712501;0
0.22572839070250675;0
0.33174119798783097;1
0.3375670174027065;1
0.37805181892625156;1
0.22108551776046703;0
0.3058839416729698;1
0.2961151277604554;1
0.27021467372263425;1
0.2471684532518113;0
0.2841605852869197;0
0.2843368186733474;0
0.2828865956189485;0
0.39084841106437124;0
0.2748489066710405;1
0.1932005944999361;0
0.25271370673318233;0
0.2900358238219809;1
0.4079151739564711;1
0.2770091361075205;0
0.2198306298076115;1
0.3415257871416024;0
0.18371176367268224;0
0.3548313558316332;0
0.23813421691537212;0
0.27544395910362307;0
0.24733638020982252;0
0.08676354512955571;0
0.1919527672392371;0
0.21777572553877772;0
0.22698060583361535;1
0.23069580547432594;0
0.326670869309;0
0.20058747861068912;1
0.321192160538661;0
0.2177146646644162;0
0.3237265981681643;0
0.4447454791482501;1
0.23820990130669897;1
0.19867594694974755;0
0.3655861720645131;1
0.3137046144968695;1
0.2885064727634768;1
0.26045129799039973;1
0.31957798340405524;1
0.37263371879519447;1
0.37341713611492205;1
0.2776658179661717;1
0.4561832941921581;1
0.31570607642995235;1
0.49494971568180096;1
0.26922158061225687;0
0.3297710974270206;0
0.4988666019763175;1
0.38686112676703704;0
0.2985330119519867;1
0.2962915062274275;1
0.3559953115218241;0
0.30819821422171406;1
0.35146771800659615;0
0.3450405861531358;1
0.27870912820225613;0
0.33218925419201356;1
0.49990235465465604;0
0.3228468500342242;1
0.3090063848896293;1
0.22392625084791498;1
0.34753377417848236;0
0.34481468902090506;0
0.327700324266232;0
0.38214350050182816;0
0.2643000109042883;0
0.20436098630867788;0
0.18331982069291883;0
0.49371824298310596;1
0.14315688283097516;1
0.17434956271500754;0
0.7269992890802949;1
0.3999119621639563;1
0.44120858910020905;1
0.39715779732041573;1
0.7732524541073069;1
0.6267927941408055;0
0.2336990825385681;1
0.37769025731880235;0
0.23451233292678372;1
0.19564442420674108;0
0.3545571832324848;1
0.2344339949208142;0
0.2990527968845828;1
0.28732570592212053;1
0.527458515462932;1
0.3600373281915017;0
0.33464346099498765;0
0.20608334103497053;0
0.17870029947694963;0
0.18066813727839262;0
0.34091755717698;1
0.2550875882577078;1
0.269462656209248;0
0.18150246819680171;1
0.1736497095016736;1
0.21804092964897362;0
0.2778430247726903;0
0.18282502370403028;0
0.2994024824868898;0
0.2389133309667234;0
0.2982368746689497;0
0.1856593781757581;0
0.33788790589910206;0
0.24761376039873564;0
0.2510015241046828;1
0.4229533142106844;0
0.3757786638534686;0
0.35848637658675764;0
0.26412214572431414;0
0.19965240197750764;0
0.17420689996536967;0
0.20864212031127577;0
0.04069520892516501;0
0.20239600734024424;0
0.35464729754916163;1
0.2511340999470147;0
0.3057132394743734;0
0.44482949012386885;1
0.4134089514006991;1
0.5075091959885734;1
0.41488473156374567;0
0.44819626336007906;1
0.39246110500832826;1
0.4555104655572635;1
0.4125726151259353;0
0.46699101786557734;1
0.45120323171604665;1
0.5429526675347992;1
0.4910474948313987;1
0.44816051183991223;1
0.43919883553293193;0
0.35571472536984516;0
0.45688526908216137;1
0.40905785617777135;1
0.48097397210053267;1
0.3664689603711659;1
0.2948714291787154;1
0.3041642168254546;1
0.4157747343092559;1
0.525105972334584;1
0.4973606619820567;1
0.45645293076902405;1
0.4571928015765755;0
0.6072868803400296;1
0.45408976810182977;1
0.4547918370522876;0
0.3432533231704378;1
0.705553367451737;1
0.7402811172570359;1
0.5205536435326031;1
0.6348539256809961;0
0.5016252304822416;0
0.4796563206943698;1
0.6248476398189615;1
0.4499533559218092;1
0.5466492688176225;1
0.42948064277743364;0
0.327355574058864;1
0.44767822170622196;1
0.2598021203215798;0
0.3768416656777472;0
0.29139830101383624;0
0.2169828667590973;0
0.19329611943900685;0
0.183602404687061;0
0.20121336756791838;0
0.1941622611887652;0
0.19148263091698772;0
0.7919923953301983;1
0.3060767284144469;0
0.2519348726567606;0
0.26544445523002314;0
0.20130496946927617;1
0.384915120548989;0
0.21073057669931794;0
0.2926217847210107;1
0.28101756717672033;0
0.2548028866767874;0
0.21452225954958823;0
0.1663471737652165;0
0.36157128762628044;1
0.18378043689965187;0
0.2623605277640642;1
0.23610776334336814;0
0.2758582841364222;0
0.3074127233166667;0
0.3206875945644574;1
0.2397300111572469;0
0.3024078710444034;0
0.35444433216628507;1
0.2555290264922138;0
0.2250961180532386;1
0.19016247687650736;0
0.16024334745231233;0
0.2912592051353993;0
0.3456846996149948;0
0.295003464215228;0
0.2596500591964748;0
0.2607597843266091;0
0.17161420595525215;0
0.1916134671045584;0
0.26192840330138195;0
0.2318592805872868;0
0.14618002892139495;0
0.1771033912584457;0
0.22292814165228336;0
0.2695545446981185;0
0.19653180498101425;0
0.17324005132323794;0
0.21104782602661895;0
0.19662454030993098;0
0.1792119836685265;0
0.1481014309116776;0
0.18215314327129004;0
0.20040100501470345;0
0.16250689335539684;0
0.2197880875154506;0
0.14199964283599162;0
0.2697081854594649;0
0.2483705757181669;0
0.15508503332993262;0
0.26231719981386287;0
0.22280587178224254;0
0.1579490539952467;0
0.13962873105186177;1
0.26048828006888647;0
0.18492501891347357;0
0.18882133984335966;1
0.22828788481092696;0
0.2601721767121304;0
0.14851226233066414;0
0.2765392115944841;0
0.3941860812872002;0
0.2766356763565669;0
0.2296881707838621;0
0.3069793437670094;1
0.22487947778761086;0
0.37968180881426006;0
0.4709036018476811;0
0.19013803885431996;0
0.15635557570211106;0
0.2283847952305272;0
0.20700131588841936;0
0.2124691764862071;0
0.20796104185281;0
0.4017122883124077;1
0.36556134522139216;1
0.1692686311001676;1
0.20818444607816494;0
0.19911960542056178;0
0.2511064890989548;1
0.23840703002472863;1
0.16449138985903086;0
0.28599601950206094;0
0.2094039021115332;0
0.14896319106026298;0
0.18326457582577216;0
0.2933562169432152;0
0.19946203436186147;0
0.1928889091778533;0
0.320948616124826;0
0.2499759181030023;1
0.3169326958991002;1
0.2733994604925295;0
0.2820505767873895;1
0.18177465522054695;1
0.15848346076898204;0
0.19826753587422138;0
0.3050887234511627;1
0.1796224187285459;0
0.20593023546098344;1
0.31092652669361265;1
0.1923879458684409;1
0.255616592680126;0
0.23543094377963;0
0.24581523934747912;0
0.24209934325329446;0
0.26085126054268104;0
0.19787924864481077;0
0.1971515195513193;0
0.33546722605096896;0
0.3312872561965495;0
0.1784020657470258;0
0.18489955417433362;0
0.2468814051566594;0
0.2229829897875201;0
0.21971249335404439;0
0.2975662304176507;0
0.22247981775699027;0
0.23889991046623418;0
0.21075604134261486;0
0.18460020169360544;0
0.2137298611163812;0
0.21886554689336016;0
0.15613829273836197;0
0.23910561259600263;0
0.22422641270198265;0
0.16748912028077345;0
0.21105899082523108;0
0.22093007337950088;0
0.3004449554946319;1
0.16787214198138908;0
0.18163757751869467;0
0.21832311114791075;0
0.24049575130253836;0
0.2198238976665564;0
0.24600749277606146;0
0.19997508111889045;0
0.22314565745720957;0
0.29362006699900167;0
0.17803512954319956;0
0.19953162276598962;0
0.1267631470042779;0
0.16875289480457745;1
0.4341122662843688;0
0.2486632891681081;0
0.20677035495274515;1
0.23070593706471051;0
0.13827331585675226;1
0.22333093267582876;1
0.13731241039112968;0
0.27690507027217254;0
0.1937135745925399;1
0.2531380102095723;1
0.13055159826936702;0
0.2863677598683147;0
0.13502144656528334;1
0.3293519269833992;0
0.4010137750142261;1
0.17684138804532845;0
0.16585336711532717;0
0.30939060313923744;1
0.21805878896542522;0
0.39966901686883805;0
0.22064428292272428;0
0.28137219838540195;1
0.6749696367195379;1
0.6711530005688628;0
0.38751944449011055;0
0.6703574363119441;0
0.6710238752175808;0
0.6447224159151336;1
0.6957222080583575;0
0.7791520788134857;0
0.8316394084722023;0
0.6180122620343388;0
0.7278250443783674;0
0.5647133694890584;0
0.672589942717322;0
0.5945045030999611;0
0.4262817891178049;0
0.49088475964059053;0
0.5171028588401543;0
0.6166621053242207;0
0.6339962966080374;0
0.49943882335468814;0
0.6561799602578826;0
0.6486659786545584;0
0.5590107114576239;0
0.509287929202567;0
0.3856530769115245;0
0.21851936472969807;0
0.3259208195258091;0
0.3324541458738549;0
0.18375882454211506;0
0.24148585016602092;0
0.26477938266946155;0
0.3181066464421548;0
0.4347644918015984;1
0.1961770077754232;0
0.1676451349606287;0
0.3922253852933556;0
0.346901063040601;0
0.4117140469208608;0
0.4143083281803036;0
0.28732652210331;0
0.3941900510611666;0
0.3162774206032732;0
0.4551503445727363;0
0.4357322176692604;0
0.4419715804356817;0
0.15955508898154705;0
0.37514196684574713;0
0.4094685591396738;0
0.3789555461168523;0
0.3623320632361077;0
0.31130099110251036;0
0.5048174995678025;0
0.3289469645095158;0
0.3757681399779156;0
0.11242368948147453;0
0.1653851581095512;0
0.1496035508307309;0
0.16068333926592746;0
0.16174662395992528;0
0.15410730651312043;0
0.1259772488386985;0
0.16329040262992095;0
0.13721985560254293;0
0.14518337321522673;0
0.18048855783685402;0
0.12640379427369278;0
0.19585034752939431;0
0.20947801039518466;0
0.14431916140541423;0
0.1579462785568941;0
0.21207933034574877;1
0.22150184098586176;0
0.23263564075647872;1
0.21356951288723142;0
0.14569174176709712;0
0.19179264119614065;0
0.13561584393067447;0
0.24173552001616352;0
0.14385646628491192;0
0.14007827502171358;0
0.30121513387912374;0
0.12893657232554492;0
0.12558478823335004;0
0.20822266127875874;0
0.12768457696225022;0
0.15385628918709862;0
0.24401920628560464;1
0.22531455432260156;0
0.22910575055073829;0
0.233926565269335;0
0.25228005453168545;0
0.3475125702994658;1
0.1784796492965683;1
0.16371983415680472;0
0.3586428435218714;0
0.38702900749445096;0
0.10134127571797687;0
0.4409749456078433;1
0.290970935106082;1
0.24550280541429434;1
0.24860015529810367;0
0.1240561608676431;0
0.14443191825228247;0
0.060167030567658625;0
0.20230832547916872;1
0.19883994744029837;0
0.20058149079225318;0
0.17993923852636;0
0.19539670762658087;1
0.14573398159735876;0
0.13507696504345126;0
0.16893523858677909;0
0.1882663288036805;1
0.14844134118817948;0
0.1714869936737801;0
0.12681032419244212;0
0.1689527790120721;0
0.24179069667173334;1
0.03379335036247753;0
0.20508924967841435;0
0.28234067694858495;0
0.18204598781648854;0
0.21642808568773605;1
0.13214555165535652;0
0.3285265182484841;1
0.13083857138289803;0
0.13573621380240403;0
0.09875582922564045;0
0.28058067129349795;1
0.24324778593237997;1
0.1300882140486279;0
0.26276317980541064;1
0.18185224664805383;0
0.8490451189336542;1
0.7050449261305847;0
0.7149263811640656;1
0.7981539216371325;1
0.7760092737700602;1
0.7460658081479202;1
0.7564305446785079;1
0.7634808313589717;1
0.7804139145721801;1
0.7129005720885812;1
0.6964506319288383;1
0.7897080722277406;1
0.7129782357587569;1
0.7487439955051772;1
0.8138296656664783;1
0.6422826904093599;1
0.7351854792227716;0
0.7608488053547553;1
0.8121014768064669;1
0.6767387622118791;1
0.7688129634827633;1
0.7509312302845299;1
0.6429749338495647;1
0.7013290832456192;1
0.7661592929776492;1
0.8538087040418952;1
0.7648466966035002;1
0.6599337531160658;1
0.7804704088071455;1
0.8305661196049048;1
0.7833279491271786;1
0.7830326499648703;1
0.6475835087175781;1
0.7574503183698862;1
0.6003416157208934;1
0.7466299217522507;1
0.72364095815612;1
0.8920874364248711;1
0.8585205397334824;1
0.7247808756420092;1
0.7729131931943231;1
0.8362016677821708;1
0.7447163366135043;1
0.6672251901714712;1
0.847756070065961;1
0.5077928347116577;1
0.7625813411182734;1
0.6943132133621631;1
0.7318757081615639;1
0.7076502488845006;1
0.7685319778283273;1
0.7886725477345962;1
0.8041379080636964;1
0.7409178632773975;1
0.761839802576048;1
0.7285383067415904;1
0.6004771921252933;1
0.6879382798130689;1
0.5394648277442591;1
0.7784447642795237;1
0.7144879198197102;1
0.6944366793084004;1
0.8567512313450749;1
0.6988925087983631;1
0.7877379982706765;1
0.8274629853471777;1
0.7088695761663195;1
0.7123752035057574;1
0.6176321147309701;1
0.8188754691191635;1
0.7878693671086675;1
0.5680088927640706;1
0.63753174719065;1
0.8260704014754029;1
0.21399371387574892;0
0.25284870798084075;0
0.24899181812386395;0
0.0969254793037615;0
0.09881271962085263;0
0.2491235079712289;1
0.32996781555858345;0
0.15748467399314237;0
0.28090351780721207;0
0.189018644164623;0
0.20552367873751007;0
0.124981681142491;0
0.7267674209414718;1
0.7285368300552358;1
0.7630188634074019;1
0.795441101111527;1
0.6770968030354616;0
0.6692285235913163;0
0.6654418258805801;0
0.7174667568459172;0
0.7181975622283817;1
0.7943428887698971;0
0.730989843338855;0
0.6413488829248822;0
0.6669004846974943;0
0.664004139863056;0
0.7824644092725018;1
0.66206284863683;0
0.7740334494544644;1
0.8731833067954434;1
0.7464913427685105;1
0.7884859005290624;1
0.7518056655642985;1
0.7939854012525255;1
0.6805258992304118;1
0.8372871498480776;1
0.7809900632066683;1
0.9938179185337;1
0.5936392458800481;1
0.8789272716389305;1
0.45973786271905503;1
0.8351964193198516;1
0.8030846047205135;1
0.6914469493124177;1
0.7460020519470362;0
0.8247012153356069;1
0.6884490395801489;0
0.8202080272830773;1
0.7005005337153482;1
0.2574523483301531;1
0.1484405396549854;0
0.2961500613317251;0
0.2528108949351065;0
0.309206803856711;0
0.21404015350459735;0
0.3221965718490084;1
0.2175442565527252;0
0.18651315816351344;0
0.24489701003958902;0
0.2963361936088584;1
0.1815149154013531;0
0.15249381864010916;0
0.16773154823368708;0
0.24494206008261316;0
0.17978162666206668;0
0.17871811596281997;0
0.22897631326995563;0
0.21537107469044028;0
0.20309123108861235;0
0.2379300044986151;0
0.23766515403507282;0
0.27564202816166467;0
0.607180828559203;1
0.38498505636746067;1
0.4096291975213893;1
0.38454818791640544;0
0.6289558830797416;0
0.35812760080727374;1
0.6097412967708677;1
0.2561758890204687;0
0.37690501180917835;1
0.3920950166354144;1
0.29349761714759165;0
0.49294749737894905;0
0.02124669001297529;1
0.3517676028873348;0
0.4958794820657904;1
0.3715286254391142;1
0.19777167798038825;1
0.3308597239941417;1
0.39223344119419873;0
0.333460187036109;1
0.21163144461479658;0
0.12803020464415982;0
0.44829004833372216;1
0.6366048045584038;0
0.06005981768900756;0
0.24905074004129002;0
0.3924295574342083;0
0.2340252522336627;0
0.45559244316128206;0
0.3057043686757791;0
0.5034051675172863;1
0.3891886776480631;0
0.39252685399627185;1
0.31222530267681176;1
0.4707033878766129;1
0.40867308025302773;1
0.3705282628168896;1
0.5538030428803301;1
0.2563727772297553;1
0.3259450233251983;1
0.379137600270017;0
0.48026741424956426;1
0.4306575605516286;1
0.44961447477472477;0
0.4126948672090505;1
0.24648485161716394;0
0.25645690050446707;0
0.3405777073119764;0
0.6548000612867936;1
0.2899183038454148;0
0.38755561454511245;1
0.5412238965493078;1
0.5310146982385457;1
0.2697595724897729;1
0.3865555483386846;1
0.3578293548385496;0
0.47951504291669234;0
0.4893971807962519;1
0.3318616787730014;1
0.35138897210474807;0
0.31112122890214855;0
0.4344299038972055;0
0.44585796834681085;1
0.3731103397353927;0
0.4754269559383514;0
0.15247330464146022;1
0.376534493418252;0
0.2000005110105657;0
0.3309653112218876;0
0.5433192031576092;0
0.3554422388961235;0
0.35378265306772233;0
0.3847960699364837;0
0.3391523123031435;0
0.31500808896699145;0
0.4293740244418744;1
0.2662285578480987;0
0.2680618682103363;0
0.4467062542637953;0
0.4648485041780605;0
0.5010364927124189;0
0.367446462047707;0
0.10368353173685814;0
0.4199198163075246;0
0.2818857178237374;0
0.20496271357324314;1
0.4339735589471223;1
0.2746927885138957;0
0.32473223342154844;0
0.11575566447479688;0
0.20406705721735138;0
0.30518555010132137;1
0.3778377152040281;1
0.36460915055259246;0
0.30511566205599044;0
0.4596541509264923;1
0.5164059653140841;0
0.292152229004949;1
0.31845324157460914;1
0.32891513060938143;0
0.4328708734782957;0
0.40550290137362593;1
0.3215216939663413;0
0.36361801351623896;0
0.2591167861752522;1
0.326429769317196;0
0.4811149844147484;0
0.3636336551787969;0
0.3007412802558935;0
0.13005011089511473;1
0.12683086764109486;0
0.366871567344489;1
0.34645956822012913;0
0.2625582260232183;0
0.16003584155999248;0
0.2870993912696366;0
0.19748376697446338;0
0.1657590759894157;0
0.2302245417093907;0
0.26652147825773714;0
0.2279983276320746;0
0.2881162838963698;0
0.2983064859416762;1
0.39768522931168676;0
0.21502431344753514;0
0.33192841227836095;1
0.18639326224912126;0
0.2321722739067864;0
0.1838365398290743;0
0.20337588774594495;0
0.27302052634252927;1
0.16316136187180644;0
0.1293688062909203;0
0.285306299278187;1
0.29621026427300146;0
0.23067946528310956;1
0.2783883772192551;1
0.26927123898312977;0
0.29169680442605306;1
0.30105476606757053;0
0.2363562317965169;0
0.3001439803703298;0
0.21606198586024172;0
0.20793223940767191;0
0.2833502632616869;0
0.20166426255154998;1
0.18167586708276168;0
0.18382001166677026;0
0.36738377354412843;1
0.24103688143329896;0
0.20596020347695917;0
0.31241789155677147;0
0.28885131881097315;0
0.39944729576720206;0
0.14135427936762074;0
0.1707740793375054;0
0.23307558734009276;1
0.2730983874767923;0
0.2138398347037032;0
0.25678175000503317;1
0.4944720963996618;1
0.20440287512713057;0
0.23843292337100838;1
0.2756026088580895;1
0.2526692339532323;0
0.316356958558825;1
0.26499941765078533;0
0.5315019048785445;1
0.28596224895011324;1
0.5892331321392449;1
0.5512102819695726;1
0.44222546820658615;1
0.4710818771649424;1
0.39988694430191846;0
0.49339275185994347;0
0.3706265485752597;0
0.401789983422221;0
0.40181134371165683;1
0.5323360011341683;1
0.5353888400929626;1
0.5266345463602966;1
0.5978805567881306;0
0.2179201909575075;0
0.4296064247827149;1
0.42722333206054;1
0.43729644948991475;1
0.4907778593093836;1
0.35902718010965057;1
0.40777471635746604;0
0.5064911761477333;1
0.3812299135696232;0
0.6706516609695091;0
0.3307205092723672;0
0.4289941828167834;1
0.43226406121299;0
0.31286428176955744;0
0.6462848281695286;1
0.28411385151807944;0
0.559304699669744;1
0.31900562679035716;0
0.4173230442895949;0
0.37323716082206887;0
0.604131749395272;1
0.43951240808354086;0
0.531856269539118;0
0.3506501682464208;0
0.3917360291318719;0
0.416133498489205;0
0.4527583463183894;0
0.49331301098653374;1
0.7214914423617302;1
0.3096024193141621;0
0.32372412115927074;0
0.41603961870030126;0
0.661449683466083;1
0.4312759087700548;1
0.36533879562987154;1
0.41022683544897903;0
0.4019544839616795;0
0.37473700811004673;0
0.8590921382846392;1
0.755032415576934;0
0.41748557259097946;0
0.4260535317631964;0
0.29900740969833284;0
0.532519179713679;1
0.45903825974267093;0
0.49853778890342654;0
0.3720540587358272;0
0.41154483611664183;0
0.40247375260766;0
0.3243618894608662;0
0.3847126757632409;1
0.5970934257387216;1
0.4732287797786387;0
0.4797126463208672;0
0.5178583144288031;0
0.48350602481430577;1
0.59927482932487;1
0.565535951499855;1
0.4579357081203436;1
0.5612546298568905;1
0.46552370679465255;0
0.8208644257068605;1
0.289646259453454;0
0.3615966487259496;0
0.4609070969160947;0
0.3437237098711544;0
0.4399063026728923;0
0.5609410933957105;1
0.5262807965106877;1
0.4560625745887228;0
0.4969654926860679;1
0.274278340684147;0
0.4654408686027903;0
0.5580312296952955;1
0.6483879067351216;0
0.5241409870144175;1
0.4532814527561879;0
0.33864777019963427;1
0.5465087718348859;0
0.33296121959913605;0
0.5111818705716036;1
0.3997078733857135;0
0.6304241325158332;1
0.4516162894803687;1
0.38341539731615215;1
0.2615972730299857;1
0.5391906879202916;1
0.44441077989620664;1
0.27998141120630715;0
0.361981871739491;1
0.27094852464555197;1
0.36502270528986297;1
0.23708486306827653;1
0.4875168233763182;1
0.400333837677444;0
0.3625028466211096;1
0.28028189912822393;1
0.18836694115278227;1
0.30569408354318917;1
0.2720985627812628;1
0.29411035408363867;1
0.301114637803328;1
0.278896896963185;1
0.2141437430240014;1
0.2095423528769398;0
0.14754458868814158;0
0.14916436851262038;0
0.21799293882984186;0
0.18457297036737483;0
0.2170794291626042;0
0.1748950543401556;0
0.161303747528271;0
0.23190093270348114;0
0.23194424707993877;0
0.12824727092094598;0
0.1607609776225632;0
0.34540687645554946;0
0.16619803472794623;0
0.20912040955424233;0
0.20891773972413982;0
0.13819087579565567;0
0.20495890405057834;0
0.27331376223680987;0
0.1986323075286364;0
0.5142929539849459;0
0.4460924344883067;0
0.5852354550264672;0
0.2947532216109075;0
0.43148940375313793;0
0.6449700470355515;0
0.4821780725776659;0
0.198150175708352;0
0.32806957126320024;0
0.5981467259908284;0
0.5713530781213342;0
0.43414710717160526;0
0.5657257014324453;0
0.587479733061796;0
0.555374572963629;0
0.698662591053703;0
0.5916053557280053;0
0.6390657056289316;0
0.3590508303462628;0
0.6362580238199543;0
0.5969538658561128;0
0.6360808381145311;1
0.6888090633179069;1
0.35462461508388743;0
0.4963834597633376;0
0.3572400152830912;0
0.26785990172521923;0
0.5181732996429024;0
0.3985600506857279;0
0.5196098122401883;0
0.20939500528682134;0
0.6702933087579308;0
0.5229309099656746;0
0.39185231501507556;0
0.5723979040470201;0
0.5207388673380615;0
0.5944442963138917;0
0.059879868809153074;0
0.6998625138246217;1
0.7043230624039919;1
0.6950995448861673;1
0.4863118016672915;0
0.9319277455790869;1
0.4700085167437911;0
0.3694978455066835;1
0.6205695260335389;1
0.31756547136302343;0
0.7239187899290884;0
0.625593858559377;0
0.6495972142982683;0
0.591999458560418;0
0.603258242402259;0
0.565706286647417;0
0.7410546793353393;0
0.3580349191868378;0
0.2579017985255379;0
0.4038177547298305;0
0.3172205857987668;0
0.38608588284237283;1
0.3886308718844254;0
0.4033753622196372;0
0.22981755295044135;0
0.256314757202059;0
0.2734884480308878;0
0.3705851559377191;0
0.5016264460397698;0
0.38784081502354595;0
0.4033579784868324;0
0.3065120131016698;0
0.7873494695951299;1
0.7671543556138346;1
0.6885217495797046;1
0.815383911454905;1
0.7320551290269753;1
0.5350665392863739;1
0.702173863335365;1
0.7901122004641723;1
0.7117378985187099;1
0.7985019577848167;1
0.8084951799756772;1
0.7356798575425795;1
0.6769749132258439;1
0.766995606803469;1
0.8351286505226873;1
0.7959363488526352;1
0.6706003502729971;1
0.7033233552100708;0
0.7839847018695865;1
0.3105291830584902;1
0.8132411245435452;1
0.7755112569723868;1
0.7442183510196076;1
0.732600248820186;1
0.6942284301629225;1
0.8010812217904282;1
0.8267648324567429;1
0.828203298778801;1
0.8892166740244409;1
0.6361910251923143;1
0.8100698704579296;1
0.8129866195800178;1
0.8187481194826411;1
0.7279314015956003;1
0.8447078474821638;1
0.8517868248411534;1
0.7472619179588943;1
0.6765180611565353;1
0.6801338983589557;1
0.7777546903956147;1
0.7587584582402583;1
0.6522139598232485;1
0.8049504410946774;1
0.8469948476945153;1
0.4923468747939624;1
0.7509286995978672;1
0.8021279520756566;1
0.8042616190137098;1
0.8752193689251564;1
0.8168655300676319;1
0.6252153475019882;1
0.8246272319935672;1
0.6939678671146594;1
0.8071407961207283;1
0.7639087560450574;1
0.8654730911800953;1
0.7887989809544635;1
0.7055331712180418;1
0.7554136890857557;1
0.7413896020399116;1
0.6053435968008161;1
0.843421365986342;1
0.7197575682255599;1
0.7534257741232512;1
0.6631833941461188;1
0.6883189416903228;1
0.8526346021239973;1
0.8228902727615403;1
0.8240557533381612;1
0.8135970178224704;1
0.7957168495113187;1
0.8756196066638133;1
0.6636157459732429;1
0.7818258485574692;1
0.7866653269226148;1
0.7740702651757733;1
0.7376459736517816;0
0.8145121012642296;0
0.8231570908871862;1
0.7204162265024505;0
0.7533209040456701;1
0.7381748270111425;1
0.7707330481796981;1
0.8038018769334079;1
0.7530511023238536;1
0.7285177603823383;1
0.7933225998452624;1
0.786514252557904;1
0.6981295324595286;1
0.6552176432240178;1
0.8357398910015872;1
0.6995991564880473;1
0.6794004614488662;1
0.7106983405180164;1
0.8027628241010015;1
0.16130137349538817;0
0.1988077576218265;0
0.1955058014972658;1
0.16697263183608285;0
0.20180537856779734;0
0.3391584903244089;1
0.22036797038662748;0
0.23940495105745702;1
0.23848401500601232;0
0.10390680770745005;0
0.11766849661602968;0
0.15070339107074526;0
0.2633748725267795;1
0.27390762121191886;0
0.10796322018443272;0
0.11515916007281474;0
0.1538669429490943;0
0.22792127399169954;0
0.17289343492158166;0
0.2677331324762359;1
0.14123972072045995;0
0.256042211496054;0
0.1508781091329728;0
0.1349530520484396;1
0.14931391245412126;0
0.1977943532737122;0
0.1457147081321714;0
0.14055886444540233;0
0.12343489522896275;0
0.10521700096680273;0
0.27627245330263067;0
0.2176493608268491;1
0.16504990033445696;0
0.16529694529669114;0
0.13007602049012534;1
0.20682825240001668;1
0.1639619396415523;0
0.18554444126803402;0
0.1549675565595744;0
0.7386232440095977;1
0.5188969272972813;0
0.660021936664084;0
0.411196743874806;0
0.6035825994131141;1
0.8219423118449449;1
0.8033198314920704;1
0.5517560668580447;1
0.7666641625631301;1
0.7104361491729477;0
0.7383379429310878;1
0.8293314513572836;1
0.7887955080003891;0
0.8258514638485335;0
0.8005549980012965;0
0.7846301286146619;1
0.4704894449423815;1
0.7691608191498355;1
0.7603846330810965;1
0.7731596026119529;1
0.7241904882960919;1
0.6089027431418922;1
0.8062332824587635;1
0.7524381836731474;0
0.5960475250108938;1
0.7016765290395214;1
0.5135805954944302;1
0.7026708698503052;1
0.4948153162253222;0
0.8191235991892882;0
0.5468574760178433;1
0.772218590491357;1
0.7188129678457673;1
0.764754215440623;0
0.7385427530145385;1
0.8162529762397069;1
0.6816713230605302;1
0.7163618270159463;1
0.8476632802839651;1
0.7011558712026146;1
0.45209859246555084;1
0.16676840225834016;0
0.36498702130856286;1
0.35349331649582005;0
0.3124717436861349;0
0.3229464361114805;0
0.38893896176580484;0
0.1624542749608757;0
0.23461007025721753;0
0.25949672525114426;0
0.23074278501568976;0
0.12718787325393013;0
0.24488622819193354;0
0.1820594979824419;0
0.21872819014619932;0
0.17699333950514512;0
0.5002442596794716;0
0.28763994746776533;0
0.2790791083568106;0
0.3131581822628481;0
0.2770522818543992;0
0.30781305699067474;0
0.27619465690078043;0
0.3659689531936257;0
0.36858928564611637;0
0.25795064723296207;0
0.36042199682587217;1
0.31939860782060137;0
0.1805910666896439;0
0.1642926721030408;0
0.134530600847037;0
0.309544864293344;1
0.3692758589277688;0
0.30747475314090306;0
0.3103625773769266;1
0.4541801101171293;1
0.4182297562849269;0
0.2473424077799326;1
0.3052855486242191;1
0.215219291520997;0
0.24385054460470906;0
0.3139346100710393;0
0.15911136957994654;0
0.20113650284166973;0
0.20402358384648195;0
0.28328134126424503;0
0.19072523446750989;0
0.31736333541932027;0
0.34238206491434403;0
0.2959914087301182;0
0.2134592397764526;1
0.4994097038087472;1
0.3254785434054943;0
0.27914619561388637;1
0.28199175979753904;1
0.3160274054474933;0
0.3147536899866034;0
0.24559697035304967;0
0.2204752919490535;0
0.33734525908394997;0
0.22007520070054573;0
0.2615382740977023;0
0.24320582909340957;0
0.2764924396013769;0
0.2659111938241557;0
0.319760333156769;0
0.23446807985211152;0
0.32455171400466526;0
0.18431479341979562;0
0.3650064503956223;0
0.38672019191065027;0
0.2985208153173463;1
0.3535751953678416;0
0.2395805069082334;0
0.25452866342761243;0
0.21377429515139748;0
0.19608223116757065;0
0.19274355596607332;0
0.132918834042804;0
0.1315913031117883;0
0.3558332017485936;1
0.24987126826672093;1
0.21264263505901232;0
0.228032234197732;1
0.1695451572226126;0
0.43021097273038417;0
0.33608449390250245;0
0.28913343023807064;0
0.16707325613096652;0
0.19767524970028624;0
0.23760125586380684;0
0.49384963623108297;1
0.7319935622953252;1
0.731518167266049;0
0.7906035177945288;1
0.8088926607866028;1
0.7472816972571257;1
0.7892671541406211;0
0.5039707242994419;0
0.6843233135475413;1
0.7281428690034472;1
0.769158201027014;1
0.6289307050126184;1
0.5884867533119656;1
0.7731779319597447;1
0.6942671659952585;1
0.6530285006812286;1
0.6809590346979099;0
0.7811056038099878;1
0.695281908460593;1
0.8649116060766745;1
0.7694147745696672;1
0.713493029394572;1
0.7962572508084125;1
0.5410216212217057;1
0.8454820983779447;1
0.7727192369140727;1
0.6944290410581816;1
0.7085270592868675;1
0.7358275478546614;1
0.7823765405107135;1
0.8156293477439358;1
0.8019301536972061;1
0.6974797253666293;1
0.5796586332794359;1
0.7057156658036473;1
0.6194738800015044;1
0.8289971016223189;1
0.8105823083603749;0
0.8665760810290911;1
0.832896062795855;0
0.8765021636146023;1
0.7134893097313721;1
0.8328096389721613;1
0.5674659347488316;1
0.7618472002575152;1
0.6794823804343864;1
0.7992650225094191;1
0.7370327689669741;1
0.5549421190228607;1
0.7797609297132849;1
0.3725062194233143;0
0.3408718900738519;0
0.5155058579146518;0
0.36736189710418826;0
0.2827542459055207;0
0.32677557376491584;0
0.382324973351554;0
0.4124748443149254;0
0.5623100281147239;0
0.8921706546489823;1
0.6063486501833546;0
0.7954770046251658;0
0.6295862103029563;0
0.39991786401702106;0
0.34489003870120843;0
0.291705223001311;0
0.31909406650478783;0
0.4658510601466637;0
0.16249389498378927;0
0.1580002578980517;0
0.47749044612127034;0
0.19508661574476654;0
0.17806167751964824;0
0.3537150029925329;1
0.45013622821117427;1
0.24236869211586312;0
0.29527921885866976;0
0.36975972401361407;0
0.26625202953127236;0
0.29177812565028255;0
0.44747672245495435;1
0.46362381419057647;0
0.3140283574768719;0
0.39411791921563927;0
0.5996120286738685;0
0.20587339531937265;0
0.4283071037507394;1
0.3078573544763978;0
0.3780059284942647;0
0.35454330648142823;0
0.506800362949988;1
0.4246464638715476;1
0.44024051095499267;0
0.17335735345279005;1
0.14809738742420286;0
0.15398540441138361;0
0.1181400245144251;0
0.21057100190337946;1
0.1639930595064941;0
0.1962476898733253;0
0.1538000739207455;0
0.31475283211786503;0
0.19704658465699695;0
0.23624376933754382;0
0.2769822188687857;0
0.26081940679299254;1
0.294984680426747;0
0.2376019192970425;0
0.2273115133893016;0
0.2668121758894801;0
0.316708624901742;0
0.40161728020360904;0
0.16633645572235137;0
0.24657935269817016;0
0.3123641706422241;0
0.3105740663531994;0
0.3125537944695272;0
0.17341072872541033;0
0.1788924311055205;0
0.2641971139860381;0
0.4427669425111346;0
0.27476309631104257;0
0.18645547462290255;0
0.5147928733628361;0
0.7732807968751174;1
0.6589758987995141;0
0.7991449010801756;1
0.6095002412331572;0
0.8292899865733578;0
0.42719850311554985;0
0.40819821279315277;0
0.5255424319113567;0
0.7222372220182949;1
0.7321474639349349;1
0.735463318764482;1
0.7635492105735121;1
0.7589249278081546;1
0.7071604105194148;1
0.8162514994891227;1
0.8147821815901999;1
0.7541443049589851;1
0.7439273220518506;1
0.7979199896570378;1
0.8359285738474624;1
0.37530620884745886;0
0.6838904870150811;1
0.7461669219851327;1
0.7218337863541514;1
0.7239647098609538;1
0.6503232272329605;1
0.7588161243640277;1
0.749670168803068;1
0.2130288622458019;0
0.3035909827569175;0
0.1996095053603947;0
0.38704492782113015;0
0.1971159732117991;1
0.2628907409469782;0
0.2878388853922225;0
0.17663204244872854;0
0.20190937209157347;0
0.23058997442910104;0
0.2281292734439742;0
0.2587081592595687;0
0.4598365801481712;1
0.22612627610744557;0
0.2835915261297062;0
0.11093739274556404;0
0.24306170554690484;0
0.2516756237503858;0
0.2149982263710149;0
0.3810163087958725;0
0.3640459326325213;0
0.33405444056850164;0
0.18456875370810827;1
0.14294363029156595;0
0.18629680981924934;0
0.2695982759588254;0
0.15029996073698831;0
0.18211577051312103;0
0.38660482419798237;0
0.1881339967675864;0
0.21876058754406316;0
0.23196241227513364;0
0.1777451051571858;0
0.21405897470787344;0
0.11578946251920888;0
0.18458537831509536;0
0.12974331280028967;0
0.18337809861718724;0
0.16099989377001217;0
0.2665608555968032;0
0.224574914737584;0
0.1734114963471032;0
0.2611497622129706;0
0.2999666316213148;0
0.2877706241911806;0
0.3031635941945272;0
0.2116171098612295;0
0.17538425532653001;0
0.2070288698953073;0
0.15235540564429098;0
0.13512999602340775;0
0.16350057947338595;0
0.11520756143940027;0
0.15709636581586345;0
0.22140762811878856;0
0.2314111275023055;0
0.20891386062359185;0
0.1768179561474246;0
0.216216750342046;0
0.27506831285162;0
0.1941112251481596;0
0.193854655782281;0
0.25000510314005603;0
0.2725576239592661;0
0.30537342851531707;0
0.2849964126765965;0
0.1662630391694622;0
0.20794112403083714;0
0.31977048951656634;0
0.503008217178307;1
0.19220293762195018;0
0.3880671759078643;0
0.3148710960270437;1
0.21901569822673891;1
0.7488638457055672;1
0.754117010506146;1
0.5014532581095142;1
0.3919863484945278;0
0.5429964441903118;0
0.5699775127992027;1
0.3716845988239601;0
0.3314882902462661;0
0.133623351706583;0
0.21035259161300068;0
0.21003365576443184;0
0.3633934904060714;0
0.3101719346562191;1
0.1141123726616501;0
0.2536873325033591;0
0.41755167582056707;0
0.4443122513799766;0
0.20350045847427037;0
0.3241433979566906;1
0.2857380456158082;0
0.23153240646211243;0
0.31493549476633953;0
0.2822932631511372;0
0.20688359618279342;0
0.20657655485821083;0
0.28295125626436335;0
0.22396435085808486;0
0.2935522664546343;0
0.3851329070844296;1
0.2965859396155494;1
0.38023055202812717;1
0.3340133942235414;1
0.3666565704536116;1
0.2810962179044939;0
0.2862258499486697;0
0.26158673434454643;0
0.19143338409399835;0
0.20750203625107583;0
0.3354687366479847;0
0.27843198384952594;0
0.3773365681711243;0
0.4367826490604084;0
0.43328534342455527;0
0.400540019741566;0
0.3251102139691185;0
0.42491897121035016;0
0.26577116960590247;0
0.20143525833996886;0
0.4417444498870345;0
0.3344516719885909;0
0.31109720891884385;0
0.37679053247999156;0
0.3225113505191945;0
0.5003077347169991;0
0.3271955452401656;0
0.2304333501877127;0
0.2749900270810487;0
0.36744695957104767;0
0.32777276156241153;0
0.11917249114889433;0
0.2987973592683888;0
0.19922637157781536;0
0.32113753738693573;0
0.36577492579583254;0
0.2923839710775523;0
0.32911331873737165;0
0.19758334920535534;0
0.38610278034268114;0
0.30691609438831713;0
0.26275967486715074;0
0.40399495331284907;1
0.34607696706022734;1
0.4114537588019065;1
0.5869189666788819;1
0.4977316726209256;1
0.3642203933001282;1
0.4131159744330446;1
0.3957628175527185;0
0.3485910396975684;0
0.3897787676457384;0
0.44047385035727754;0
0.43164303844777924;1
0.3401853715766184;1
0.4880115940301141;1
0.3990194757633959;0
0.5837428211404245;1
0.3909691091390981;1
0.3720614941511764;0
0.31555251536928103;1
0.34874498201170884;1
0.4123239391081222;1
0.47800090418410246;1
0.31408647233637393;0
0.37059386978741815;1
0.34313478484641474;0
0.22011379246211757;0
0.36863867553026375;1
0.30991506283152664;1
0.3546819631833113;0
0.35921759014084126;1
0.3443153694984719;0
0.34288232557510173;0
0.2959077780352258;0
0.3448391113377192;0
0.3517625924011601;0
0.2499871054731253;0
0.26041368984890495;0
0.19732731152056862;0
0.42307100507238876;0
0.40022328902820004;0
0.40029227513181787;0
0.45976875172002063;1
0.45085955290738217;1
0.3544111182079626;0
0.26410682535159025;0
0.1821132317459515;0
0.1842768733330874;0
0.19248499715110384;0
0.15671362610422132;0
0.20955855543906807;0
0.2878047346259178;0
0.3373469664342884;0
0.25667339826724234;0
0.17512487474649216;0
0.24268277755257686;0
0.3592028907151653;0
0.2136904357987857;0
0.23641353045507577;0
0.2528375884724634;0
0.5739025724328718;1
0.31757300377296976;0
0.30915588656850235;1
0.2504075100264124;0
0.151480624072335;0
0.18274575524937617;0
0.37798671774599385;0
0.20674308938079056;0
0.17168704555948094;0
0.164397542915611;0
0.20689258456962406;0
0.1753344733995392;0
0.18820686983438759;0
0.1942703132590612;0
0.16004523057062894;0
0.1778010216212548;1
0.1510936855755567;0
0.13316204894975953;0
0.14762432107226253;0
0.14643351214921405;0
0.15282572228690883;0
0.20039453841019714;0
0.21349597246764132;0
0.2599527466534219;0
0.2357668723001799;0
0.18116852296216043;0
0.17951304612168872;0
0.15695863065343368;0
0.18758564927770482;0
0.2029134774445424;1
0.15428507639990732;0
0.2518298039584516;1
0.16205169864873817;0
0.30616016888430486;1
0.1934031298057465;0
0.19135135354418162;0
0.38215718333169574;1
0.2356642670337199;0
0.2960770864800748;1
0.31401936880781167;1
0.19625719235246117;0
0.20764053050302544;0
0.4680170160864765;0
0.47656125573846037;0
0.5820332899232866;0
0.35032664733600816;0
0.24972855257838875;1
0.3442294330609428;0
0.24075390932129792;0
0.48560315998488907;1
0.16606368042258493;0
0.3542037185117743;1
0.44047621457014274;1
0.3067144487483509;0
0.27090009706296647;1
0.38082035936395536;1
0.3065868188734387;0
0.16318357438936726;0
0.4750927937669642;1
0.39956929747723297;1
0.35631924677125293;1
0.4383156314916149;1
0.2246126431502023;0
0.13142423797682892;0
0.20625308832295594;0
0.16941222581804974;0
0.27084836639008514;1
0.3108247162948902;0
0.5566161133139104;1
0.2487067407008662;1
0.18244440613503918;0
0.18059887154640952;0
0.26144262419425573;1
0.26648735586071226;1
0.3049226591594479;0
0.3451771387239876;0
0.44528526934921814;1
0.15959265702399827;1
0.19257407685216535;1
0.27800632639503997;1
0.1624856997932906;0
0.17957727737259754;0
0.21631257390539146;0
0.2096873139581898;0
0.22837048407333535;0
0.13976257434153327;0
0.45254511632842215;1
0.41158867884792255;0
0.419315275960651;0
0.4944640877433986;0
0.17031447250802317;0
0.26749164180083856;0
0.21585582111071888;0
0.20032353560782615;0
0.23826902558090168;0
0.3091737997617402;1
0.20495969565140734;0
0.1736871918368879;1
0.28485247558345145;0
0.29340733740723546;0
0.1146694029280024;0
0.18125999692007078;0
0.1552781255779859;0
0.2201031920219155;0
0.20325819540871332;0
0.2022019959935393;0
0.1904167988600493;1
0.25640786037881874;1
0.16097734549912532;0
0.1962283743123149;1
0.15895632998283318;1
0.13336007992177096;0
0.2067922999666263;0
0.2754490293982889;1
0.2547888274839072;1
0.2795988664660726;0
0.18097698372299817;0
0.17487045736625195;1
0.27543280869394454;0
0.2180787227327158;0
0.2483192387410296;0
0.2853962690700487;1
0.2518920522863232;0
0.23394635065741914;1
0.1853263669666809;0
0.17756729779625902;0
0.316483299143494;1
0.19978247204461297;1
0.23898775485650545;0
0.21000829958649714;0
0.2107813147062229;0
0.1611646227125795;0
0.2195510527927528;1
0.2655353543697448;1
0.18500326704084166;0
0.2855864690181698;0
0.2236802538746305;0
0.26823204601029504;0
0.34798616747986955;1
0.41591044281723416;0
0.17375627460534168;0
0.525843178567986;1
0.2303497796825896;0
0.2032246785369354;0
0.12968215174282743;0
0.18177417972602017;1
0.46259122036763617;1
0.16051228640959772;0
0.2668782783519293;0
0.3303575170947969;0
0.23550785038310643;0
0.15330541778187878;0
0.2857781352759072;0
0.38548784679367504;1
0.2623228944831618;0
0.24418213297973673;0
0.26539781896282194;0
0.29995963099275524;0
0.3664645342112705;0
0.33596001410362386;1
0.2351798055996444;0
0.1597918815967006;0
0.2493260164670814;0
0.26128457907938574;0
0.30738473927256416;1
0.2756280548094106;0
0.3587772717560791;0
0.373171219585997;0
0.28545856308690504;0
0.20038479990132652;0
0.3598875988775181;0
0.2129616319144296;0
0.15264503043706668;0
0.30838384167519733;0
0.25190400016049347;1
0.14055646105101358;0
0.4485342240470394;0
0.19856132117551037;0
0.2614904546784566;0
0.27761252194190716;0
0.2753430642776469;0
0.42482039246254305;1
0.3094292182000254;1
0.15656430226809778;1
0.39744029730939856;0
0.2615925363692237;0
0.19296262295372615;1
0.4294559226866899;1
0.38394173557648537;1
0.3402717732721843;1
0.28767888882455395;1
0.21179613717629567;1
0.1932164160526689;0
0.3174682582374986;0
0.15244849243403116;0
0.21997532415239882;0
0.2965526091724582;0
0.32120834616307015;0
0.3850998464833048;0
0.052832853469022376;0
0.25614315841054575;0
0.7851345312497127;1
0.5128270135274406;0
0.44223890906411606;0
0.4612116470471343;0
0.4366381518194189;0
0.43790825018019086;0
0.5050936772351166;0
0.46693658888522643;0
0.22112696364162973;0
0.40261897158555965;0
0.35042944397841735;0
0.379109415202423;0
0.15822926348880129;0
0.2506064911374015;0
0.2336035067046925;0
0.20538606546731678;0
0.2674317509215431;0
0.21270522194812003;0
0.1488027214139277;0
0.10147090897641461;0
0.22378988101187647;0
0.43081984573310894;0
0.2623628327729742;0
0.34001726451028047;0
0.1287991909197877;0
0.27729707879573445;0
0.24466677726729322;0
0.17077263894122374;0
0.1774710455685526;0
0.2934218181547335;0
0.22955224716706957;0
0.16532144608816207;0
0.18815034368399636;0
0.21942299558779582;0
0.16536083636467072;0
0.2294300924631866;0
0.3107256114561941;0
0.21678486810004824;0
0.15815594956790638;0
0.23775238477724925;0
0.24280599988663548;0
0.2202729486896554;0
0.21894964842182846;0
0.16828220192334337;0
0.13491924433845856;0
0.1577796490170112;0
0.22117614923143217;0
0.2410833647721432;0
0.24467602867684513;0
0.34735592035072055;0
0.16984727281132345;0
0.17847924709505317;0
0.12698988428183305;0
0.24087679503895743;0
0.11740125134131087;0
0.17730902674840202;0
0.2228526813003168;1
0.13864061233735073;0
0.28649964635879144;0
0.28826406824029466;0
0.37348775717635013;1
0.3133823482473447;0
0.5063394759920918;0
0.32973278757630325;0
0.4101717821456706;0
0.42688546195915056;0
0.5657425096762113;0
0.2543321412366208;0
0.23493779162746004;0
0.36995644690928814;0
0.3117803799549329;0
0.3815465423310423;0
0.36142526837573563;1
0.4273743498606819;1
0.42624284570553095;0
0.31247446087493846;1
0.3630809404135236;0
0.41755529738376573;0
0.40963863426411756;0
0.46391920093367595;1
0.4229401496680079;0
0.4105815797555697;1
0.3924682462712508;1
0.6384864059137918;1
0.5309163946859885;1
0.4139493287787245;1
0.4594796658050703;1
0.548337720402961;0
0.41885429940008173;0
0.178064577329649;0
0.1276323360446555;0
0.1097233528780583;0
0.2009053978080115;0
0.20687987497514992;0
0.30406708787521697;0
0.18293343613546384;0
0.1535206611320061;0
0.14212401388095378;1
0.18882579166144733;0
0.5422997739709481;1
0.45929293915455616;1
0.5530931965084764;0
0.39839684741410614;1
0.5092239564911151;1
0.5316000977550217;1
0.6219527730692019;1
0.49971024985543705;1
0.42520879816772994;0
0.5523144699195754;1
0.6073973697574387;0
0.4366325839410515;1
0.46890939778570323;1
0.4661903960278411;0
0.594692108571816;1
0.39326900721523084;1
0.39949036499147295;1
0.5305956111500543;0
0.5674702188833117;1
0.5730722938406867;1
0.39875606575796535;0
0.6120742836746172;1
0.3870959062567924;0
0.5055424388602275;1
0.6195155884049776;1
0.46206749508844613;0
0.4533549452076692;0
0.4805697274129165;1
0.5786959531883312;1
0.4045536413252649;1
0.5016879858788348;1
0.649158523118539;1
0.4199491196413109;0
0.401139539819194;0
0.6257227360815784;1
0.4153925403787319;0
0.4406079816312827;0
0.6010123352268741;1
0.6390295568593379;0
0.41615186311747304;0
0.5172241166725979;0
0.4229396557217149;1
0.27216037315180314;0
0.274323250606318;0
0.22182167362148134;1
0.24915588072932338;0
0.20960963720718764;0
0.16060951602457912;1
0.3043659387276608;1
0.25410793930297637;0
0.2067624651611112;0
0.2112802427922445;0
0.1853644115093706;0
0.11427642055271882;0
0.29706190070892097;1
0.1413440025535295;0
0.211661527652959;0
0.22527238405030528;1
0.44310090556884607;0
0.4903107105323759;0
0.4777598014377315;0
0.5495966089808543;0
0.4145962105245571;0
0.5011775359923651;0
0.5048544632927316;0
0.46591704016096963;1
0.5389551917430967;1
0.5547763615959239;1
0.39474069976378795;1
0.34621770246011097;0
0.1670860679522766;0
0.24453343421254184;0
0.1777068537472928;0
0.3235085782307908;1
0.19648129533965975;0
0.6019291324437179;0
0.41806279893511056;0
0.3167772878806158;0
0.5310917289528726;1
0.34985039404247803;1
0.21940856602216377;1
0.18520315102044652;0
0.4175229401237651;1
0.375320683022528;0
0.82097873912551;1
0.2868055525077828;0
0.5392899324153658;1
0.6256930839181495;1
0.3903077297946781;1
0.3655361307034559;1
0.28621346066309694;0
0.6801364580333815;1
0.48150996411567887;1
0.5879658112641486;1
0.3941967598433612;0
0.6656558395698075;1
0.20511289274961744;0
0.35322555198219796;0
0.280482044299397;0
0.7479366467148844;1
0.31144382156282135;0
0.6169621067035027;0
0.304269340423514;0
0.29881466526207834;0
0.6565681549200798;1
0.27795666184314266;0
0.4361394822847525;1
0.47134967620406676;0
0.28499851922258446;0
0.6656787469097537;1
0.2552791076937338;0
0.4076150936078565;1
0.3047869358274057;1
0.6567559127215784;1
0.16376286215115216;0
0.2911614196939741;0
0.6979809403632129;1
0.5610337215419061;1
0.3042449259019181;0
0.7535400109130163;1
0.44963866432914235;0
0.46336663080841883;1
0.33261752460080074;0
0.6265262147749044;1
0.4221503808497784;0
0.6050773131070006;1
0.5985749418780182;1
0.5956072618595294;1
0.46646450947528556;0
0.45567533877682403;0
0.2820684489953832;0
0.08329417303045587;0
0.5589043144061729;0
0.0012561280884280273;0
0.18916372292802663;0
0.4915339095091277;1
0.6352111891507195;1
0.716251863677033;1
0.7993608103091605;1
0.5710059792201665;1
0.2505801307471844;0
0.5577142960835814;1
0.05168599876644107;0
0.5223577664367504;1
0.3545637569885231;0
0.20072456350603765;0
0.43231709878052305;1
0.35240352826562227;0
0.22460278015028193;0
0.46164930240759644;0
0.13562806675650288;0
0.5156982275860257;1
0.21182195249085303;0
0.3016930179981029;1
0.4336198642030287;1
0.15627605605831818;0
0.5420513104659361;1
0.21164365655955397;0
0.2691899085194177;0
0.3299402606429777;1
0.4037781694094215;0
0.31336125806228793;1
0.1426078468742567;0
0.19744717145187257;1
0.26492562577925133;1
0.2796715844457776;0
0.1648345432519944;0
0.29726629456697323;0
0.279695156707338;0
0.3249131981308931;0
0.13111358822232558;0
0.2461931894431845;0
0.2567965359462342;0
0.07378136278143616;0
0.5132801760197654;1
0.6218048977396969;1
0.33379698242819583;0
0.3115679664332109;0
0.31029721890718787;0
0.40215018814845904;0
0.4158913493737556;0
0.3935287253923343;0
0.40509889481432976;0
0.30262712725534163;0
0.33703739914120884;0
0.12729055960087463;0
0.5135100913984937;0
0.640507624075612;1
0.2878085447010662;0
0.31490358381590083;0
0.41074622454886417;0
0.30811067125284464;0
0.32006545926057867;0
0.2947679922423382;0
0.2971124445491788;1
0.21482162996308155;0
0.3423147506525615;0
0.7048963768704541;1
0.7378299063905239;1
0.453022302493365;0
0.41564038111221274;0
0.4820159676476406;0
0.19282272964077649;0
0.20999822184870823;0
0.16424801434551115;0
0.16235934743128835;0
0.13785463747954302;0
0.32786386391808564;0
0.1834205867695716;0
0.3800392257624299;0
0.3136576761996506;0
0.31965006650237787;0
0.1750977140429867;0
0.17714288247331397;0
0.12995994475528166;0
0.14943276387740745;0
0.1592205552135014;0
0.3184315214126144;0
0.1631830011655194;0
0.25836587149490964;0
0.2763652414197075;1
0.1539336960524545;0
0.15951067063960395;0
0.3697051170915667;1
0.18194475370817242;1
0.6336781933993639;1
0.1610116608989935;0
0.31983380842115755;0
0.1476946400645249;0
0.2977260442273797;0
0.12751759095441037;0
0.11556735533075532;0
0.45283587864605035;1
0.5352106981658874;0
0.45463252852916675;1
0.30310615466161944;0
0.5585266102851387;1
0.48078796189291995;0
0.28020383772194246;0
0.36658988115775615;1
0.4147032421372513;1
0.514987584191913;0
0.6218220506700706;0
0.6793734787322551;1
0.14496899137910144;0
0.11529466063867659;0
0.1888707977403365;0
0.12033335262231598;0
0.14902043086661385;0
0.2741814409735644;0
0.4122760661496097;0
0.2651284685882802;0
0.3004674485156738;0
0.2512182352597127;1
0.21259937050972239;0
0.3882997753927372;1
0.2902163157638569;0
0.19468146710802808;0
0.4439322361861098;1
0.4258598838406786;1
0.18753311212483476;0
0.3038079526060128;0
0.3907672761343829;1
0.10600131624334926;0
0.29855797785596727;0
0.3145349464267749;0
0.41441069248504675;0
0.28157892720301797;0
0.3183043774923265;1
0.34093040198414104;1
0.5088126518694497;1
0.29135895109699356;0
0.37097640319548525;0
0.3099295090048581;0
0.3974033487979513;0
0.45221917870626727;0
0.6826347651311273;0
0.674724274695294;0
0.7651116666080553;1
0.6499106985344676;1
0.20801101118255508;0
0.28192955698541716;0
0.19295828675044746;0
0.24681815906277765;0
0.15534824482594609;0
0.23575147526382376;0
0.23640328117253923;0
0.14872862081202562;0
0.2715002261080448;0
0.43366541911675244;0
0.13659942684484142;0
0.14800406130985852;0
0.18632539286353433;0
0.0817824930790814;0
0.16731313543165147;0
0.15174445281049817;0
0.2506122395787682;1
0.2592394514942887;1
0.37866264744306233;0
0.22022750511368402;0
0.18023448962653557;1
0.16113938629352106;0
0.31026353810882923;1
0.43634589381020333;0
0.28366649543270306;0
0.2100404611130173;0
0.18801666715702356;0
0.2526170902768859;0
0.25793433783680086;1
0.2813412703289371;0
0.4945875705104139;1
0.17956495443061976;0
0.16259447261322696;0
0.21187336377686655;0
0.29509749099464283;0
0.11795871718379851;0
0.13979115618633461;0
0.21419300974369332;1
0.4057114754507753;0
0.29910646921863526;0
0.27346233747650295;1
0.16098252286040993;0
0.22972472891012968;0
0.2538268585113615;0
0.48707180227356556;0
0.3913096208210044;1
0.1918943466904761;0
0.2627333461187782;0
0.3558756665612657;0
0.15690898731852324;0
0.1927202450113635;0
0.17509483692694197;0
0.23787796491232685;0
0.2866619932705788;0
0.14420826240128015;0
0.16398424112275525;0
0.23640360250642664;1
0.2968627726153547;0
0.27604759511669386;1
0.27723107937529057;0
0.3432658179414032;1
0.339257788475336;1
0.38629333944210725;1
0.2809101095058477;0
0.19488817912596337;0
0.1536671569137086;0
0.47975450197280317;0
0.43148562437748805;0
0.4766656967021875;0
0.5279346730696953;1
0.40984968892289053;0
0.4429248196545984;0
0.5476118897315296;1
0.5858949112021901;0
0.4396801004928823;0
0.470069391392083;0
0.3658266087801929;0
0.36556374584598433;0
0.4879644911672224;0
0.39501827713037024;0
0.5407644551355032;1
0.5576608168535645;0
0.5409541958298463;0
0.5848652130510682;0
0.45433189210127;1
0.16649170397589266;0
0.2980390601973114;0
0.15084209000388032;0
0.147838468587414;0
0.2018831464075068;0
0.3276944398371505;0
0.2538912205308039;0
0.2635650178397683;0
0.22797595345560095;1
0.22324689264584618;0
0.21638600460679713;0
0.23568817955303265;0
0.37111551687507;1
0.2458041443025298;0
0.22103682040157446;0
0.21163297135627485;0
0.27632462630308907;1
0.3606738852372204;0
0.4201222349735579;0
0.24038193871718017;0
0.19630635105409128;0
0.25899762219792694;0
0.3911725338422535;0
0.4964294152959165;1
0.2295072082453742;1
0.1943349130825359;0
0.2274069771744454;0
0.309393361629234;1
0.17818271913953496;0
0.20309171876668583;0
0.2469593676528566;0
0.22247840329640597;0
0.15556815815733196;0
0.1678255853343579;0
0.21050249215998934;0
0.20361806728826304;0
0.29761634408987636;0
0.23658147298208948;0
0.1909518120357735;0
0.2635274367042009;0
0.2554489064093391;1
0.3474519697611652;0
0.19296509341785545;0
0.21001240153070283;0
0.2501560134474328;0
0.16762703456014208;0
0.2446295355005418;0
0.18806059666568603;0
0.17191033941746994;0
0.2505138559054313;1
0.3273445636240683;1
0.30562762793000603;1
0.4748361012095367;0
0.4526895402983643;1
0.577616545131846;1
0.38383815954619166;0
0.3571002248923693;0
0.4435570711876204;1
0.4573551797838245;1
0.17626585819888654;0
0.48332457365176434;1
0.4323836934583743;1
0.5220354576288512;1
0.5324516515373617;1
0.5041752604968659;1
0.5461080847046451;1
0.35600366440190034;0
0.38494666548198986;0
0.12058121936139438;0
0.18476880388544506;0
0.1735075087925447;0
0.15149004611409034;0
0.13821790394563427;0
0.1829685215674786;0
0.22821320931811273;0
0.22628209884700504;1
0.3322765530955841;0
0.12862892503482476;0
0.16503664789480701;0
0.1752433914324576;0
0.26134873037083783;1
0.24497896893404134;1
0.12634872728590046;0
0.2676603302099424;1
0.45640033863258184;1
0.15039784269147066;0
0.31902857490313863;1
0.22007652276130144;0
0.3186364686706702;1
0.3890817642196268;1
0.42287115115494134;0
0.4389670584733143;1
0.49180684730323004;1
0.5125576208449291;0
0.30006544294295096;0
0.25767621225643533;0
0.3926805229191188;0
0.24615558784999553;0
0.19935029986611733;0
0.21426251598032695;0
0.14944812255878226;0
0.1878723623279598;0
0.1955960107043024;1
0.13015911758724502;0
0.21366044145661153;0
0.21996728700382948;1
0.16341310248271576;0
0.15505477413355404;0
0.1822196615072952;0
0.2777838776620148;1
0.2031946271406788;0
0.2995753362447431;1
0.19574584846203813;0
0.31158920547677244;1
0.21079904945412925;1
0.22754265200316448;0
0.1675929174201207;0
0.11299229844451522;0
0.23474502212237128;0
0.29998866096331395;1
0.14698932850628085;0
0.1803189678343661;1
0.14685646326493604;0
0.1817073067310002;0
0.3561678453887708;1
0.19809444839611975;0
0.16747454369341844;0
0.2071529719511743;0
0.301498772967936;1
0.1915057198765195;0
0.27661299214008817;1
0.22402505210185752;0
0.1982557874297005;1
0.3297587091788562;0
0.19901774250116708;0
0.21786885133834055;0
0.2780748466906049;0
0.09266923254744942;0
0.19851343003399907;0
0.1566173315158073;0
0.28894065258690366;0
0.20339795887433798;0
0.2523290465522408;0
0.21669647701697772;0
0.29639691172583765;1
0.32371854093179614;0
0.18710982928408013;1
0.27640278238836075;0
0.2884690584547525;0
0.17519378671464766;0
0.29094383391592527;0
0.23538427989418828;0
0.18464077821211147;0
0.15028489368737558;0
0.15414805541699303;0
0.19437015587298564;0
0.24291498449775348;0
0.15410533367120888;0
0.19193285600649215;0
0.2596669268150425;0
0.2697575358454134;0
0.1931589070941051;1
0.15734528662413436;0
0.18066616100327632;0
0.24700226432537217;0
0.24880546939347306;1
0.17711304188297594;0
0.20845166282421604;0
0.2558467542752336;0
0.2694827887636858;1
0.2272489170045279;0
0.34317865668118513;0
0.19246611830010243;1
0.2935388737384076;0
0.18091650737138804;0
0.2705449017933398;0
0.23986471631665604;0
0.19734560966947873;1
0.3771007788218883;0
0.3762347301811769;1
0.1897867509344576;0
0.33883840341713195;1
0.35998999849047697;1
0.35016499452816446;1
0.5609472133244704;1
0.4131613046189457;0
0.24666687762123715;0
0.3551032387698873;0
0.19716856912393338;0
0.3594418551517774;0
0.7299791625841353;1
0.6508615907814845;1
0.439986358745067;1
0.7379507389567045;0
0.7927528116421347;1
0.8191830414854923;1
0.6819738474845387;1
0.6576161676051965;1
0.7302673656150971;1
0.18465915046861936;0
0.35674663744934804;0
0.2368707457803329;0
0.5305361823166106;0
0.26540548234863126;0
0.5098484494261376;1
0.5290276331739993;1
0.42224356556067105;0
0.5287570332392755;1
0.5038820440717623;1
0.5658490690045802;1
0.43739903517397655;0
0.420392950342577;0
0.44460033882530675;1
0.48136273566433085;1
0.5420092386325355;1
0.5243670357416951;0
0.19997982530884295;0
0.1630509812682382;0
0.22424763568919193;0
0.3638528172325317;0
0.7571842461737716;1
0.733341050511142;1
0.6305279822678812;0
0.7005809770939541;1
0.8086186758935496;1
0.6285473142749172;1
0.5557178298584471;1
0.8083347444281135;1
0.7581383254173203;1
0.7864400158303629;1
0.6747910292671403;1
0.75169513808055;1
0.7744169023594503;1
0.5837746435536372;1
0.7449668225648859;1
0.7083689120807736;1
0.6843968198050611;1
0.2451783903455504;0
0.2927257854648567;0
0.5484333052266048;1
0.5699993861734077;1
0.46759244055102306;0
0.6775923739664594;1
0.5300469464899847;1
0.43266814957856836;1
0.46756650767142993;1
0.601709976960302;1
0.4112979707641852;1
0.3024456410131625;0
0.3238354094062811;0
0.18322158164155547;0
0.4071247778445248;1
0.26510685724409666;0
0.3583525793019522;1
0.25070865482341004;0
0.20979662410969419;0
0.21478268421914706;0
0.27207142468657425;1
0.24414987483436376;1
0.2408413395697778;1
0.09440627414381567;0
0.20071059932280452;0
0.1972752242125139;0
0.27566788337559917;0
0.4186165694648872;0
0.2857701515164486;0
0.21642920506285052;0
0.14611324643667287;0
0.4106272009125057;1
0.4346364549597552;0
0.48504256206729346;1
0.5329518518868493;1
0.3963725977334381;0
0.5686692427262293;1
0.4395238481817722;0
0.7019931058130963;1
0.3042135213600534;0
0.3418873474400386;1
0.39171553529221265;0
0.2805721738064931;0
0.43819349927131995;0
0.5219615093437444;1
0.15262452395524356;0
0.14483566452007157;0
0.3054047941361437;0
0.3198183562481799;1
0.3658753050924084;1
0.26661646241966613;0
0.267028277532443;0
0.22042559387241073;0
0.2256525529452877;0
0.14442325499356648;0
0.34980585368308953;0
0.14800957128573528;1
0.16326062801807747;1
0.17131406007948785;0
0.1753915702264342;0
0.15589177290981687;0
0.324829956243334;1
0.26854433500735975;0
0.23207587964977572;0
0.23970636264881937;0
0.46518140640360295;1
0.6670986990807958;0
0.25163239963920386;0
0.4230167100735066;0
0.25998622581554737;0
0.22179012047311503;0
0.22447714980658645;1
0.2017794206675859;0
0.22167226686487196;1
0.17529833297555925;1
0.28911646746768144;0
0.28012546193389504;0
0.22089051137501445;1
0.2423620943570161;0
0.35402888380712666;0
0.2418192147287061;1
0.3861090705973045;0
0.23947345130361883;1
0.2824852888774213;1
0.29264097367435415;0
0.4484556740481806;1
0.47984742762347377;1
0.25169222596062063;1
0.1969581943660979;0
0.3332482898119542;0
0.36110675951477106;1
0.29216206871463685;1
0.2477723343215171;1
0.23534971983547534;0
0.2904547379920903;1
0.29084643478652705;0
0.25799575768632005;0
0.24194226317482234;0
0.20298284355193955;0
0.265565048275656;0
0.3916856229472241;0
0.35102503240734995;0
0.41486985321217384;1
0.26223231783537065;1
0.4202354620556207;1
0.29682802719863755;1
0.34317003705303933;0
0.23410186295584168;0
0.3197321289571713;0
0.31981517383544067;0
0.6259166034203879;1
0.37648252863957804;0
0.196577146017535;0
0.13391619346860245;0
0.17099474697186687;0
0.19993316724806973;0
0.14443576642145317;0
0.11170396755986661;0
0.21790521786902164;0
0.18028977323560072;0
0.29263308647325026;0
0.425986249511192;1
0.20371762864886828;0
0.17221949077693696;0
0.21630951198142487;0
0.21898685796865971;1
0.15946128647563243;0
0.12930115260933764;0
0.1400875347154596;0
0.4022767501398714;1
0.33709948670537665;1
0.16200249403665237;0
0.17118429913174224;0
0.3669867879693542;0
0.2727084994287659;0
0.40578101599273453;0
0.3800600123949083;0
0.3621396564968665;1
0.34160410904710153;1
0.5020151798816233;1
0.5180086704031336;0
0.46949125011320036;0
0.23775376054656996;0
0.18562860627413016;0
0.22595981467953158;0
0.22646151131257775;0
0.16605526424797368;0
0.20203718248164595;0
0.49415308787839735;1
0.3141603474632584;0
0.39731001463550975;0
0.22656761823144703;0
0.3970352062854323;0
0.8859411358246181;1
0.6184946017837064;1
0.719435890562648;1
0.13793949035963407;0
0.24758559219190907;0
0.44640130329220884;0
0.7344258073608821;1
0.7619886137288596;1
0.22293354098902002;0
0.26142706368093965;1
0.2637443511175462;0
0.2273767844169736;0
0.19238292062206414;1
0.28675144171389616;1
0.25534078061654253;1
0.19955294538754212;0
0.17266919131052924;0
0.29084526239792124;0
0.2982030608463633;0
0.19400141357849346;0
0.1743282959800142;1
0.2642494750576175;1
0.13491435526491682;0
0.30975052534720116;0
0.18881869012847455;0
0.38946278103552817;0
0.20805543789822273;1
0.23861023444764676;0
0.3300580869086109;0
0.22095889998533993;0
0.19375982384935914;1
0.30116132789847533;1
0.37629539862336314;1
0.16438764029635658;1
0.258993951302425;1
0.41139534040716746;1
0.5024492372241056;0
0.41189444081245313;0
0.5214824170785501;0
0.2679780708990708;0
0.1707723220888488;0
0.2667124216260204;0
0.15048419716082634;0
0.2470078884979698;0
0.2446295080399755;0
0.5297103525807229;0
0.2086739075280041;0
0.20462553339595824;1
0.32299748765531683;0
0.3116861711668143;0
0.6604204939796869;1
0.7874880109484016;1
0.6518790357905189;1
0.3938455403825171;0
0.43850076246219893;0
0.4027848264751271;0
0.5323434838386845;0
0.35867298100995365;0
0.27711007709092;0
0.2357152207175751;0
0.13181017478587206;0
0.2281856986712227;0
0.40887147269368435;0
0.2409504141638378;0
0.2303519239919651;0
0.20559824334799587;0
0.1296176920033596;0
0.23934705342019594;0
0.17370776722911188;0
0.1800980528622322;0
0.19733287272260197;1
0.2418564616083279;0
0.2271108413633431;0
0.47396528362099094;1
0.1757241298259175;1
0.20840734965457144;0
0.4678014617348759;1
0.37517100138204784;0
0.2582111944692966;1
0.2690482750748367;1
0.2906728769957966;1
0.2630639206216841;0
0.3481351386143979;1
0.17168639312150763;1
0.2763596932470975;0
0.25681573102517297;0
0.22749862263772497;1
0.4919421486464113;0
0.21371830782266815;0
0.19564200664208561;0
0.21925807934226305;0
0.2512924959790042;0
0.3166972380085869;1
0.2775082541066923;0
0.17495761742251695;1
0.35193599275036624;1
0.217498367219604;0
0.2267170702532442;0
0.160448367341157;0
0.22659841884800988;0
0.289190530617223;1
0.2786712328694711;0
0.24780566366877646;0
0.27750137966482147;0
0.21199566428585462;0
0.21913772626274663;0
0.5315376535316432;1
0.4613227794521076;1
0.512588111920976;1
0.5817799674258637;1
0.38035159573326865;0
0.48336646194563193;0
0.20077191936835573;0
0.09517014848697022;0
0.18208626755607787;0
0.1655686735429243;0
0.1753629661017576;0
0.2018380503052117;0
0.21600082505544788;0
0.14377624819102516;0
0.4454725317040733;0
0.38352950715270917;0
0.5147751871201319;1
0.5359834033771163;1
0.5434067836324217;1
0.45073924240064045;1
0.6360221411863801;1
0.36664156776168433;0
0.2652567262167309;0
0.4641916226548772;0
0.23732333659436014;0
0.39152438696574177;0
0.48136315655037176;1
0.25867826179643466;0
0.49866121183728523;1
0.3959085764431528;1
0.25180095297729127;1
0.9238556609331339;1
0.23260889183742708;0
0.5324593962386378;1
