pred;y01
0.11418040172034435;0
0.17053839377368957;0
0.09295827970252764;0
0.11401001404583566;0
0.400794391882598;0
0.23590490692908597;0
0.17859555160911256;0
0.2068897453003577;0
0.3559183767701495;1
0.10792156669304366;0
0.13312589029649302;0
0.2548841894591228;0
0.21196763587828163;1
0.2524861119225725;1
0.16418603836798085;0
0.20998440583380285;1
0.20956930344342126;0
0.3356412461315945;1
0.23684590259141167;1
0.14354873977729118;0
0.15636589788709682;0
0.18291321041567538;0
0.1523646482952605;1
0.197077806255625;1
0.14141976366660855;1
0.1713420167843696;1
0.18636385640236044;0
0.2802106934351622;0
0.43861823574561704;1
0.25195945410551013;1
0.24945627217801913;0
0.24620907772603895;0
0.23123832297395788;0
0.35306057916292777;0
0.30362922749228577;0
0.32407082001344734;0
0.32054201462523935;1
0.35708958252248807;1
0.2718851423597135;1
0.2733089378258778;0
0.32639611037694766;0
0.18776698573215708;0
0.16939005874258814;0
0.21311922046295845;0
0.32118268826204965;1
0.3206601454810524;1
0.3617940887429455;1
0.25150154590858914;0
0.3522450900909185;1
0.23697442432418767;1
0.25845588152897975;1
0.3573274777254002;0
0.23459403915220148;0
0.2631665387182655;0
0.31857682370168344;0
0.43770490744917656;0
0.32125958357146517;1
0.14357942182107228;0
0.25261785810576;0
0.33370025586877694;1
0.4866799286588767;1
0.2413522508195139;0
0.1702420731265619;1
0.3081931274452887;0
0.1587129105084179;0
0.354193795506495;0
0.18815255444494888;0
0.23885434661040436;0
0.1918760237915678;0
0.1359075062761283;0
0.14550024330763042;0
0.17232927957001204;0
0.14676624085912574;1
0.20037781281829115;0
0.3279098442887016;0
0.33289488725469435;1
0.23653179236259403;0
0.24075493181968727;0
0.3295454835846235;0
0.5764710888396256;1
0.22171077975511386;1
0.27942233174769876;0
0.5771928943460787;1
0.2801313613375465;1
0.28284407531546096;1
0.1974418220698847;1
0.2905727477030753;1
0.37254548517526226;1
0.3431812510529641;1
0.24761622637900998;1
0.463084907555363;1
0.2287104582188642;1
0.5331315744205211;1
0.26915540600972526;0
0.37562783112873566;0
0.5677018977856054;1
0.42402481815024984;0
0.3251112456883194;1
0.29679195519340856;1
0.42930432123153767;0
0.28923580954666384;1
0.39047972686332943;0
0.34744792153873444;1
0.2642678584987308;0
0.3480449178164482;1
0.4674992716293323;0
0.32405312270813047;1
0.4329620258468906;1
0.19627956575851954;1
0.36013597434021144;0
0.4995931826988371;0
0.3475447902133232;0
0.46282622471417567;0
0.29387625349062557;0
0.08357997897708166;0
0.1281243128219773;0
0.5271147737245031;1
0.26584318755138464;1
0.2715505790287784;0
0.2679386691946851;1
0.4066394636729271;1
0.3678424539346641;1
0.3147095839997106;1
0.3335473927612856;1
0.30633416472738373;0
0.42749591070138615;1
0.37340941359796137;0
0.2589431893971136;1
0.23133636068620586;0
0.3685559422219682;1
0.1633284860255212;0
0.3933499770502287;1
0.393294746389611;1
0.4288696249489077;1
0.42923388191465905;0
0.39964157831747976;0
0.18244368910783848;0
0.11684593379060251;0
0.130645600246095;0
0.3709639096903862;1
0.2647054217703585;1
0.3565063559736612;0
0.1819228045700099;1
0.20824961099032854;1
0.17051801879139628;0
0.32459139148183147;0
0.13978375659683867;0
0.29944563734122304;0
0.18403290257190974;0
0.2887334076957001;0
0.18170784877427515;0
0.27970823759635355;0
0.20103120701982263;0
0.27315565483159415;1
0.4828027763576537;0
0.4006612370776085;0
0.4341398598525677;0
0.13206789267555646;0
0.05770366182902661;0
0.08507297696838094;0
0.07653296366562595;0
0.108905030019951;0
0.08782196243755115;0
0.4362680305481693;1
0.10794141493467392;0
0.2955099844439172;0
0.5238345279627059;1
0.5005395165150964;1
0.5355293097231609;1
0.39342530611025023;0
0.4791197809373424;1
0.3815165574591084;1
0.463237175500223;1
0.3787530396162431;0
0.5161315380808487;1
0.4421568576641959;1
0.5302325471892302;1
0.5237137039830204;1
0.4858887485099252;1
0.43308871809886823;0
0.3948337316267177;0
0.43964656697161036;1
0.4607173750228225;1
0.4875349423123888;1
0.3482580200885517;1
0.3059983690646437;1
0.3268141652214044;1
0.47795842558680657;1
0.5603626943036227;1
0.48163306710975384;1
0.4735436273151353;1
0.45245578867074693;0
0.680744338882668;1
0.49742664529984876;1
0.4519055629529785;0
0.38467786805037807;1
0.7347512510837915;1
0.8024582564836797;1
0.5990019176270408;1
0.6255246987307739;0
0.4758631315585808;0
0.5296368342307621;1
0.7265985579206756;1
0.4504580551250686;1
0.6309688707292546;1
0.3641742428000565;0
0.38592910462600527;1
0.4849443185096815;1
0.27216291171017504;0
0.3884107022781195;0
0.2565267551290712;0
0.10599003322530309;0
0.17244628380319266;0
0.11557356688123557;0
0.13511246525644804;0
0.19401009609878825;0
0.17968428090717672;0
0.6284716177115169;1
0.33504037725300434;0
0.19145957576162262;0
0.23724251684145684;0
0.19144654643396658;1
0.48258562252394793;0
0.15367773916251853;0
0.26606576238301594;1
0.2490892315786474;0
0.25729058262106796;0
0.21947161587326153;0
0.14887103312012137;0
0.4025378428470227;1
0.1915796276801927;0
0.2892505540855486;1
0.2942314581626761;0
0.274663161836534;0
0.31255507675255145;0
0.33813500067933633;1
0.23086316745020166;0
0.26289588784526385;0
0.31946051727583075;1
0.20987182864192788;0
0.18058730191339328;1
0.13213314746264465;0
0.08625431601710079;0
0.372839088845121;0
0.3282790413748864;0
0.10878203904322116;0
0.24473931026821913;0
0.14452610075939015;0
0.13633796465483666;0
0.11355486838559757;0
0.22079780199460647;0
0.24122593262870373;0
0.08672716335855661;0
0.16778781500624004;0
0.27919560426593265;0
0.26690443972312405;0
0.18004608504177835;0
0.13732532900939223;0
0.1666662587119066;0
0.1693126842043342;0
0.13623888098577955;0
0.10290083659774597;0
0.1976128719819004;0
0.19055365638338545;0
0.15502752162366054;0
0.2335120314774782;0
0.10846204712399767;0
0.2651100244026677;0
0.2517449124465672;0
0.08679598438092112;0
0.19875162810619446;0
0.13302612783800302;0
0.12570760715821647;0
0.10015454004453957;1
0.310659039735642;0
0.13350022209294332;0
0.14748296783715673;1
0.22378543647082577;0
0.25861169365571207;0
0.1592789171204937;0
0.26820148312434827;0
0.3559060964938481;0
0.2448376939805233;0
0.24563144696849892;0
0.30226496928992963;1
0.37900234724134196;0
0.2587130956653413;0
0.3340918160233891;0
0.16464068884449004;0
0.12395574902399566;0
0.14008288773053418;0
0.14016414203571068;0
0.22610920747111887;0
0.1698668349315232;0
0.4018260572798218;1
0.4190895664443429;1
0.11596446327155228;1
0.21776097136334494;0
0.18087222767591668;0
0.23653320631590455;1
0.24170989528249226;1
0.10875716526075233;0
0.276168902271239;0
0.1885895029925941;0
0.08875158715910347;0
0.14885854464966455;0
0.15356793573774466;0
0.17013342859431277;0
0.22451111937581608;0
0.2954583859224643;0
0.22628173771100524;1
0.3183598546299983;1
0.25564832449195163;0
0.25572931261123183;1
0.18859589771543148;1
0.1262099684881625;0
0.13984784523806543;0
0.31614543949260976;1
0.14584439326741483;0
0.17040666568257715;1
0.3205256504726718;1
0.17163532899748063;1
0.20633256120351767;0
0.24319426018214535;0
0.2638573837761252;0
0.19989789268960612;0
0.1685439917019034;0
0.09438342457076333;0
0.17895972716397665;0
0.3792841785507847;0
0.2641200981013077;0
0.10711517013831628;0
0.16463048128965996;0
0.21867036263276782;0
0.12270102690196691;0
0.1694881078197974;0
0.3846141934222898;0
0.20236484574175273;0
0.297794877553017;0
0.19305085502620256;0
0.1781297377538292;0
0.24057170577522397;0
0.1923194217330535;0
0.11446551732642267;0
0.2371034719248408;0
0.2105428427745161;0
0.1726082382612505;0
0.18473491392009186;0
0.1678595412100795;0
0.28426459502251905;1
0.12206312030101098;0
0.14350290884616318;0
0.1289008007702277;0
0.1862740532995137;0
0.21715523212049936;0
0.22652872754816036;0
0.12287008904611642;0
0.19906061517194032;0
0.2799867028498596;0
0.16678827029007623;0
0.2142649675546932;0
0.12214199006072014;0
0.19367708496638267;1
0.13154260639471185;0
0.17825013122442165;0
0.2123769564103376;1
0.24518812945009533;0
0.13842490788743572;1
0.20190690273042455;1
0.12386608529568247;0
0.21315684772989676;0
0.12642605241861177;1
0.2507696874429355;1
0.14012223149864708;0
0.30910729941448684;0
0.1680020648680014;1
0.29734602094340373;0
0.3890033665588611;1
0.14156599109109452;0
0.11281367617936226;0
0.3617593337180912;1
0.43104985491774583;0
0.47729980237721614;0
0.2459690025469954;0
0.5468792977545354;1
0.6091058966918494;1
0.6269395857401002;0
0.34331657745010985;0
0.6242612893766373;0
0.7000295080201286;0
0.6175118200931681;1
0.5505115651335428;0
0.7473822001891404;0
0.827875252734915;0
0.583235277026886;0
0.7469557403177954;0
0.49908152117892174;0
0.5873835644059383;0
0.5097012691005658;0
0.35740471595443035;0
0.4177244533394154;0
0.3423085758041155;0
0.6352121503689641;0
0.5826629923589971;0
0.3925383492843853;0
0.6409895873358087;0
0.6243471147940499;0
0.49814108885702296;0
0.4702250342455197;0
0.27689921845510823;0
0.2322917529547367;0
0.30520727782057444;0
0.3141156083684692;0
0.15732375515640176;0
0.24701045750808423;0
0.3028126380813819;0
0.32385059246595443;0
0.5772876386239238;1
0.16762152616909043;0
0.21565481773810546;0
0.2729141412621609;0
0.3449499608825701;0
0.3659480188248305;0
0.37348511231682247;0
0.3081880476097529;0
0.4626768332505286;0
0.2659349824864943;0
0.35293783537715706;0
0.4282806075685156;0
0.49581561851344497;0
0.41598331351540846;0
0.3025721693716885;0
0.38265416526987917;0
0.34338828819024725;0
0.4354818855283135;0
0.28609485355665104;0
0.5050045267650666;0
0.23763012244446552;0
0.30578896760440216;0
0.08544559862570573;0
0.15540357214427647;0
0.1330792345487757;0
0.13471225492460698;0
0.14088451494346982;0
0.13438906437834858;0
0.10978235783505373;0
0.1377454665089242;0
0.1209339098865599;0
0.14804180843122994;0
0.19388483623129218;0
0.1739953659192211;0
0.16917244604940626;0
0.2513096734774595;0
0.11643474081876778;0
0.10785531794688304;0
0.22856700675317201;1
0.1929340652617988;0
0.2194476750917344;1
0.24630423825136422;0
0.10456263772506691;0
0.1619944048468582;0
0.046895073484411756;0
0.21116735345397902;0
0.11125674669347536;0
0.1248781642592395;0
0.2704071660686282;0
0.04312331582360657;0
0.09420300418957737;0
0.1927104236781253;0
0.09169217324561289;0
0.12760812644073014;0
0.2882485089434619;1
0.2247645731981426;0
0.2504273512631633;0
0.16880443891590696;0
0.2819714780031379;0
0.31124525577318946;1
0.15422009696932737;1
0.14940794729507148;0
0.3429569325123092;0
0.46289302767593926;0
0.0802063227053637;0
0.4635923569886396;1
0.2416303057247932;1
0.2315351805985978;1
0.3254719577138526;0
0.10216273607058653;0
0.08653580057526422;0
0.1389736976874493;0
0.19989203895713578;1
0.30305381894936345;0
0.15016133526808167;0
0.15623132239608756;0
0.17323430015883567;1
0.12947978967507162;0
0.11149944947417194;0
0.21475114985914728;0
0.12930475332442118;1
0.11213297053587563;0
0.09096350760882968;0
0.08726087578380913;0
0.2157839744730804;0
0.2264704243707451;1
0.14663823732509917;0
0.19947073380290745;0
0.21883660690816428;0
0.183447504041032;0
0.32573208613634064;1
0.18605527884741602;0
0.38680395552361163;1
0.17246990753151864;0
0.12163849735946687;0
0.11465776318287141;0
0.2771183081217676;1
0.22469098541205693;1
0.1304786756699866;0
0.27072493625471145;1
0.10844083679566739;0
0.8676529389157734;1
0.7543419787869973;0
0.7938324188522243;1
0.695309729540901;1
0.8269056201401361;1
0.8170688939582434;1
0.8289683255505881;1
0.7465802721432874;1
0.8244765073284773;1
0.7363304911855754;1
0.7227808447476382;1
0.8550128714114721;1
0.7786741271415962;1
0.7996200100205647;1
0.9001867943646482;1
0.7003113590165687;1
0.8159486513520088;0
0.8338498634279768;1
0.8195797776032158;1
0.7630093844372033;1
0.8026313715915929;1
0.8227899366498638;1
0.5204754619036301;1
0.7706257004391791;1
0.8438084677095095;1
0.9223189729304175;1
0.7879012860259158;1
0.7026548774448349;1
0.8768435978124784;1
0.8988933790522017;1
0.8012338709119342;1
0.860865385920926;1
0.7209242632881669;1
0.8267880900389405;1
0.511468586400442;1
0.8088230243818286;1
0.7582131071897946;1
0.9213080326615135;1
0.9211438074167811;1
0.7890939995617554;1
0.808646153063992;1
0.8852423525783536;1
0.798219752268879;1
0.7109087500074802;1
0.9316607873466433;1
0.5891755955372242;1
0.7948855569384011;1
0.7154742896083037;1
0.8017290281593885;1
0.7649080800692518;1
0.7784880903817892;1
0.81546769710891;1
0.8630824206649946;1
0.7905272703215457;1
0.8134802993145854;1
0.7128456740862547;1
0.5883626368410364;1
0.6613449533830196;1
0.5782729295562108;1
0.8472384493143591;1
0.7853556112004657;1
0.6544791496898733;1
0.800156715985839;1
0.7173015565426227;1
0.8870095958183686;1
0.8799386528739712;1
0.7416780266342908;1
0.749972248017919;1
0.5724301708280628;1
0.7579544090120414;1
0.868524526220928;1
0.5747525740220963;1
0.7085180681884752;1
0.8958943564032223;1
0.22437821105878586;0
0.23149137457632252;0
0.30449816676447833;0
0.08974838050321303;0
0.11658014657318465;0
0.2620375666150151;1
0.38280979311674695;0
0.10839837198815844;0
0.23556728790483047;0
0.1807803919224517;0
0.2752422236210122;0
0.07102982462911701;0
0.7354200387667397;1
0.7181774337934808;1
0.8146862398615153;1
0.8437483012181125;1
0.565495677294661;0
0.679699404097272;0
0.669487637158617;0
0.7156808745295162;0
0.6664094454143495;1
0.8669836313009857;0
0.6553343088843965;0
0.5086887488028085;0
0.6728622801815994;0
0.683236560760729;0
0.805358470001779;1
0.6803017258608757;0
0.8516340045389685;1
0.9283634750547936;1
0.7587193903100975;1
0.8573501355552273;1
0.7623732110088188;1
0.8050677067501325;1
0.7117190755121715;1
0.9375768718746983;1
0.8675618586924358;1
0.8433170316836062;1
0.6050811305342386;1
0.7442483422262113;1
0.5044160946158623;1
0.9105387443891554;1
0.8814176629147576;1
0.7294485100475393;1
0.7180695120047625;0
0.9087757370870453;1
0.7045330590805235;0
0.8440161783982827;1
0.6934096532160581;1
0.250895094817566;1
0.11242218817621029;0
0.32398887831004913;0
0.2469618428903945;0
0.29931342976976294;0
0.25488332216913523;0
0.3758752887998431;1
0.15766409341553683;0
0.1393219575884367;0
0.15175220709228723;0
0.32765034066874843;1
0.14175008128963404;0
0.07695772721753122;0
0.09809914026800097;0
0.2246162398249314;0
0.11808249143778929;0
0.13034815529899077;0
0.19026732903612148;0
0.209840342796987;0
0.16086631640884308;0
0.24267142556655907;0
0.22687334810061735;0
0.37175627322034455;0
0.5940671860555828;1
0.4750653504700488;1
0.6106626808888891;1
0.42314473380785056;0
0.2842122855473228;0
0.31410426275512643;1
0.5339128895535393;1
0.2847294503325192;0
0.4488445132971535;1
0.34311269271142364;1
0.28177635886333585;0
0.4918391578392047;0
0.3514160093590348;1
0.16635626457621108;0
0.47161294834722306;1
0.4016569664652691;1
0.10174232749774288;1
0.38027839239568545;1
0.3544086672537515;0
0.29895213400256676;1
0.23737319749859107;0
0.31814466932192564;0
0.34828695710091717;1
0.30724411519088074;0
0.30393407056975347;0
0.331904488173151;0
0.31613622400579;0
0.2708055442498813;0
0.4574697291103282;0
0.2592020586466826;0
0.32607601909020134;1
0.4539462392382605;0
0.37055046603063235;1
0.3091272993697044;1
0.48794751855781543;1
0.4913009593615981;1
0.5280198582249234;1
0.6462671206342426;1
0.3569341814769275;1
0.43108111436814606;1
0.30031416134730454;0
0.39279352509010457;1
0.4282183197789539;1
0.4120565626522581;0
0.40670334010774456;1
0.36646054131502453;0
0.269074467740976;0
0.35483759638199264;0
0.3883238131262768;1
0.22195541257768575;0
0.5594942960518935;1
0.47704436364418645;1
0.5147519257210175;1
0.3971142799917063;1
0.39612650738063865;1
0.34505137027929195;0
0.4601188712826946;0
0.6123792750534427;1
0.4012860723515463;1
0.4030162268675749;0
0.3159208750500582;0
0.3633813712860196;0
0.4645519404871468;1
0.3823329830038973;0
0.33938136405803054;0
0.35458676069233463;1
0.36079469535104225;0
0.31819965173373616;0
0.29192449496726086;0
0.3693038415012934;0
0.4375660084850909;0
0.5218376694771714;0
0.4314174674552317;0
0.38954160339457944;0
0.30922495844611997;0
0.4121436719943571;1
0.28754575496811774;0
0.2947742858858705;0
0.3824936335999815;0
0.49972402803100074;0
0.5039841739311519;0
0.39917712126121224;0
0.35992949214980896;0
0.25456790800954193;0
0.2958480100610482;0
0.39989184642293435;1
0.4528744797273178;1
0.21363136372974093;0
0.2743852246885538;0
0.32696351382099836;0
0.3325024723307201;0
0.45401841506998325;1
0.3539147984427365;1
0.3981316957598718;0
0.289449485545051;0
0.53357850723755;1
0.37875016244481635;0
0.2797853459268718;1
0.3055536658792755;1
0.32168306221445697;0
0.3310135189802566;0
0.459771196268728;1
0.2911410863312903;0
0.27467293869701237;0
0.2587875238077004;1
0.4054207383316154;0
0.338188936996804;0
0.3683595017785514;0
0.2505840500497887;0
0.37967827971390206;1
0.3655203775041737;0
0.3018785969925068;1
0.3662597832536479;0
0.27915908668550743;0
0.08200991321305749;0
0.3479452834664167;0
0.16318723177573188;0
0.11052839798540262;0
0.24149138445198187;0
0.28488191419999265;0
0.23958338923410952;0
0.3540348038847911;0
0.21282991973884863;1
0.43193981083846145;0
0.18915301004160506;0
0.38633639811713855;1
0.1661705162947648;0
0.29573098414271326;0
0.14393655564571162;0
0.1407836920712303;0
0.2800781425060026;1
0.12190800090928781;0
0.08756316913553952;0
0.3322493899634176;1
0.22917680067447144;0
0.24053247175095777;1
0.2974660196443794;1
0.31036108878890833;0
0.18115737701874515;1
0.34969472853979583;0
0.19302305217927632;0
0.35955206078234375;0
0.14312874847463444;0
0.24274277299095512;0
0.26299945219610965;0
0.227087199817317;1
0.16201450849633037;0
0.20020938920323345;0
0.40611431969133094;1
0.24205331380737852;0
0.21170762920917;0
0.39530220834488794;0
0.22927792232784508;0
0.44655142898444156;0
0.16688761475315014;0
0.13784034012284863;0
0.13259652842683572;1
0.2695013446122864;0
0.12147997999782453;0
0.2652464365282291;1
0.5285733703450586;1
0.2218732041921175;0
0.16864375614836383;1
0.27146125525160036;1
0.20837318016038653;0
0.30425417784296266;1
0.26783850962716244;0
0.6502628464253245;1
0.3417053236632652;1
0.5968730601645073;1
0.5786421517844434;1
0.3504857213345087;1
0.4777749646245099;1
0.3550679384926905;0
0.5031960241468731;0
0.3245971314021631;0
0.2998316301367268;0
0.3356501068486468;1
0.5995307015617519;1
0.5371511285041952;1
0.5674101536282528;1
0.5766220442861817;0
0.15421048469902898;0
0.41180036787723195;1
0.515548360098201;1
0.434516597530403;1
0.6132498820412859;1
0.2985393530706864;1
0.36857253373421395;0
0.5735395308800673;1
0.3606151149027788;0
0.2888360822385432;0
0.2843208252612099;0
0.4923257251151571;1
0.3245066275903228;0
0.24863327599277532;0
0.6761743358669041;1
0.2150186225438324;0
0.6560715265925535;1
0.255232207663575;0
0.36692805325725164;0
0.4207257548915822;0
0.49498961436980243;1
0.38654307105906704;0
0.4736637673447852;0
0.2807350133434207;0
0.3581052870481752;0
0.4222393222602094;0
0.497642634172854;0
0.5163514072459189;1
0.7541546223541837;1
0.29395813608787946;0
0.2397780737759937;0
0.41355598265573434;0
0.643825753126445;1
0.34023221437322604;1
0.4108576797680139;1
0.457302381754177;0
0.3890321345925866;0
0.33183440487107907;0
0.5523276315003415;1
0.35576095426630433;0
0.4220311356806671;0
0.40345735506728636;0
0.3206259068098646;0
0.5928037748810449;1
0.3646980716428525;0
0.4772288959118767;0
0.3453499134787807;0
0.4478762743039277;0
0.3655133226863535;0
0.24967589611614824;0
0.28587039439180584;1
0.5923102470823703;1
0.4430846197961771;0
0.527431108280052;0
0.44783942888818995;0
0.46269171271609566;1
0.6502798769425983;1
0.5905607434910698;1
0.40718196662697426;1
0.6082503510069273;1
0.4725103168906632;0
0.8810981132337664;1
0.28372253977501294;0
0.31979938710711475;0
0.46407391950120475;0
0.31431567740640165;0
0.4532140846335412;0
0.4703786203811551;1
0.4676165524483221;1
0.45071329991005;0
0.5348183234798568;1
0.19970483576676096;0
0.4039701473163998;0
0.5273536498394015;1
0.6400453816738115;0
0.559380096138907;1
0.4344107377472246;0
0.3879563563771687;1
0.47177633719848255;0
0.361591251535701;0
0.5718595924925718;1
0.3727416609042415;0
0.41110980316402107;1
0.5490729521970892;1
0.43227772163210376;1
0.28092186410610037;1
0.6651461486762279;1
0.5230452099243126;1
0.3394159323788223;0
0.38270574914568106;1
0.30481724694953494;1
0.4823158800451645;1
0.15912242000426874;1
0.5737431452358892;1
0.16897863575937677;0
0.4107219828495142;1
0.29541949738495166;1
0.29237515133632486;1
0.33601489715188365;1
0.31235142898321205;1
0.3147834136656304;1
0.34647606503184586;1
0.2559795999049323;1
0.23360867080547493;1
0.144285865647193;0
0.1695264772266657;0
0.15993246516967433;0
0.24577669830947807;0
0.19882781328396146;0
0.22071456388463076;0
0.10477266365925794;0
0.08182677450874683;0
0.21994707200461192;0
0.24122647612898415;0
0.09508871028624949;0
0.1638431743274792;0
0.33110354488692684;0
0.15757395965741783;0
0.235447931278724;0
0.20138827744663046;0
0.10564447426371015;0
0.22841332721840082;0
0.2652346364629809;0
0.18341609534742898;0
0.3956945317176882;0
0.29003359241056614;0
0.48637147700087197;0
0.27911522995061916;0
0.43667018441342864;0
0.5746306433421797;0
0.41461084204122156;0
0.12209468208052282;0
0.21829130497694568;0
0.5493818583736785;0
0.44687565283316505;0
0.31108283580846446;0
0.4565618040593607;0
0.5882666249810099;0
0.6168746460653036;0
0.7047757758544073;0
0.48190887378680436;0
0.5742883339920849;0
0.2934928200010216;0
0.5688871708979605;0
0.5351294263395727;0
0.6387653167069454;1
0.7254573887566266;1
0.2665532989152372;0
0.41946805734625525;0
0.3374088597404289;0
0.26331792236423696;0
0.3565999584566951;0
0.3121836145029682;0
0.33695082798453535;0
0.18734065506953376;0
0.730424036234342;0
0.6140902501494352;0
0.2863090312946116;0
0.5102039600908806;0
0.44341822302588774;0
0.5315430080323404;0
0.11732654858442547;0
0.7570047447432644;1
0.5800070848642044;1
0.6775408829902327;1
0.4595564996394002;0
0.7619708268419267;1
0.34408188718952887;0
0.36179941560423307;1
0.6554645016201474;1
0.17611678466856;0
0.6249172888952204;0
0.4674935892633359;0
0.6308715362517199;0
0.5727195052163604;0
0.5380595946708021;0
0.505300706397566;0
0.7233208616622419;0
0.2870367790070648;0
0.2277774717789094;0
0.41109671562251193;0
0.27764817466983915;0
0.35136214214339667;1
0.3452716617591586;0
0.37632846248543533;0
0.24526922949344965;0
0.23376154742084482;0
0.29519406449970753;0
0.3845822297680448;0
0.3621029512085511;0
0.3966540727998485;0
0.34692815598213833;0
0.2818862579821259;0
0.7767872484424738;1
0.8007949067208325;1
0.6495505363456857;1
0.8534867172778704;1
0.72495702214763;1
0.5574780855924908;1
0.7782541764685643;1
0.85426324223654;1
0.7065763670607423;1
0.8889253657927418;1
0.8904404921134065;1
0.7617357591310531;1
0.7756642506233898;1
0.8356975344149665;1
0.9318930151906205;1
0.8604827148422551;1
0.6762957748221552;1
0.7717476842854629;0
0.708411066572543;1
0.23826581424747312;1
0.8730308795265009;1
0.7861039686756018;1
0.7405914363784574;1
0.791752429061897;1
0.7085944346361559;1
0.8537467255511738;1
0.9015778290302555;1
0.9066081342409188;1
0.954971839947172;1
0.5590473204547994;1
0.9136306990712265;1
0.8794206137847363;1
0.772386095219041;1
0.798008141182955;1
0.9177927631679745;1
0.8793264837981091;1
0.7643776901028826;1
0.6630984353599001;1
0.6890581863813288;1
0.81969056443698;1
0.8143312780894004;1
0.706335637693733;1
0.8603797210790199;1
0.9239469462371888;1
0.5583023439477404;1
0.8467736060469421;1
0.7931951644469756;1
0.8283251873153579;1
0.950556232835622;1
0.8848324349296536;1
0.5632346583304915;1
0.9020844798052079;1
0.7585064984173444;1
0.8542133591755691;1
0.8214729712841836;1
0.942082173363936;1
0.8637449648363539;1
0.7310323761064537;1
0.7779120600035927;1
0.7536987273250042;1
0.6790345531291908;1
0.8695915913525272;1
0.7937779485483522;1
0.7951780685984278;1
0.725448516328349;1
0.7449597700670662;1
0.8187102566432833;1
0.917366617336237;1
0.923292323591268;1
0.857916332179271;1
0.8457021732626833;1
0.9394062400130451;1
0.777343784878328;1
0.8275081538505041;1
0.8498524373022571;1
0.8269260502270384;1
0.8048907340181657;0
0.9006831856846338;0
0.8969821185240704;1
0.7227875732175103;0
0.7207938424604359;1
0.74349878125109;1
0.879882829013925;1
0.8450649701631398;1
0.8267864882983476;1
0.6912603170537018;1
0.82905285207594;1
0.8504625257552868;1
0.9010348540279702;1
0.7990899498299822;1
0.9192930629900392;1
0.7901162355651272;1
0.6965283636526709;1
0.7944551706339601;1
0.8998196493495311;1
0.10959829216801177;0
0.171813571648274;0
0.15515417777526025;1
0.17851291982146225;0
0.16541772828669768;0
0.4411011233312097;1
0.16196242565520186;0
0.3055174647624985;1
0.22044798947294672;0
0.07388768974310966;0
0.11247614341976357;0
0.11219742851395002;0
0.413311496598151;1
0.33665598828536675;0
0.09587536763469597;0
0.07303398836955616;0
0.1334013751147628;0
0.31312981333069695;0
0.1490469800646271;0
0.30589640124055645;1
0.07422710901564;0
0.2525536784453031;0
0.11208267671725962;0
0.09162758796420109;1
0.10497634586024625;0
0.1793441664913568;0
0.09534404936841835;0
0.10487404510802972;0
0.08600687585338487;0
0.0871791547382532;0
0.3141968046232802;0
0.21932382747904083;1
0.1270966151369858;0
0.1333488753543838;0
0.09798222884183179;1
0.19153350115590753;1
0.12452585765789785;0
0.14944121525291837;0
0.10017568974151465;0
0.8081357514633523;1
0.45415009156648495;0
0.742927856530496;0
0.35338124581578423;0
0.563896101946095;1
0.8727940026564963;1
0.8989698557577148;1
0.5355476248001971;1
0.8413979326219261;1
0.7385456226496602;0
0.8528774853971307;1
0.914688083108903;1
0.8178998104794978;0
0.8983980818206007;0
0.8658269830417441;0
0.8094988115820723;1
0.3599732503396064;1
0.8297791440920685;1
0.7790661482108159;1
0.8463381931549624;1
0.7843887823273104;1
0.6467508492908411;1
0.8849520108839165;1
0.8319901865634902;0
0.6616242612919339;1
0.7416595455460406;1
0.5377568000440321;1
0.8186014489020185;1
0.37571687324332587;0
0.8345817153499779;0
0.4497293357273369;1
0.8033132837592615;1
0.7689896363770238;1
0.5363964602878873;0
0.820372265195421;1
0.7032465701523634;1
0.6869637136789787;1
0.75338510785236;1
0.882187649311883;1
0.8139343274112808;1
0.5216227652063522;1
0.1761675609391749;0
0.3991997174649488;1
0.3201820376474397;0
0.35697154763209693;0
0.3949071751190385;0
0.5079340429246283;0
0.10301864592196501;0
0.23612439680673677;0
0.24944958039049503;0
0.17679600023424671;0
0.1546564590008406;0
0.255383061985847;0
0.20413395253302105;0
0.20487476566885127;0
0.1579678511221918;0
0.5185088869803642;0
0.27632743794596204;0
0.30117510497810335;0
0.32118718384283895;0
0.17024830189279508;0
0.32743363725456;0
0.2650356370752189;0
0.4767819408939771;0
0.3904582257131266;0
0.2831547110032181;0
0.4663183928482723;1
0.3832262080640626;0
0.15558984781625365;0
0.14701069360182367;0
0.08724729289335549;0
0.33413154735139783;1
0.3992902431254484;0
0.3340655721941645;0
0.32911249656052793;1
0.5263909080607717;1
0.30547687641136195;0
0.2182714024412661;1
0.3577291335780205;1
0.24350075525924184;0
0.2556359513199987;0
0.21509224834839244;0
0.13761850582458016;0
0.16019430871351664;0
0.18973792521051938;0
0.2938613887932283;0
0.17500564276454933;0
0.2576271847875392;0
0.338690802310195;0
0.3008695349307593;0
0.21178831396287626;1
0.5101167470291021;1
0.21191205455483814;0
0.25850517748850343;1
0.3074665599496999;1
0.2395018161959615;0
0.2963309113845365;0
0.24425204133596054;0
0.20346731961364212;0
0.30696570688875646;0
0.2006518431567205;0
0.24763942434568392;0
0.22433239924370832;0
0.23368613870307733;0
0.25056577643828204;0
0.3186846526478097;0
0.24827807164714763;0
0.33099870573377044;0
0.16484449152138986;0
0.3207676658726672;0
0.2188363978460328;0
0.2571245216320856;1
0.4047410958981283;0
0.2053879922803988;0
0.2442916257578248;0
0.23423760381487632;0
0.11678447160826483;0
0.21656662423372194;0
0.07888960014880332;0
0.09348512645768269;0
0.38981512032754734;1
0.2699919341581311;1
0.189455428575163;0
0.2090297396141046;1
0.2130497398456211;0
0.4907788335460889;0
0.40717206604399786;0
0.2894791020564003;0
0.16553246689789108;0
0.18696736969388555;0
0.1496258151146754;0
0.45228061796658026;1
0.6719007252262235;1
0.7227555843057034;0
0.7570861105979035;1
0.7199771073589339;1
0.8102133691716544;1
0.8488777236265858;0
0.47389956886391527;0
0.6814971047297317;1
0.7840945723437991;1
0.8378847713201693;1
0.6467154482515817;1
0.5977784723438749;1
0.836979505775872;1
0.788165953289913;1
0.7576694764221948;1
0.7124118065252876;0
0.8014818976425462;1
0.6527045550190854;1
0.906907936600869;1
0.8279446572539388;1
0.7283905857042456;1
0.8725564321430226;1
0.5601571808709669;1
0.92182402477604;1
0.8732338555788517;1
0.6534352628029901;1
0.7456089078418761;1
0.7002511066769099;1
0.8871769187558254;1
0.8078467411004547;1
0.7750094386786988;1
0.7493862125461804;1
0.5385473772161659;1
0.772757840317205;1
0.5552931547533614;1
0.8907573912596556;1
0.8410501959432966;0
0.9121746423404108;1
0.8967878941408083;0
0.9264811582005971;1
0.7380200796583849;1
0.8578588651121861;1
0.47041949065793853;1
0.801195975124315;1
0.7423528502825244;1
0.8790460795892443;1
0.7321408466846026;1
0.5637795980263498;1
0.750723534766616;1
0.3676557663596143;0
0.2930525191596847;0
0.5183798316460825;0
0.2864414002731112;0
0.3365531515871686;0
0.2787425276516723;0
0.5032052747184541;0
0.38404061196261324;0
0.5925646837326171;0
0.6480161664133546;1
0.5386472150540872;0
0.8038052397909863;0
0.6943944773924341;0
0.29010250275626354;0
0.22837356849853213;0
0.24401325111668531;0
0.22908074701416242;0
0.4686204514022348;0
0.13961786566440773;0
0.08681968615478909;0
0.5031114454086905;0
0.16775732573212027;0
0.19996188297702375;0
0.4693784744024998;1
0.43171447416999753;1
0.20888284824269984;0
0.3355000252082732;0
0.32039075006941237;0
0.28716151409646995;0
0.3053936958854067;0
0.49523497908943337;1
0.24027231043779562;0
0.16131242528957537;0
0.3504666901535838;0
0.3136952421155547;0
0.24510603497808464;0
0.40095804109533206;1
0.2249666631367831;0
0.3356806004719055;0
0.4528389387348832;0
0.5362688444496561;1
0.43083606909689104;1
0.47275362182070757;0
0.15396824082839677;1
0.11399592061703806;0
0.1481037431172827;0
0.09121931259323815;0
0.17051101867359708;1
0.12926262742105923;0
0.15473011542337758;0
0.09566576587233488;0
0.38474694684779814;0
0.16640790729624794;0
0.21335684481161798;0
0.27946422394047177;0
0.3148474346739971;1
0.37288542547057524;0
0.27022476947156293;0
0.22022115090918315;0
0.28829489592723484;0
0.3910396030602463;0
0.31945141258973797;0
0.12845256818651973;0
0.24518820113325326;0
0.26272419182859735;0
0.271774426342671;0
0.2779533965078514;0
0.15936007696722865;0
0.18413639629567552;0
0.2849315896221422;0
0.3822655690857159;0
0.3001192402010695;0
0.1248507949733819;0
0.4065325035215297;0
0.7693200232310724;1
0.6977156917949126;0
0.8668240078546593;1
0.6408086349307838;0
0.8974488212279452;0
0.42351690273967124;0
0.38492602119939345;0
0.3435441614871862;0
0.7227339877680092;1
0.6298436055340463;1
0.6599804887686948;1
0.821555076522632;1
0.823220757744989;1
0.7127212821949214;1
0.8257185503331266;1
0.8738419655778789;1
0.8395334088960649;1
0.7288112595853959;1
0.8630414098217226;1
0.9118206862300926;1
0.28558863600360973;0
0.7047252851784467;1
0.811153197036573;1
0.82439015786312;1
0.6672660433773263;1
0.4928327987958791;1
0.7964438051699025;1
0.8057142081615054;1
0.22383438697628652;0
0.36796419875795583;0
0.17153876724842232;0
0.35676154939896043;0
0.1717662975708921;1
0.19112498459164237;0
0.20094600188534412;0
0.17336292992801464;0
0.21601007628580343;0
0.1918223838374166;0
0.24783225967636477;0
0.1680621547250813;0
0.521151478057253;1
0.20575479152250178;0
0.31243537467247917;0
0.07527409534682128;0
0.1799248808340473;0
0.28732884832559724;0
0.207837310057356;0
0.40929235687256266;0
0.3472942717736906;0
0.409333859318607;0
0.18683268691547247;1
0.10595489090127638;0
0.13275123704807146;0
0.24801541959438592;0
0.09180900280544702;0
0.1865288269247001;0
0.4686945730285089;0
0.15699847510624781;0
0.18717205169936818;0
0.2264772156071772;0
0.12858911222861905;0
0.201957322389441;0
0.08117572663031379;0
0.1407789447175844;0
0.0995376505937265;0
0.15654101247691501;0
0.19157295323471793;0
0.38170180546265525;0
0.2114164865307226;0
0.13532807801681837;0
0.30304235484988284;0
0.3592304714811751;0
0.3529656368278576;0
0.3544260325318197;0
0.22214541849793953;0
0.1924876017528846;0
0.20883940597288858;0
0.12859062973819485;0
0.1043983489155366;0
0.13043503552758554;0
0.09446579113366221;0
0.13697639600036127;0
0.22505084074548673;0
0.2290471359749316;0
0.20736076356316258;0
0.17525050479548554;0
0.24629751713612114;0
0.36261128271085685;0
0.22148050699965427;0
0.23634974841618675;0
0.3117719683314154;0
0.3021239312291175;0
0.35460450642387703;0
0.2905764078907296;0
0.14006683889198823;0
0.2957478544390272;0
0.3327181609684272;0
0.298287686117948;1
0.1663046819852104;0
0.4089034235431521;0
0.28082344094010664;1
0.19819935385602544;1
0.8102066893108238;1
0.79302095829409;1
0.3833912393412506;1
0.4342168238629479;0
0.6311287401072678;0
0.6260941037793841;1
0.40642838041998425;0
0.38284737191650514;0
0.14440326741876988;0
0.2127595159289022;0
0.24110840858431418;0
0.3905802416059194;0
0.3990542880968092;1
0.10937736047726429;0
0.25596242396948127;0
0.47010694352056237;0
0.47442192215223167;0
0.1475805116330836;0
0.36593099652756544;1
0.36235805121697023;0
0.10505732960609249;0
0.3480649519916009;0
0.27577770009672803;0
0.14841045170097647;0
0.1529940427177917;0
0.36792584799223815;0
0.21138570774042165;0
0.24478599424309447;0
0.35806255223561034;1
0.35787828249389536;1
0.46629853167898716;1
0.3284665576617845;1
0.424647420808146;1
0.3160821844584246;0
0.2737074201684151;0
0.26064413776295364;0
0.11706996525576785;0
0.11990333854301802;0
0.40809086393719657;0
0.25392653314406144;0
0.4333097841453927;0
0.18575891797409294;0
0.3726179280508947;0
0.4744014126532487;0
0.25722248792197927;0
0.4076743958676946;0
0.22739286760674085;0
0.1699958258096796;0
0.4675825645285105;0
0.35898578581424767;0
0.2775007650729182;0
0.39441047249372785;0
0.2660220616755265;0
0.5038481615909628;0
0.3646265377889624;0
0.2419216446716946;0
0.23872887011697444;0
0.40432204926852694;0
0.27115496806533035;0
0.1489683488073917;0
0.29714056058710275;0
0.1625551746108642;0
0.3588845662065364;0
0.422284776294535;0
0.30249970934223647;0
0.34461752630353104;0
0.23439853171899755;0
0.46714237071103615;0
0.31024679378791575;0
0.247801918209132;0
0.4516654889775822;1
0.36407293744304514;1
0.4226011753366795;1
0.6356959353189716;1
0.5545849650021487;1
0.3596857270512195;1
0.39793613056963983;1
0.4476816005162235;0
0.3133843613846496;0
0.4349543650939908;0
0.5087783538127119;0
0.41157307180223246;1
0.36924798256854174;1
0.5015642943548513;1
0.3766992479491103;0
0.6295404768228313;1
0.3440831821808993;1
0.4214511740226159;0
0.3211846933844786;1
0.38848636194080444;1
0.39224331800678935;1
0.5576123449273045;1
0.3598837899817311;0
0.4921039617901751;1
0.3736090344367104;0
0.19999337315503604;0
0.4127941322810498;1
0.39017373069589684;1
0.3611705007480691;0
0.3402072432194528;1
0.3584919164885247;0
0.326535698005153;0
0.27974938793508625;0
0.41185965365762556;0
0.2691768776382384;0
0.21638881282514622;0
0.1984988963232159;0
0.19069580622343102;0
0.3490250392015771;0
0.4273335275320219;0
0.475462386624211;0
0.38518681920106695;1
0.5151969426266684;1
0.43693620997723326;0
0.19664986449388475;0
0.14956767732837284;0
0.17727704114066423;0
0.18065063118130734;0
0.16815950548225625;0
0.23199077908171603;0
0.2753749136586267;0
0.38326234508126067;0
0.2233276361640749;0
0.15080907073965133;0
0.2495768240351868;0
0.38142729041261275;0
0.2047254751731291;0
0.24405630730460418;0
0.30656227191897095;0
0.7276860807941347;1
0.3510347387799223;0
0.33559037323985424;1
0.3189746226291318;0
0.08797055381991221;0
0.16387399977355305;0
0.2739775794740572;0
0.18699567579427812;0
0.1605593857811093;0
0.1563721692614566;0
0.2190122052223389;0
0.12736498475944721;0
0.18979082258637528;0
0.1825084938344616;0
0.1293911517537965;0
0.2255532456412362;1
0.13119483208108684;0
0.09910792473929113;0
0.12552975820781134;0
0.12607168442746902;0
0.11464148376232602;0
0.17895323811752184;0
0.18569019550479807;0
0.23572531962269389;0
0.25539353879266025;0
0.1619863005660783;0
0.1454709947215;0
0.09123507083858888;0
0.15867894919114675;0
0.1745057590804946;1
0.11004389279497098;0
0.3197355063037438;1
0.10793209782196177;0
0.3732214565634206;1
0.17618193809115545;0
0.14089701751700856;0
0.4349493927075023;1
0.2624718816147317;0
0.3400548175529251;1
0.379176710211013;1
0.14880042853126837;0
0.1747462090067641;0
0.4003991500243506;0
0.42043291104007774;0
0.5999142639025318;0
0.23976378929670575;0
0.24761385680732273;1
0.2958524817767689;0
0.2851236282236571;0
0.4738824181386234;1
0.2031514117650087;0
0.3486499753241757;1
0.5313669774820944;1
0.2681784595738328;0
0.20140301828894833;1
0.38979328872716;1
0.30127801527673087;0
0.2501205116291974;0
0.5347062646535743;1
0.3312044129760657;1
0.3989859194472072;1
0.4574162694239706;1
0.1889785952140806;0
0.0837021027069728;0
0.20447086634520875;0
0.13228453248520894;0
0.26066510112667324;1
0.3175521427918436;0
0.5246883343409311;1
0.2391019002036099;1
0.19288855015758571;0
0.14680869129709218;0
0.27882915561448673;1
0.24617958517712296;1
0.2752303575208697;0
0.29614948202576347;0
0.46266507866004125;1
0.13394780491924882;1
0.17321920500181834;1
0.3648244986150791;1
0.11977217723740857;0
0.1752475278093774;0
0.21884679917750896;0
0.17835234504676534;0
0.21147934709391666;0
0.09806672045541916;0
0.3988749475551557;1
0.46442936385513434;0
0.3466055253235347;0
0.4838921768382842;0
0.1659432350931838;0
0.30713742149098777;0
0.19334397384086935;0
0.21216236652709483;0
0.22395147869460963;0
0.35566107783814044;1
0.21094047026351004;0
0.12776805879426992;1
0.37589712167759143;0
0.37440509708106917;0
0.06771665466314128;0
0.17091231249755973;0
0.10641106173333273;0
0.24101812384619886;0
0.2007035818613515;0
0.16541785596610578;0
0.15782167131812905;1
0.29868047535652537;1
0.12257081123790989;0
0.2507380525553779;1
0.12246223451016186;1
0.11510004340806351;0
0.20699019483918815;0
0.3773006738487884;1
0.28934271353098706;1
0.2854366244723667;0
0.17985623300950862;0
0.1387952088905262;1
0.30168962621568407;0
0.21473081661934343;0
0.2980376217258962;0
0.3322686798409758;1
0.30480053093302406;0
0.2089288039379358;1
0.17427137896678704;0
0.20986586487915213;0
0.43025078248282683;1
0.15281842035690923;1
0.26444936599445906;0
0.21210662498861368;0
0.2336308634888388;0
0.18777590157473806;0
0.25195300338836035;1
0.200231737124105;1
0.12220953788400665;0
0.33997112957775694;0
0.3009253168280187;0
0.31549511175965367;0
0.33975457795353886;1
0.3725511888408082;0
0.11706003971074654;0
0.6322297327886989;1
0.16423921396463642;0
0.19585105306303757;0
0.07686676687619176;0
0.16964349771502107;1
0.6146308858917566;1
0.13781546559042746;0
0.33578505741726833;0
0.2673168913398029;0
0.1579634923486378;0
0.14393590361706837;0
0.24474169457026695;0
0.4872836775209709;1
0.23002932271546053;0
0.2493579680988879;0
0.23929160426114227;0
0.2957954521416989;0
0.3776531134900699;0
0.31924651152792993;1
0.15012265242002554;0
0.13888307036480774;0
0.1887221643690024;0
0.2390141035260947;0
0.2700567634524154;1
0.1778484689624289;0
0.2993545879999989;0
0.3638483321047354;0
0.27645318033425237;0
0.1781544382557901;0
0.40611440328413745;0
0.16438429435855184;0
0.17024730449707703;0
0.3107269318108805;0
0.3065780835878504;1
0.16692895381043962;0
0.46296577619411544;0
0.19453336172900398;0
0.21491558813020892;0
0.20083945217312438;0
0.2182293006804266;0
0.40960216525119864;1
0.33604402338883255;1
0.16303978911920003;1
0.35452492042467215;0
0.2836828450602233;0
0.20335589173308094;1
0.46636256165434997;1
0.4540739363176161;1
0.3520119325345992;1
0.24071224676102507;1
0.21581141123412928;1
0.18889027835199504;0
0.214836735496345;0
0.09724718229874836;0
0.21618137704868898;0
0.3033528153458115;0
0.34007955184922073;0
0.47276778866261493;0
0.25583510267345;0
0.21302361162084793;0
0.877791371452719;1
0.4469799470306837;0
0.44461335833913446;0
0.47733155689021556;0
0.4025695330272667;0
0.5094439851349584;0
0.5056453634777489;0
0.49401218459878987;0
0.1963359933651432;0
0.43955419199615514;0
0.365223497250992;0
0.3320570474472957;0
0.15467709827705634;0
0.26602548806958903;0
0.21688551381051574;0
0.19956396585797112;0
0.26297453744904337;0
0.24204833777523438;0
0.13881917842611408;0
0.06742432015345859;0
0.2093520678352409;0
0.5134603906924978;0
0.22022394133231765;0
0.3260011914424175;0
0.09354793809541957;0
0.27618449817475804;0
0.24930362809244078;0
0.14025261158166574;0
0.17682136440573032;0
0.2812490653818555;0
0.20349460603285888;0
0.06748280547948501;0
0.17671803519334744;0
0.22437819647507637;0
0.15820926606108293;0
0.22361581741821177;0
0.34810133946650795;0
0.22947499836544202;0
0.12364737511305471;0
0.24827727188975934;0
0.28219439885649555;0
0.24882022856847016;0
0.1968140529125739;0
0.18191165748469;0
0.11797294857880312;0
0.12282064972772132;0
0.2300682932537685;0
0.28069285747102524;0
0.3093364228727758;0
0.3502083051822599;0
0.148002807894128;0
0.1786141426707253;0
0.10570900706419796;0
0.29834491244306427;0
0.08571036541108236;0
0.15345929394787455;0
0.24211389744036918;1
0.09471710475397097;0
0.2809939371726067;0
0.3317117136266006;0
0.43391627755936113;1
0.306888629750569;0
0.4058876898352148;0
0.2771293699354224;0
0.40251491317340915;0
0.4210457609792467;0
0.6184606569123717;0
0.2785099402209169;0
0.28300483660069276;0
0.3774548980951263;0
0.3285820639037372;0
0.3435011930059749;0
0.3763049697349785;1
0.41347984900909773;1
0.5644589416960698;0
0.23771367895857215;1
0.294183038136146;0
0.23073410129239136;0
0.3761189472003474;0
0.5101084391377183;1
0.4308068671075709;0
0.32034127537432155;1
0.3656407336730985;1
0.6860234764026327;1
0.5882278647777446;1
0.4928686781713289;1
0.37364910462841167;1
0.6873425413228735;0
0.3780070077107801;0
0.1760855035352076;0
0.1549489982661315;0
0.13794961675011044;0
0.15200910644262536;0
0.3010150760012151;0
0.35220271253298646;0
0.1371737301075592;0
0.07438255225657792;0
0.11540448915984357;1
0.17525816374058828;0
0.4584085294904787;1
0.6289283833374766;1
0.6896929267816685;0
0.49353582963190656;1
0.47340456136257186;1
0.6119664558765733;1
0.7462356671802848;1
0.5289829867184948;1
0.48441750252002364;0
0.6541552540414346;1
0.6399364043086213;0
0.4470268283495225;1
0.5787698593769152;1
0.5480002958700375;0
0.7104329586227495;1
0.4614027877714582;1
0.4629448774662678;1
0.4871872369549442;0
0.6762217340914294;1
0.5458463926084585;1
0.4384792003925791;0
0.698691016080096;1
0.4969091619624472;0
0.5492765914977161;1
0.7376645103734346;1
0.5526779903946162;0
0.553222758927177;0
0.596361464016103;1
0.7393890945934899;1
0.44955601110150434;1
0.5588468069372877;1
0.7877601267774262;1
0.5268944231041103;0
0.3512434658449025;0
0.7591903272836006;1
0.5065520204641704;0
0.5188521910577233;0
0.7320983039594122;1
0.7541390749331045;0
0.42706797967475857;0
0.6671803042272331;0
0.445552934101668;1
0.22847816809956492;0
0.2548544631776621;0
0.24835340096555966;1
0.2416093749373588;0
0.11709053608826919;0
0.13121837800864777;1
0.30726689482177677;1
0.26575359707487317;0
0.1531890428848895;0
0.19967033200871684;0
0.2008878595074269;0
0.07963886873595973;0
0.264841840204653;1
0.13066443263912358;0
0.20983018060284458;0
0.1508792843289298;1
0.5094794629056847;0
0.5429121000759098;0
0.5489385202956819;0
0.6506012363317392;0
0.48400902817030383;0
0.5697922793187133;0
0.5274998182570144;0
0.5199408501054219;1
0.7163631988423156;1
0.6824757540238519;1
0.2712603019231321;1
0.23214530526018973;0
0.11004667354462717;0
0.21106233142993344;0
0.16461934953554255;0
0.4167045401541557;1
0.16684719555546518;0
0.6255598743300447;0
0.40900400244711105;0
0.3252787951132324;0
0.612158187679843;1
0.3689393550025327;1
0.20710120600070558;1
0.1426205723044127;0
0.5048713543100817;1
0.3487271717706867;0
0.8524097912036054;1
0.3087018880036465;0
0.62132266993278;1
0.7212598636930649;1
0.47585165705522214;1
0.4331768477346124;1
0.19594797316496423;0
0.8573581783731822;1
0.4313050588222427;1
0.6474749832316161;1
0.3833665920019297;0
0.8444242360308729;1
0.11587059005218654;0
0.2632051819371152;0
0.25519411376605067;0
0.8670302438177759;1
0.21971374851231565;0
0.7689574698465826;0
0.14487346822832772;0
0.14631027966874796;0
0.745909143130635;1
0.13651429946718852;0
0.4180764646484566;1
0.4863899070983966;0
0.2826440966873252;0
0.7533806760689705;1
0.17014674547991543;0
0.6123114439352719;1
0.18543126756342135;1
0.81002879948224;1
0.2069828201157699;0
0.1799640886205638;0
0.8671421241370704;1
0.6427013188601789;1
0.3270380642789588;0
0.9050434626163144;1
0.4730161645398858;0
0.5299042310494761;1
0.2375091221537467;0
0.6767986407776623;1
0.36965548388190345;0
0.6468778060230554;1
0.7238154270030622;1
0.6480091311920539;1
0.4759054954250422;0
0.3875668623323394;0
0.1523470544089954;0
0.2424952198919998;0
0.6566921370320024;0
0.12780759567986433;0
0.15353714693067547;0
0.5451132684893453;1
0.7632143745977749;1
0.7062749476423469;1
0.8564768272353873;1
0.6385203509644019;1
0.179054597063178;0
0.7335978275147352;1
0.1749753917995768;0
0.519765282129667;1
0.2761350251468413;0
0.1369530835155292;0
0.5890385609782386;1
0.22338303642841362;0
0.12117227242291803;0
0.5128084872329574;0
0.12426189109619425;0
0.5861957002274731;1
0.22005860224037943;0
0.3358246383732169;1
0.3492484438982207;1
0.07385642605130627;0
0.13712098078670165;1
0.20302410521889946;0
0.3235777573066025;0
0.3037016761413046;1
0.38777965906332595;0
0.37724440697558825;1
0.16004840191681807;0
0.19935252174464518;1
0.16607682031581888;1
0.24364530486709096;0
0.10869947036667017;0
0.3096847828506881;0
0.2109234266578075;0
0.3595349691138886;0
0.10921197638929263;0
0.23601451952523383;0
0.27778857291348413;0
0.38483790843130383;0
0.5714830649807024;1
0.6986376647575486;1
0.23408294386729137;0
0.2931508888738476;0
0.24723709351613649;0
0.3462952344772252;0
0.4398746678537231;0
0.4156088163685861;0
0.4307997737975991;0
0.38506890233822477;0
0.22035364430234836;0
0.17531028230549614;0
0.3194029748008269;0
0.7574875386020467;1
0.2669926964271714;0
0.3665444439094694;0
0.4080864590444843;0
0.30567782935050364;0
0.35743098781690663;0
0.32323612060902257;0
0.292067369187689;1
0.23323076976034884;0
0.4142967007777857;0
0.7440666634769513;1
0.7890890140601243;1
0.3360139301186685;0
0.30983922332504543;0
0.4611266216438732;0
0.1470654797488717;0
0.20615252341472803;0
0.13393869286008872;0
0.1061680511988676;0
0.08704443788718627;0
0.3300677801683443;0
0.14210673879546853;0
0.41807964739646253;0
0.31732658134337893;0
0.3816957270066119;0
0.1554205195118854;0
0.1153199472503651;0
0.08221148535365343;0
0.1363966282875008;0
0.13877915718258044;0
0.35100694292317525;0
0.09749423432138628;0
0.24093237857682964;0
0.26015059263855483;1
0.127904149134448;0
0.120781932266552;0
0.322668346602681;1
0.20337273456530677;1
0.2912098425184509;1
0.09499196781519925;0
0.17676390714022053;0
0.13522542959959577;0
0.27047859263965196;0
0.09477847861178319;0
0.08420827839303428;0
0.6680214947358457;1
0.5977802061235103;0
0.35844879328884716;1
0.27655586004253524;0
0.5553612318291714;1
0.41738427984256243;0
0.25355888224343076;0
0.357919930909632;1
0.34406555246644493;1
0.4160147667417994;0
0.7175050138407122;0
0.738085436433592;1
0.1572133397985344;0
0.08900965461659294;0
0.23234066257543118;0
0.08962132043074118;0
0.103848979927214;0
0.3025597629561831;0
0.4206416603769965;0
0.16999047826158048;0
0.2207061252959518;0
0.24847359162893132;1
0.2336233071040422;0
0.3922853737499757;1
0.23617570261907886;0
0.16058817679022833;0
0.42196251641669863;1
0.40285768825383994;1
0.09132928529386294;0
0.23561462142706727;0
0.3857541054534558;1
0.057882807723436035;0
0.3018225347416139;0
0.34759280412139604;0
0.39927093413532516;0
0.2400782100524501;0
0.4408491533005673;1
0.3188185701891582;1
0.4493157046374935;1
0.30742216473858286;0
0.35573410802359623;0
0.2827883922439641;0
0.3623302759192558;0
0.41719890696072104;0
0.6504838495005558;0
0.6622624018288956;0
0.8086494291028321;1
0.586319011574907;1
0.16484452524174004;0
0.29966587122007915;0
0.10725646791416452;0
0.2502742358915995;0
0.0661691871526701;0
0.26538880143779625;0
0.23671126292411213;0
0.16006842680263775;0
0.29550002136366904;0
0.5080817026013059;0
0.1640213961713621;0
0.20085813747788028;0
0.1269212684275341;0
0.09484576451651273;0
0.09407566021542167;0
0.12144765846628774;0
0.2831281084328725;1
0.2573094023750977;1
0.40782516106307243;0
0.1616045670078591;0
0.1450242363772531;1
0.12859007152018595;0
0.36785488736997024;1
0.5032028001642717;0
0.30280635487963997;0
0.1507698081119408;0
0.12802214422190378;0
0.2766221270967028;0
0.28924219679928115;1
0.3277800489426288;0
0.5868935783656452;1
0.10609207466700105;0
0.11741353152866138;0
0.14525058566425272;0
0.36313739768993686;0
0.09991893228860597;0
0.2050898056517059;0
0.21883395342958145;1
0.43924583958125674;0
0.2808253693207852;0
0.2715798424847027;1
0.1447921724409887;0
0.22545154787991406;0
0.18145289744052556;0
0.5680398453738413;0
0.4795364675758574;1
0.1777080518232015;0
0.2817624834085937;0
0.3459072612990201;0
0.1258238291627642;0
0.12984879776794134;0
0.1567059883596925;0
0.2096781780740996;0
0.2784405392733;0
0.10362664683201421;0
0.11859883926358666;0
0.16578854335910062;1
0.3687876668228513;0
0.2823606151127908;1
0.30449916473724464;0
0.43496941277574935;1
0.38269698379841527;1
0.43115174727573746;1
0.28479686647546204;0
0.13905556066957875;0
0.11161453193974802;0
0.5575527441501786;0
0.41699057902761644;0
0.4145205289273065;0
0.5622265792145887;1
0.38091866917041395;0
0.31434425531814303;0
0.4881621437275443;1
0.6873757216853489;0
0.38311880200726195;0
0.49068311683617194;0
0.3708811546525398;0
0.3774110482940066;0
0.47500365317330584;0
0.3048556317979558;0
0.4469680203480392;1
0.6091403491696933;0
0.4712804142663726;0
0.4844081107760378;0
0.45914485975560876;1
0.17310779506006566;0
0.33441004939517377;0
0.0921670227345321;0
0.10486865418004912;0
0.18017496350291984;0
0.3610963763645498;0
0.19418272220204974;0
0.2629530556223532;0
0.2655479032204097;1
0.19217972505861616;0
0.29669860819912236;0
0.23932858416739897;0
0.3515666153600632;1
0.26032292835296567;0
0.12458657250877096;0
0.21517868127458908;0
0.25967754451799313;1
0.3723244288373369;0
0.4992284142538295;0
0.27024436590212086;0
0.10344518398909595;0
0.25762217177104213;0
0.4329420584553813;0
0.6330349836471569;1
0.2522708515280947;1
0.09924470802238221;0
0.22200038784963855;0
0.3152665306322671;1
0.21732428974817483;0
0.1616902955400049;0
0.2530163805920914;0
0.16958901724788514;0
0.13652269925710014;0
0.13368149668549187;0
0.20284602342848457;0
0.18029114988206973;0
0.2669699324545749;0
0.2588496053838762;0
0.15197516100077063;0
0.288012604246054;0
0.2212084722037465;1
0.2858348576948314;0
0.12182607623351434;0
0.15504857787104248;0
0.30305856105216583;0
0.12090131090324933;0
0.295587000474639;0
0.1083637799213939;0
0.0877600246236986;0
0.24766125852337736;1
0.36362106872389344;1
0.2779826959706824;1
0.42160226584051697;0
0.3812877141795829;1
0.6093874247836266;1
0.40643725977224476;0
0.3899318865388728;0
0.42119499593694215;1
0.4924897886772289;1
0.19819342165160755;0
0.5235654488390048;1
0.330804999406426;1
0.45041450747002343;1
0.6181438776557007;1
0.5496353073553869;1
0.5810296939581244;1
0.31194159076098177;0
0.3157035526930357;0
0.15019086840458643;0
0.1738814204697339;0
0.14303952458926358;0
0.14208380683477617;0
0.1246070570952919;0
0.14011097911598425;0
0.1834749451449062;0
0.258180225366054;1
0.32436921448532247;0
0.107169631956784;0
0.13537192087904415;0
0.15005819836924728;0
0.2459256951870353;1
0.2660340867354022;1
0.3255980058111358;0
0.2407152441303368;1
0.47679562533646913;1
0.07711232891336249;0
0.2991954203738368;1
0.09540142112316756;0
0.2966087589252097;1
0.4047839249540068;1
0.46327831647026874;0
0.5221352913724188;1
0.5449610535446441;1
0.4680319093828695;0
0.2398781952093572;0
0.34851302133115514;0
0.32015538291953394;0
0.19759353264246185;0
0.17398678308031776;0
0.2666256513844567;0
0.11180538046925213;0
0.1639472465761543;0
0.19503271791323848;1
0.0879743971539446;0
0.16377985821074334;0
0.21952978183181748;1
0.1322577017714909;0
0.10576133990429255;0
0.14305459206144627;0
0.32182905359184644;1
0.183293992850227;0
0.46809892489875665;1
0.14532690853488603;0
0.3711527630901495;1
0.23750140504381484;1
0.2765698966784323;0
0.15989245961345092;0
0.09877535024852487;0
0.22576004660963042;0
0.33838655849199123;1
0.12248153343648363;0
0.18394347879765371;1
0.10056812817784114;0
0.16119444040148603;0
0.4156761566699289;1
0.17779408176596323;0
0.16086545036068228;0
0.234618986254036;0
0.3502737495188061;1
0.1705721521750101;0
0.30133182668429964;1
0.23648667642902765;0
0.20490611562105326;1
0.3109873801205462;0
0.12710028976900506;0
0.1710937671206781;0
0.23230361570637284;0
0.24783145386329136;0
0.13776192593374523;0
0.1158578130581357;0
0.21519323031824236;0
0.1595706269519242;0
0.22650530102402536;0
0.16166836002139204;0
0.2988258740754435;1
0.3617644734105772;0
0.14195252058730784;1
0.32603771832865164;0
0.2776571764833916;0
0.1322518715105306;0
0.3572992430812841;0
0.25042716496850326;0
0.18883467904854687;0
0.11445585926074843;0
0.12150274658861421;0
0.15416825682932922;0
0.2777388751302395;0
0.10186933765351407;0
0.20892781529786675;0
0.30733149358550876;0
0.28681844175286714;0
0.15243345212047837;1
0.12151839639420092;0
0.13866557343823632;0
0.2679128133449727;0
0.2924445286922845;1
0.1457857641923894;0
0.18887692747761267;0
0.2939152110779572;0
0.3623309609447588;1
0.21641399090078914;0
0.30956503602062596;0
0.30787411300945067;1
0.2279360003455441;0
0.16757581972979493;0
0.3126274110221892;0
0.28591186668253393;0
0.19650401323728847;1
0.38150877953649337;0
0.36950145387025274;1
0.15652970023905596;0
0.39556179448277795;1
0.4224832076942813;1
0.37932968468442;1
0.572174666992983;1
0.3912062809800109;0
0.15481577062078755;0
0.3366109975028595;0
0.12529645523359076;0
0.4264482083680431;0
0.6958737961215902;1
0.7335611476924794;1
0.4672702465794048;1
0.8199885652716953;0
0.808859645418022;1
0.8864227982705528;1
0.681092096577512;1
0.6785379539328984;1
0.7350640035669374;1
0.11611191838976843;0
0.3184187224177599;0
0.22755912791244043;0
0.5928492932640826;0
0.26198239539859924;0
0.5373434153360117;1
0.4971535700972516;1
0.41267697373728474;0
0.5892011847855804;1
0.6273281119790505;1
0.6000573428435113;1
0.48501369144190565;0
0.4768954758273379;0
0.49697196090515877;1
0.448230224791171;1
0.49437159248311763;1
0.5771242084590036;0
0.14585262388732367;0
0.11354902922580828;0
0.18573822870312404;0
0.38688611326601385;0
0.7731359102205515;1
0.7725632688495006;1
0.6361331659951882;0
0.719708408035746;1
0.8660354320320461;1
0.7257536302837514;1
0.6001995792937896;1
0.8773342880592055;1
0.8340977546751709;1
0.8416807285204089;1
0.6556124143923828;1
0.8270060174992487;1
0.8178607559404044;1
0.5668826964415925;1
0.7821545985117281;1
0.7039756594808463;1
0.6679505803967944;1
0.2539450577394407;0
0.3653628602549101;0
0.5399293327929728;1
0.6951248421905643;1
0.5088599376612863;0
0.40437010262144524;1
0.5888883701441976;1
0.5115331769917311;1
0.5076619502461773;1
0.6367797721423871;1
0.40367292062114024;1
0.2931293238186955;0
0.3177082345081528;0
0.14792472456253192;0
0.5380334260431611;1
0.19487233527141987;0
0.34269945649608946;1
0.2551625953568721;0
0.22187792371158724;0
0.208260740468657;0
0.2750207812015279;1
0.21871944253832737;1
0.23395299103199046;1
0.14413600696498377;0
0.1395348921800033;0
0.1702967482654694;0
0.24557200671802212;0
0.4615294417575523;0
0.31271435874730935;0
0.24736197891542472;0
0.10932504386170441;0
0.3412346518967537;1
0.4190574276505334;0
0.5488678698766218;1
0.49760008662013877;1
0.44509145478214884;0
0.5488908981667925;1
0.4043470871839373;0
0.682681566632418;1
0.2724533190143045;0
0.2798254539762624;1
0.34896376287135455;0
0.32330016091387587;0
0.5032282328177218;0
0.5232350506167867;1
0.09455813352900215;0
0.14244283293614912;0
0.27076830766238236;0
0.2767498481670716;1
0.39467069101465074;1
0.26893871541876735;0
0.3098865670837429;0
0.17093272205639287;0
0.16516357628910602;0
0.19204798289131023;0
0.48001231201820704;0
0.16237711412020764;1
0.10882008183074104;1
0.14914234485425484;0
0.13483178617502264;0
0.10894847247884386;0
0.3292354097758341;1
0.3353130555586286;0
0.17412718670074281;0
0.1939097096261956;0
0.5818490406966357;1
0.3343664869318444;0
0.1945986993670593;0
0.41107154447765826;0
0.2992299840351236;0
0.17918247384185101;0
0.23123110516377868;1
0.17145462765641764;0
0.24645132860409422;1
0.17294022301079368;1
0.2600558979470511;0
0.3351900944498914;0
0.15281110317112487;1
0.26460635152839956;0
0.2987847012241051;0
0.23099324138459254;1
0.43610141092407684;0
0.2658665502252138;1
0.28358024361829853;1
0.3078747607156379;0
0.43753394559581527;1
0.4540629769437142;1
0.21278355906249286;1
0.1597318756865977;0
0.33941111341558516;0
0.4121659645358339;1
0.32701999282773014;1
0.19915350760141173;1
0.36421697066031405;0
0.2915416145756171;1
0.23499753944027216;0
0.24592482644809574;0
0.26267918460930095;0
0.17611856745935675;0
0.21639374425426275;0
0.3770962854946642;0
0.18713172866655717;0
0.28420575094909095;1
0.31931087009934184;1
0.3500287578786206;1
0.2816546391514258;1
0.32472798298179006;0
0.2220022659816051;0
0.3189872503269784;0
0.32838403615363254;0
0.679285299986697;1
0.34839811274847504;0
0.2099043962854215;0
0.09748275992674747;0
0.1486940622859798;0
0.21052411714050753;0
0.13213985659595417;0
0.0881289181877462;0
0.24403870937995592;0
0.15453973265756546;0
0.33606150476028923;0
0.4972344739046494;1
0.20798045276527852;0
0.13989817100285262;0
0.18500040022693068;0
0.19701442812602815;1
0.1396012879010719;0
0.09284638176532546;0
0.10369873257708838;0
0.44364787317934506;1
0.35784728493257434;1
0.17879808381106352;0
0.1932077017779492;0
0.44178834785699606;0
0.32115621361645247;0
0.37495314298422683;0
0.3909717539228401;0
0.47283011209236203;1
0.40031116836411196;1
0.4888034636030908;1
0.5916361367871686;0
0.6694737625996422;0
0.18630645685017544;0
0.30123053963639906;0
0.25596665007763086;0
0.1700398712401787;0
0.106906858631368;0
0.19902600450213667;0
0.5356512643481962;1
0.2971726979930891;0
0.24722417590248075;0
0.22406455012032944;0
0.3821301131319641;0
0.8882995133950792;1
0.6655369619706197;1
0.7149452387394797;1
0.13606587107269869;0
0.24147177858074345;0
0.3524162602456042;0
0.753178450872763;1
0.5496468412659216;1
0.22599949602151095;0
0.31189954846807005;1
0.3424228521330115;0
0.2303708205187436;0
0.17657417148020965;1
0.3054125146871252;1
0.2812372886468628;1
0.2201857300733783;0
0.1562458177855529;0
0.36102310858868736;0
0.36315569324837876;0
0.17453157238423306;0
0.1343628417593159;1
0.2776661796775128;1
0.10576840964782479;0
0.3775867798875984;0
0.1610500579905652;0
0.5082547475287518;0
0.21614728114866616;1
0.19360586106006658;0
0.4284676664292867;0
0.18583303574114973;0
0.1713084761514594;1
0.34801382838177153;1
0.514612057811113;1
0.14320199782641616;1
0.2864868951331286;1
0.4124513179595459;1
0.4446506281289638;0
0.3881807441650933;0
0.5678375773308424;0
0.1989489970980283;0
0.12306547187998822;0
0.21613095718061026;0
0.11068510418952172;0
0.22533605530228668;0
0.19027714754768513;0
0.6112402823850467;0
0.41563893812226765;0
0.2551785781844526;1
0.3409253007320024;0
0.37334816833332474;0
0.6778628316939385;1
0.7017615291355965;1
0.6714396113304212;1
0.32899237671471665;0
0.4737999959891657;0
0.4226611718335804;0
0.5460217453426485;0
0.4155918494973319;0
0.28014932230867357;0
0.1969397623241847;0
0.13639622655133007;0
0.230926658206156;0
0.3787598369693419;0
0.3050589257970718;0
0.2404552954415338;0
0.1985409413182039;0
0.0881686697044592;0
0.16463515074575252;0
0.1197985358624207;0
0.18483500664922153;0
0.19002221201181593;1
0.2266754394072837;0
0.24330215262432942;0
0.48923486077631473;1
0.1704947432022294;1
0.24255233150809594;0
0.28655728091238125;1
0.329908326182362;0
0.23625902145505034;1
0.28109664203354084;1
0.30433859236444255;1
0.2571218242025879;0
0.43712523813076304;1
0.1607902976807962;1
0.2808014194260247;0
0.20532207185258017;0
0.2247960626165483;1
0.48265603543104807;0
0.23608365851959442;0
0.19732737715548643;0
0.24729475338065332;0
0.35465867094527115;0
0.3621744517581685;1
0.3498966779536535;0
0.17395319705396853;1
0.42389711145609865;1
0.1957008558533138;0
0.19298755108190754;0
0.1480027728455589;0
0.22105763838153397;0
0.3753590965517154;1
0.3477040479876762;0
0.29179827216925325;0
0.300681812002105;0
0.1671910468235143;0
0.2545142800839221;0
0.6143305435501161;1
0.5164119926237603;1
0.5418865317864019;1
0.6371004485509603;1
0.31869845719806067;0
0.5668663373902755;0
0.1909857547957567;0
0.12582966298386655;0
0.11796359442012477;0
0.12127360412862752;0
0.1297641959848027;0
0.18498131595145453;0
0.16835523406283356;0
0.12117433976859944;0
0.4934708324279038;0
0.3820515151767569;0
0.6873948269505515;1
0.5510731500694424;1
0.615368965363419;1
0.558830694243033;1
0.7406793729716565;1
0.3226004763511202;0
0.23219726710075872;0
0.38128588610770203;0
0.21028771848787026;0
0.40805553163256597;0
0.42524100834670403;1
0.34079851341389944;0
0.4976631773252719;1
0.3575054164699646;1
0.38615727128717237;1
0.44492358763239254;1
0.2652115590644514;0
0.5150244034376907;1
