pred;y01
0.19381132286117708;0
0.19615438379522718;0
0.13333334285271398;0
0.04971658460893053;0
0.6538323268130607;0
0.1333361610042355;0
0.03994946162080357;0
0.1192021334908574;0
0.42190212776058017;1
0.13333333342193332;0
0.01389772719018801;0
0.14666722163854584;0
0.22723832259868534;1
0.24779615369291752;1
0.16582597919503483;0
0.31666592658950415;0
0.017213858759535516;1
0.14666667557740093;0
0.015543511576329216;0
0.042946460253305306;0
0.08578511646616967;1
0.1709202338536812;1
0.14666682331781172;1
0.4741232053870536;1
0.14665278556459743;0
0.4838108876918657;0
0.5313001342906024;1
0.44585670669519195;1
0.22686658337974167;0
0.054534645007644995;0
0.41386246890441714;0
0.13333463628228392;0
0.3701310044511231;0
0.31735272506487067;0
0.4263444565041383;1
0.5485671119244256;1
0.42368370929678345;1
0.14682414011470565;0
0.11292530665619589;0
0.42066679646691446;0
0.019011982945809414;0
0.4074345137852163;0
0.3715888800475084;1
0.15548144274766842;1
0.454076009890651;1
0.24891172191857605;0
0.44960481094389443;1
0.06651752980811247;1
0.3616417396963673;1
0.31357315371649225;0
0.16668893529805864;0
0.5008313673124339;0
0.31344703311995326;0
0.37158769335241276;0
0.13736321628278825;1
0.09773267234768813;0
0.05079972191683857;0
0.24691537271681904;1
0.5271135240092726;1
0.4226111695759715;0
0.04856113470021248;1
0.43529046437578;0
0.09284186584688474;0
0.3347758302187118;0
0.13333678195587495;0
0.6004935885276893;0
0.6318784548999365;0
0.14666790482038608;0
0.02220328898625601;0
0.1466703871194279;0
0.14666666718476268;1
0.1466666677921321;0
0.04817923836742432;0
0.11829242171852028;1
0.45151022894912396;0
0.4800758036989584;0
0.6030366411531703;0
0.5197414348654888;1
0.2242966271666849;1
0.06907980832420055;0
0.49239324553746466;1
0.11535717465433158;1
0.4364648486864948;1
0.31961417777313467;1
0.30800878611773685;1
0.3793059638889579;1
0.42540020858747124;1
0.2975491030065591;1
0.395321704107628;1
0.35627003263670043;1
0.6065688116937665;1
0.2514075004285718;0
0.273816852898352;0
0.568340277572741;1
0.5657706447178115;0
0.378882615382652;1
0.4217493606973507;0
0.26203712570444165;1
0.3097612899075819;0
0.1743933151587428;0
0.41578923264189865;1
0.5563072843019146;1
0.13010219061121048;1
0.38544729030906094;0
0.35938420314049657;0
0.2735972948625823;0
0.3106109229658223;0
0.33488340792212506;0
0.14666795858668305;0
0.5490491424008135;1
0.4618732503816256;1
0.37324875203739993;1
0.3222434140952142;1
0.1599501129621867;0
0.1335250838795955;1
0.2155310823515101;1
0.34830162389073577;0
0.4210014577178308;1
0.3253843489796081;0
0.355897345061243;0
0.18637618053969796;0
0.15660137371378444;0
0.29100700429964316;1
0.1925968075174514;1
0.25041509977551;1
0.30180823636363396;0
0.3624852640203788;0
0.13041940056698417;0
0.27542527339126804;0
0.13374676265809426;0
0.2671546075501915;0
0.2582581124169425;0
0.2456759126284284;1
0.09539093719176893;0
0.13333333333342673;0
0.013333335991048394;0
0.37097083893588134;1
0.2902700269564202;0
0.6844886775557546;1
0.4978268504254699;1
0.6279901903605688;1
0.460874955464251;0
0.527575981650899;1
0.42862145669324825;1
0.5579472579933576;1
0.5766283538414618;1
0.5596851615437353;0
0.40776953254238396;1
0.47457447855488977;1
0.46628159258266805;1
0.21273632834284562;1
0.218207136374796;1
0.5047008314829128;1
0.5202986516925193;1
0.4479369457951776;1
0.6204360226051985;0
0.5905908470323034;1
0.4037455602746324;1
0.38918285445610995;0
0.9072063483880898;1
0.7242817551092934;1
0.7447897071695461;1
0.7062262362416697;1
0.6486283856473081;0
0.564400171772238;0
0.7064895320945629;1
0.4405666247186654;1
0.7267514970634997;1
0.38622842306871086;0
0.3466831558665622;1
0.30856522640871165;0
0.20780573229447322;0
0.16889281173983017;0
0.20448539108023925;0
0.10638266698852959;0
0.14666666666666667;0
0.08861255818416888;0
0.027766594122169187;1
0.5593962747250547;0
0.20844335106002068;0
0.26447120930503043;1
0.3077078743956224;0
0.31977257585238383;0
0.2628703602491967;0
0.14793668338572263;0
0.409554955942681;1
0.1720451160845915;0
0.3817658736819386;1
0.19725444443826845;0
0.3435133245032736;0
0.18340237248475097;0
0.30244284173767544;1
0.2067699993965122;0
0.26626229267667073;0
0.3029986894496649;1
0.2940992750063341;0
0.20566414029396807;1
0.4584016272031073;0
0.2917064628369332;0
0.2636114776853006;0
0.18040254586793278;0
0.20548634019183343;0
0.16112147675652408;0
0.13253287322160137;0
0.1989156355154296;0
0.17569184221106854;0
0.0941148414932999;0
0.12673759279210228;0
0.17263815315024855;0
0.29623838712782197;0
0.15409072802959914;0
0.09192133940222828;0
0.24929350747740703;0
0.24986108771980767;0
0.24813458856812332;0
0.28430614252812675;0
0.15707739575958746;0
0.37260281131399653;0
0.22280808933716742;0
0.12981150880430373;1
0.15651393296947927;0
0.12058886514180155;1
0.15366978170854934;0
0.2698412119827704;0
0.07012328377800643;0
0.40348218135024727;0
0.324965576490041;0
0.35341030662887235;0
0.8433070210977457;0
0.20554287139370914;0
0.17433391848476262;0
0.2621638548218604;0
0.22709891031307491;0
0.2163202488264461;0
0.13164957134754154;0
0.14789819509469473;1
0.33322725511734763;0
0.2988553055013094;1
0.27081871496473664;1
0.1989517937561129;0
0.3474885831598024;0
0.12524863831798852;0
0.16438506099788566;0
0.22343354189043096;0
0.19654949506021416;0
0.3551235352875595;1
0.32381664907313684;0
0.4415833524415667;1
0.1466685661758587;1
0.26102812668300535;0
0.26571899840799595;1
0.184091974100112;0
0.28769096594406074;1
0.45758699721733886;1
0.34419968733448497;1
0.24426101600167613;0
0.16379440369846454;0
0.2698536315649348;0
0.2989533470300525;0
0.26935268624533115;0
0.20984576147175701;0
0.3969595226639805;0
0.1586860211321967;0
0.20200157067712746;0
0.4189666581547266;0
0.1999758965489871;0
0.25410612361098067;0
0.2690637942554835;0
0.25049153431096033;0
0.10264826652246523;0
0.25216891827098514;0
0.1712571746014369;0
0.23507558822339975;0
0.14192220195741734;0
0.12855653539650028;0
0.29633159141064364;0
0.2391776772164694;0
0.1902459372813846;0
0.21951005330847556;0
0.1596524942075872;0
0.352285066158416;0
0.18224756825664384;0
0.1859521500767464;0
0.2543698882644689;1
0.17002883278658076;0
0.268744535816051;0
0.21557711213490363;1
0.2512572307708208;0
0.1944857503945471;1
0.23885560044045911;0
0.135497506084398;1
0.18540244477429618;1
0.13569805100297677;0
0.31859027233536535;0
0.2156327612404411;1
0.2542940618746402;0
0.29088212958920995;1
0.15300606858852148;0
0.17079844101511707;0
0.11368097257815561;0
0.39602716648423636;0
0.29763702517804436;0
0.39648175225437926;0
0.5895053784491807;0
0.9214773578654636;0
0.539424313314859;0
0.46447563054654684;0
0.9620993079820088;0
0.20249971261883307;0
0.9350778100978661;0
0.5581900221631869;0
0.6639696398791268;0
0.6806803684485032;0
0.5042406677584481;0
0.6452256244865309;0
0.15831058422207778;0
0.31956837912895614;0
0.21164114009232124;0
0.1312337883080535;0
0.2771133585300186;0
0.2278095242483469;0
0.4951988020117261;0
0.23202547014811478;0
0.5072457828772566;0
0.43879738659424705;0
0.3485120128776526;0
0.13789108934814795;0
0.3595879467030677;0
0.32494512993866226;0
0.3260486968011573;0
0.26388749877994716;0
0.4216038438086047;0
0.5578340068884236;0
0.49172924427623;0
0.32362454015996606;0
0.5791308187040182;0
0.30787630704362884;0
0.28703110133535753;0
0.08085948333281631;0
0.16337036125505885;0
0.19385070863677392;0
0.12905763795537153;0
0.1720509715251143;0
0.2205866847384237;0
0.21753125513518526;0
0.15613460525175013;0
0.24180878780836848;0
0.22135818524481585;0
0.21381905846309887;0
0.2714026657903833;0
0.1365093593818223;0
0.20007656791823;0
0.2580937554180179;1
0.1870794287298827;0
0.13263875614186701;0
0.1841750118748519;0
0.20498062739124898;0
0.23675894374690534;0
0.11833649725511283;0
0.3087729162497041;0
0.2115795596625726;0
0.18416332347463932;0
0.19183382962689452;0
0.18059000367033068;0
0.1748139933541046;0
0.2850663426376819;0
0.2498762588150864;0
0.30956905301421683;1
0.15723218066615932;1
0.17029456963742673;0
0.3091532234915135;0
0.2864087914007931;0
0.2689526734593376;1
0.2827416863892695;1
0.25206900836088697;0
0.15681236468399984;0
0.13210851150736713;0
0.16193516097823193;0
0.11893000141763925;0
0.18006131151627058;1
0.18149597505863824;0
0.22587536132247674;0
0.12272999767852302;1
0.12077254716487341;0
0.15567995333471535;0
0.15847336970748435;0
0.18655370384540076;1
0.20849185176041063;0
0.2219436441941829;0
0.29516174786943605;0
0.38110632499674385;1
0.1972847143064966;0
0.31253358606392534;1
0.12364058374992327;0
0.20079668205404058;0
0.1958029793476595;1
0.22068148432200227;1
0.17210693609247696;0
0.21605676311696811;1
0.106395954412355;0
0.6342273826625326;0
0.7093198269030034;1
0.7265721585700106;1
0.7627874397989888;1
0.7617932274649886;1
0.7598407914816191;1
0.7426380580299315;1
0.8143086651700926;1
0.6254802404295231;1
0.6624881245219513;1
0.8134266733723357;1
0.7102650248196168;1
0.46729810475181477;1
0.6075253433926316;1
0.691541695322857;1
0.7530472373367191;1
0.6320311623441164;1
0.9424260484561772;1
0.7172151291632579;1
0.9609569432255832;1
0.8504279670143524;1
0.7091473170398235;1
0.7485170989052545;1
0.7242949347550982;1
0.8965311653146409;1
0.3434112506541911;1
0.7144634925258337;1
0.768539505584529;1
0.9127922279972119;1
0.6720746474167779;1
0.3930733736104614;1
0.8112399445216478;1
0.14666666697682434;1
0.6047047371843246;1
0.6336453840257013;1
0.8147540072579438;1
0.741635721385927;1
0.9578749128695657;1
0.7966168264681486;1
0.8106791824535577;1
0.6341967123051485;1
0.7820146935048644;1
0.7274375118526993;1
0.8362341778469532;1
0.722520904627017;1
0.9136207766043464;1
0.2284269828492933;0
0.21423628923332583;0
0.22777363358636868;0
0.14600448285389364;0
0.07754139146280349;0
0.3264778725469694;0
0.15054585403978804;0
0.3963517639425469;0
0.29128856681581483;0
0.06810818322929175;0
0.10455266081746444;0
0.7079276990024528;1
0.9362305604065612;1
0.7500344981668339;0
0.7986133251784118;0
0.6745948045785481;0
0.7177570707474431;1
0.6873988787380861;0
0.6572511561939723;0
0.6711289645766513;0
0.8159796152994139;1
0.8111174601781168;1
0.8532492015339258;1
0.7115544422292395;1
0.7410590279528729;1
0.7807458177121289;1
0.8495548072317557;1
0.6708024951967708;1
0.5425986585848932;1
0.6696170729338652;1
0.7850154726613301;1
0.6641954236509304;1
0.8067449317362941;0
0.8203052338598491;1
0.13935774886656313;0
0.9234792073254396;1
0.39931497041982633;1
0.09380632784576118;0
0.39230010130438364;0
0.39516154900646255;0
0.5615852288575011;0
0.48144691823591773;0
0.16520884927494672;1
0.18322145269073647;0
0.30871521045420264;0
0.155687549577415;0
0.33286394620407694;0
0.5656840406311322;1
0.19261022329552957;1
0.4042014524034293;0
0.47569294925427985;0
0.2340335125576893;1
0.2320277425154516;0
0.38337598069646195;0
0.6057257737447557;1
0.21703930829312032;1
0.827694220196116;1
0.2761800583764843;0
0.3558045018374077;0
0.20703322132092367;0
0.3916262281489874;0
0.3741933818988409;0
0.2677561310371893;1
0.320578373478;1
0.28838129294746034;1
0.6801631464399346;1
0.5295853048024995;1
0.6154906601364876;1
0.48733521491256376;1
0.1333677828866532;1
0.5877108866697263;1
0.28444183816899676;0
0.3062777506532719;1
0.372798531167728;1
0.13333346643541702;0
0.5842544025945569;1
0.6313688034111319;0
0.3606569941073034;0
0.4459512971981081;1
0.1277627592736253;0
0.3050913033679162;1
0.6386764406610674;1
0.48120626252607207;0
0.3917491187643401;0
0.5881080063862757;1
0.1550492816919327;1
0.46027632300103744;0
0.49404114710902974;1
0.14245353534653268;0
0.2636494892756433;1
0.4040132543200406;0
0.4726840388765508;0
0.5774252462944143;0
0.07013136487116076;0
0.4134612113813157;0
0.5341866841276097;0
0.5311818411888567;1
0.12672948864497768;0
0.20661735957769556;0
0.35027212467956925;0
0.4735587459252763;0
0.30757914275808246;0
0.33936710849592316;0
0.45995540839313975;0
0.48949569604554066;0
0.13333351645208216;0
0.11093180319093304;0
0.13299909372603713;0
0.32765360649677927;1
0.43015638034049575;1
0.3431255190757489;0
0.3772091781746765;1
0.428156518933775;0
0.13317354189087155;1
0.14216426749779346;1
0.453791557267209;0
0.3541869442752745;0
0.22084277376228764;1
0.4753178321822254;0
0.3463407917994528;0
0.5634936765860881;1
0.08304122716111889;0
0.2089470889971953;0
0.35966978947740996;0
0.2954212073542473;0
0.1203454762435972;1
0.13455829205291958;0
0.40215830570565764;1
0.5134312526407113;0
0.2194967058147137;0
0.0704365297865549;0
0.1312898190942209;0
0.2629558700321008;0
0.34215982376695175;0
0.37430857836778686;0
0.4023404331711834;1
0.3163041864280586;0
0.2343700335283077;0
0.21086762965833108;0
0.23748924355645684;1
0.14834700625701297;0
0.18876800603811408;0
0.3407375429890786;1
0.2746322219478532;0
0.36419952793375665;1
0.10431130891391391;0
0.2204496761812418;0
0.503819404233759;0
0.1806644034648934;0
0.23642623223624742;0
0.3014498206173796;0
0.4515353904758686;1
0.1892207504896139;0
0.3962025899122787;1
0.12650537927042882;0
0.03166781933923324;0
0.14939828782568684;0
0.14642303412817617;0
0.08019386598061146;1
0.5635548168744641;1
0.32762748915524215;0
0.16862234940456897;1
0.41187280507392593;1
0.3380957068007072;0
0.5600724647304363;1
0.01483593279843812;0
0.6171597554230385;1
0.25673971956802816;1
0.6557942052800892;1
0.6995530863724031;1
0.5857753976058399;1
0.414643332701674;0
0.5621124966688055;0
0.22432837069480796;0
0.3705879558016233;0
0.6457031137012244;1
0.6026128723790947;1
0.494971604514307;1
0.3991090352658324;0
0.6979258654151401;1
0.33864192911960966;1
0.4992034047937267;0
0.5450238143170689;0
0.4067274139729543;1
0.4097871742941138;0
0.5130330827025624;0
0.7534405235146826;1
0.47865390970456956;0
0.3758900688478459;0
0.6065993002780146;1
0.5612988249026225;0
0.47335898161207496;0
0.39900440033516826;0
0.5635664402716949;1
0.3772254469261476;0
0.47229726667643795;0
0.1344637136260836;1
0.5964106392769366;0
0.5263352731044413;0
0.4289522795687712;0
0.7407015917261475;0
0.20609638997484395;0
0.499421871981413;0
0.5224447331254579;1
0.31545646043901515;0
0.7412450280520346;1
0.598147097050447;1
0.6042881534132056;1
0.5420487307039892;0
0.7555555103810271;1
0.5349780809730128;0
0.6413647830363074;1
0.2961237294086292;0
0.485017833782952;0
0.6205333220381155;1
0.42532433597019315;0
0.6038950507166042;1
0.6127664517695596;1
0.6420469322524531;1
0.4453751078914167;1
0.3301706464647192;0
0.4231387874432942;1
0.201461538143003;1
0.11080345687789726;1
0.233598214709129;0
0.4429977384113326;1
0.36791714292978733;1
0.28549110040557546;1
0.14960442936613477;1
0.0858396938840602;0
0.2341241488431702;0
0.04774801536000886;0
0.2077511782153758;0
0.21948047012181143;0
0.1474455332013501;0
0.15683357337395437;0
0.13851804540321416;0
0.11914747924753057;0
0.1611023697806746;0
0.039904757078701475;0
0.29886813007339746;0
0.19293384713077102;0
0.156825354388566;0
0.23230903376481515;0
0.11967788329095742;0
0.27022077217363977;0
0.26580383622285925;0
0.5232200591603272;0
0.5671933704425343;0
0.8170766052193689;0
0.4807690697527364;0
0.4407529627673074;0
0.6664213425759947;0
0.42275370318936817;0
0.7120873616954235;0
0.36983943386420576;0
0.3083620975665804;0
0.6036424622634616;0
0.7359446828236664;0
0.3342902944704364;0
0.7000229669037428;0
0.7050925929422417;1
0.5035287631120461;0
0.4759439425778741;0
0.624371985514889;0
0.6227162192556818;0
0.40217576026618646;0
0.8662049036598639;0
0.458039475104678;0
0.6494525571046615;1
0.7983170550057701;1
0.2800900271395162;0
0.7172346419269515;1
0.34038175853263347;0
0.667877577837104;0
0.8502521764525572;0
0.26758455507791995;0
0.28622383584332056;0
0.33890766862756855;0
0.3741177255051253;1
0.050658770184010375;0
0.2956073273361211;0
0.31701620853522106;0
0.7486395364230416;1
0.7765080342119939;1
0.6937947560994956;1
0.8556524879744251;1
0.5919001672578759;1
0.9883841291508046;1
0.9107998631022015;1
0.6784215009787022;1
0.6700264146783295;1
0.8365213313698748;1
0.8416431444962303;1
0.3772662475185696;1
0.8419502943911832;1
0.7101348000691967;0
0.8459972851210872;1
0.2989616374691257;1
0.7669086858918813;1
0.7023036816890104;1
0.9449588027101505;1
0.5956122811181999;1
0.9490135347178095;1
0.614069805030653;1
0.9076656419481431;1
0.8047839610486592;1
0.6884306664202987;1
0.6250149327898155;1
0.6135072199844667;1
0.6747709593357364;1
0.6988269858776814;1
0.8228128897141097;1
0.82854663008997;1
0.8826753817256981;1
0.8688433626921865;1
0.7535327295262999;1
0.8656965457464408;1
0.7371861471647967;1
0.9252114306836372;1
0.7587831895122162;1
0.6868835379653827;1
0.7515843588820217;1
0.6203989306857162;1
0.7449273637981675;1
0.6393397324914923;1
0.674429120733156;1
0.7234492376353652;1
0.8158940844129801;1
0.9196791687726822;1
0.6746460369423634;1
0.7942088975722216;1
0.7708399469211316;1
0.8010187492767245;1
0.4539412199708885;0
0.8847717609922474;0
0.825106836427413;1
0.7109328464475465;0
0.800751193485651;1
0.763997072032773;1
0.7157129026071903;1
0.8514945140678236;1
0.8042983902642838;1
0.8182255308945879;1
0.8658523454149591;1
0.8238358133423158;1
0.6864981633022833;1
0.7420835268268783;1
0.7615626040373167;1
0.8657108199435072;1
0.06697934688271191;0
0.14843227831128147;0
0.02761874256074929;1
0.15039699043277666;0
0.32259738131577065;0
0.14666666666666928;1
0.2806942158755359;0
0.38916582764657376;1
0.2296936281018344;0
0.0017923978223181355;0
0.0126204405121736;0
0.39621732733002785;0
0.1333333333334308;1
0.018506260015992756;0
0.20064371436499248;0
0.26987952164668966;0
0.24154299002747204;0
0.14666666666841238;0
0.13333333333333333;0
0.48113193299066914;1
0.014466123669562927;0
0.1814709773406028;0
0.1331338704375996;0
0.00648158935212563;1
0.14764209213620602;0
0.020783739219165133;0
0.28803045181927106;0
0.009530369533034516;0
0.02937318171632153;0
0.026277206853153896;0
0.24976582089317223;0
0.2852393550870071;1
0.5083197104607919;0
0.16529984965075534;0
0.017083666200751736;1
0.009562790116464588;1
0.13766939561303423;0
0.13337216900768473;0
0.10212922703011018;0
0.7365390880827309;1
0.7446213788899518;0
0.678844974123331;0
0.7946346968714658;1
0.4208907544323964;1
0.7719502176488617;1
0.7280912092456453;0
0.6293049002498482;0
0.7451078610790411;0
0.6868640590555184;1
0.9051705608415015;1
0.7692789306938006;1
0.8235825032759718;1
0.6564090051132755;1
0.2148722969267963;1
0.5039781436241112;1
0.8068596218347424;1
0.8357188140979953;0
0.6380872158484163;1
0.6934728279867327;1
0.545411916353184;0
0.43753619400068544;1
0.7456476319266188;1
0.7700354481509224;1
0.5624817751989402;1
0.4081551624148458;1
0.13333333333379352;0
0.34461735578175207;1
0.26954808240690037;0
0.2636050116897168;0
0.48532096823165205;0
0.1819500374128827;0
0.09465607222360846;0
0.20611502248978011;0
0.14058377875812222;0
0.2004098777167636;0
0.24623364615589774;0
0.15797904125549464;0
0.21817883463237123;0
0.17047249501795245;0
0.5248633834496881;0
0.31809443912646074;0
0.7340873368055618;0
0.2581981209255513;0
0.3960771284326016;0
0.6985788508279613;0
0.6748992687078681;1
0.014788717770126419;0
0.1333537913773946;0
0.14666666666666672;0
0.0988564434680645;0
0.30955843446619197;1
0.3935194425556673;0
0.29007395764822147;0
0.3310482838306208;1
0.3422676115900379;1
0.3634979907406948;0
0.25971940232157514;1
0.6736585846094421;1
0.2782730152541228;0
0.25332442571509495;0
0.19491889116157537;0
0.24339172502242376;0
0.20770198487197214;0
0.2814509626020624;0
0.25227682769874654;0
0.36579800155629205;0
0.4760264771470399;0
0.6327641780759666;1
0.3077531340642934;1
0.40102883938000916;0
0.24333207467922496;0
0.21031738968818534;0
0.2606633646459283;0
0.2493044865842524;0
0.345372556693717;0
0.21278403188302272;0
0.14949214925353302;0
0.32880738763489825;0
0.17616840456078386;0
0.24491840995090983;0
0.32690361597380074;0
0.12710999679134483;0
0.2221877242693677;0
0.29437469842987873;0
0.13993722346153256;0
0.23408672212783302;0
0.1996429326777854;0
0.5897689398645025;1
0.13333617069939463;0
0.7513536076296066;1
0.5154808236756054;0
0.8774513509607786;1
0.7623411092671328;1
0.6836596925262071;1
0.5783608728376431;0
0.7080932367255577;1
0.5067920633614637;1
0.8113559616701581;1
0.9352827558656451;1
0.5250020679582306;1
0.6964540301348272;1
0.5785438659708457;1
0.8119774250171964;1
0.6979913854208419;1
0.5912421979443883;1
0.8016049162483185;1
0.8212781070157139;0
0.6458173613568337;0
0.9742026648388614;1
0.8111972614416401;1
0.5014449543974653;1
0.9300869516489;1
0.41479840790933653;1
0.3004589576820173;0
0.2906575667938785;0
0.37540953508648056;0
0.376460303358164;0
0.24143369813104149;0
0.7499131222819879;0
0.4431976509358203;0
0.11959789166323453;0
0.5133366354191375;0
0.17232047864877778;0
0.18570052540972662;0
0.21152182385418153;1
0.3860673535579297;1
0.29870799377873225;0
0.38431228997652056;0
0.392995573996828;0
0.18246486192139608;0
0.307502884205137;0
0.35908163721724845;0
0.34379101893443786;0
0.35077527125307745;0
0.5093281027792639;0
0.4895045414763744;0
0.5071829991818139;1
0.30269856636181963;0
0.31300800934451706;1
0.5132129711930082;0
0.004405161809594493;1
0.18633902260913834;0
0.13333333333333333;0
0.017768544334907946;0
0.028746648310887343;1
0.005635284929156834;0
0.48241564179449636;0
0.45876356566335413;0
0.48517783403034104;0
0.37299844534571014;0
0.42464368352636794;0
0.35166941738646607;0
0.03668162609256099;1
0.10275997137776649;0
0.13334791329876006;0
0.19968569807906242;0
0.25037928528139486;0
0.24343601303157547;0
0.3162206145637459;0
0.2376657479034211;0
0.25420728541328186;0
0.19768878101539192;0
0.37599944444264094;0
0.6190583503593247;0
0.6350592649560577;0
0.8299273243442712;0
0.31420789364889135;0
0.4152106168507831;0
0.8860717421991139;1
0.7059530196357883;1
0.7422140653954471;1
0.8011937297400405;1
0.7213816606921113;1
0.7576820301682857;1
0.726751404897874;1
0.7307259195402304;1
0.6467280354646234;1
0.7691161915620239;1
0.8262527847737523;1
0.7706959020843097;1
0.2059905150139179;0
0.23252876990915564;0
0.16038104053373517;0
0.34956701908738086;0
0.2784653648228895;1
0.19718438479284497;0
0.2130578269960688;0
0.13643410397283623;0
0.44550187978398964;0
0.33177595440239716;0
0.1172731242951001;0
0.04974378607500588;0
0.38276951150419675;1
0.23829387495542842;0
0.1957332817954709;0
0.24010004616491415;0
0.273392741818748;0
0.1087355675796747;0
0.34329548995010334;0
0.330931233717042;0
0.0921129754133819;0
0.20979653667812198;0
0.3308453235986411;0
0.04099965817977292;0
0.14667007715964456;0
0.41289219669332466;0
0.11071441660937686;0
0.08762972158048525;0
0.07027730893618687;0
0.10397935570985141;0
0.447917311430948;0
0.277118063165595;0
0.1253881574877335;0
0.2232555911566917;0
0.03546454484841322;0
0.09283398552696928;0
0.02870506501718505;0
0.32004860050557443;0
0.38612043674880425;0
0.34762761175955453;0
0.1333333333333336;0
0.013665345193023119;0
0.13333388293396506;0
0.006723476744571742;0
0.029013132219174568;0
0.007111799727194263;0
0.12143706653406613;0
0.07324657297006128;0
0.08430298100988769;0
0.13333341097160706;0
0.5781234065419537;0
0.4762161127719104;0
0.42529907406903905;0
0.04678650191357185;0
0.3068855623637075;0
0.0552941347491464;0
0.24643888007189887;0
0.28622693306195435;0
0.4921032502506195;0
0.2850878501643031;0
0.33581458809590325;0
0.18375778983478055;0
0.329867211454518;1
0.1980330070153734;1
0.1496208407467875;0
0.3707213911248935;0
0.34830602110629116;1
0.08495476762986502;1
0.18866048502618124;0
0.26286585649988553;0
0.38946050372083024;0
0.3279264016741861;1
0.14057434116994066;1
0.3549719674453639;1
0.4631123341784566;0
0.23916578744218686;0
0.27965783217041834;0
0.15136370486198533;0
0.23899698257479302;0
0.4408952839238162;0
0.30506180836338165;0
0.30915892771182196;0
0.15094548814762954;0
0.18711188373250529;0
0.39314472828914515;0
0.30948150617576536;0
0.14506908113279454;0
0.3455214563158806;0
0.4136270470744984;0
0.25994998109038675;0
0.3221906552472133;0
0.32402752643751115;0
0.2681428598594495;0
0.20734478538948992;0
0.42712299625154354;0
0.3927227929573646;0
0.4099059924177053;1
0.49507141258889753;1
0.34666669666578775;1
0.2822252167395494;0
0.43841430958992095;0
0.47346668079302284;1
0.5208262509312214;1
0.31698447830643794;0
0.26662625118312683;1
0.33026322469556474;1
0.3331390433080373;0
0.37616909591968517;1
0.30102710553323686;0
0.10121330248405808;0
0.3510380941149002;0
0.3961858818609146;1
0.31283421788035765;0
0.3185655394457083;0
0.2918564258616462;0
0.2956190488794985;0
0.28126077724542475;0
0.5564382521847396;1
0.13554339879372015;0
0.1494126904902258;0
0.1569538527875887;0
0.11065344209543253;0
0.5084577107157281;0
0.19698569951524417;0
0.27916506960673404;0
0.14447998242053323;0
0.19272688271138905;0
0.11011436343053613;0
0.16553079150878772;0
0.1819600236098033;0
0.13507002432949392;1
0.4397975935289589;1
0.23522427515246874;0
0.22392542980501332;0
0.15007168577586452;0
0.4187477358654489;0
0.1585293038914912;0
0.34287909496981633;0
0.494840387386355;0
0.25320805237420557;0
0.18805937285871568;0
0.13333411418589303;0
0.13334100685512945;0
0.14666666744302834;1
0.032591478490696255;0
0.10706596207894586;0
0.019302236647587064;0
0.13333344726863505;0
0.10412730197596162;0
0.03237868105380997;0
0.13333804695976462;0
0.22856468224210688;0
0.13259985499773908;0
0.30676960939112957;0
0.25796247748752016;0
0.18026584235868165;0
0.019109336455579592;0
0.14666668702166694;1
0.1351776600925624;0
0.09100640317716487;1
0.007055631931358512;0
0.14666666795038644;1
0.3753203632616339;0
0.013879243145316262;0
0.13333349483565052;1
0.5790026300255388;0
0.046398253172577605;1
0.1327904651710077;1
0.002570063791440753;0
0.13334946964586816;0
0.39732486430180974;0
0.21799625127342467;1
0.48922042938823174;0
0.4840597808445603;1
0.2231704030437929;0
0.3415632443381968;1
0.47185188968753283;1
0.34175243548974293;0
0.29637698356452585;1
0.3770586899663382;1
0.34334596281075186;0
0.30961723699309085;1
0.20625379409793038;0
0.05683012970244114;0
0.18239816454238092;0
0.2535488405581117;1
0.3720793900599762;0
0.3563662178824437;1
0.1953732502207012;0
0.2209301181697406;1
0.35991610260828455;1
0.3285277905236139;0
0.5107868774173616;0
0.3966735633190872;1
0.38405606330405884;1
0.345020201829264;1
0.0608637929822248;1
0.04959810311027202;0
0.01366834132407384;0
0.4644075058071577;0
0.12243678562120384;0
0.14451305747439724;0
0.2733261446296646;0
0.1888794380503843;0
0.06113315535977718;0
0.004070379474116538;0
0.13333333333333341;0
0.6163309251139818;0
0.12295047901840038;1
0.08556968063990485;0
0.0730877805654329;1
0.47420561568612185;0
0.13333333355111332;0
0.003869209079993333;0
0.13333333416712528;0
0.07083488053178169;0
0.12698026833226658;0
0.6124797580416269;0
0.015145173906761735;0
0.03240148327791253;1
0.0923275847842393;1
0.046525488959942206;0
0.13333334476043004;1
0.465389173968555;1
0.016934501197899677;0
0.39423260842456076;0
0.5108095582492868;1
0.11256272968887494;1
0.09903415048634694;0
0.42229811193339656;0
0.33243004086067557;1
0.1333386284875123;0
0.28199973523092053;0
0.016033609320077878;0
0.3540020490729398;1
0.1333271863470004;0
0.5373238801367796;1
0.45065985619888227;0
0.09716954567651694;0
0.34948246325239557;1
0.046044183371620265;1
0.013333475764211799;0
0.3271038747817727;0
0.06055810181620348;0
0.13399173648669702;0
0.19526803258130973;1
0.3037704493556376;1
0.3954031393917375;0
0.13349514599622084;0
0.6925267484413928;0
0.2514138035487661;0
0.12152198666084461;1
0.18289060007953856;0
0.3460982511584315;0
0.3452300478667165;0
0.13973319909300233;0
0.3321975096740731;0
0.3681047301120356;1
0.23212592369671417;0
0.21395359471237502;0
0.29560019436798995;0
0.35216172704748866;1
0.18931142944462523;0
0.25000866043985953;1
0.2844078976515174;0
0.4073317685754294;0
0.3248477933742318;0
0.317394046780225;0
0.22659362634086852;0
0.1595814028872334;0
0.35792160995103145;0
0.19241957431681894;1
0.3906605276053377;0
0.2794955895457681;0
0.31537567686315965;0
0.2804415054244818;0
0.4183044050124912;1
0.906618275673823;1
0.3472202171616646;0
0.3307944993687124;1
0.5007350435406211;1
0.33059425479237525;1
0.2546534791802607;1
0.183370994774094;1
0.23898772965656265;0
0.1841347448883391;0
0.12895251075306696;0
0.2748080842468731;0
0.09628528041009021;0
0.2123934935632549;0
0.435482976027401;0
0.34608920812218347;0
0.5031443731383575;0
0.298923813007181;0
0.3870829356843679;0
0.14656962800728757;0
0.18517335045811323;0
0.1771276003964016;0
0.16224371105226457;0
0.21685270806946766;0
0.21701003558048304;0
0.15527391039498806;0
0.08241961172834272;0
0.2297954716369836;0
0.36496129875960864;0
0.20167666963437586;0
0.3213834933666751;0
0.25503109551072306;0
0.1848646442713716;0
0.1676380931078086;0
0.1830129075223532;0
0.1932341419882958;0
0.2841774329463561;0
0.17055248419839572;0
0.17137458118655066;0
0.17248165127474444;0
0.19976171955217076;0
0.19611165175558185;0
0.16377850685673884;0
0.18078963323211272;0
0.16103153578081258;0
0.12635476117356156;0
0.2704566135600097;0
0.24793844583258845;0
0.33471753179547264;0
0.2163481518850092;0
0.15757467412417112;0
0.12031512285754555;0
0.24869269995991558;0
0.24122495283954742;0
0.29088328622464055;0
0.18904451717225976;0
0.08393442182301825;0
0.12356144886033654;0
0.24477055835271627;0
0.016224411615850743;0
0.00545480982142672;1
0.020077396545744697;0
0.8022536895035363;0
0.13334184727545234;0
0.30284426239080764;0
0.4711673106395525;0
0.4886075744377754;0
0.5211227550558349;0
0.16890672805432322;0
0.1333340165907265;0
0.5177687995316862;0
0.3018137086381465;0
0.351638051771144;0
0.6093550618405585;1
0.21281116455018464;1
0.5572597856379354;0
0.4104991320535256;1
0.2886140828228986;0
0.32163921183427396;1
0.6115298364983641;1
0.5556907458843305;1
0.5636130829012113;0
0.4866683924512078;0
0.1644760180518106;0
0.18698614240581582;0
0.1354903357458485;0
0.2515209546188744;0
0.19623430250615143;0
0.18884482730084767;1
0.2306266724126744;0
0.36436297855239225;0
0.22044198049085803;0
0.21669434281501257;1
0.25286569931097813;0
0.30088756980287557;0
0.36256143176805833;1
0.2146448313593478;0
0.25185848423991786;0
0.1643789610109466;0
0.27515329592144044;1
0.13677793811868888;0
0.1576517087669033;1
0.38915527571645553;1
0.39060447593551384;0
0.11070462987419383;0
0.16577421225987812;0
0.1252444999527048;0
0.5337976377551301;1
0.16981355451468297;0
0.6156337510430696;0
0.33834946594295234;0
0.2617141067585561;0
0.15615372375389505;0
0.28853986727901687;0
0.744357666323609;1
0.6726816043978534;0
0.31691950922436346;1
0.39510027714450796;1
0.3920573296392321;1
0.3133896368458328;0
0.30966557488864094;0
0.3429875096070421;0
0.3601063936502953;0
0.44076875128076626;1
0.29747569624935305;0
0.18857583108679707;0
0.3259138406508585;0
0.6783898480670705;1
0.6066962359792871;0
0.14666666666666894;0
0.412843988395664;1
0.7501647406740505;0
0.5487672649572513;1
0.1333333335714513;1
0.14761798164394108;1
0.5830841875764146;1
0.12544939793138835;0
0.47413555540163876;0
0.10873495967368282;0
0.25387118496130745;0
0.3089019997614039;1
0.4165146191790505;1
0.16001109751039996;0
0.14154321533929484;1
0.23348625376090287;0
0.20234473979155695;0
0.29985311053657127;0
0.38429344429709666;1
0.1927329428997406;0
0.13334678138617068;1
0.29312360600729065;0
0.22136103075718525;0
0.4022168674533076;0
0.14161203823689703;0
0.23622686420424174;0
0.133373554603209;0
0.4686050458795456;0
0.4673256186508768;0
0.3224101057649818;0
0.6306655383599338;0
0.4575200919372842;0
0.20143743660994867;0
0.6149777811483488;1
0.2840550817846527;0
0.3166968359557151;0
0.17729086198600952;0
0.3847586447170299;0
0.7164955508249282;1
0.8689604407481124;1
0.5074327162627655;0
0.27803347691348856;0
0.09299616943562936;0
0.24988736364765032;0
0.14393053887735327;0
0.48898688243123883;0
0.30960211324774833;0
0.053244938282523656;0
0.2560375290614835;0
0.2648591397275826;0
0.07974820339194409;0
0.07711358493705553;0
0.09333055688887852;0
0.13930657129659182;0
0.3990362548918222;1
0.23801743617673632;1
0.1463515175078008;0
0.19658368768879678;0
0.25267518340594125;0
0.11921136853903914;0
0.10749022224552875;0
0.4578538204708466;1
0.43788360902074175;0
0.6722425566844416;1
0.5359451789165923;0
0.6428407791282476;0
0.13333333333333333;0
0.1333333333450069;0
0.14666666666666667;0
0.13333334522268922;0
0.017692318088181194;0
0.25659769511399577;0
0.4058988916696147;0
0.2887774232735838;0
0.25201203587692317;1
0.3389578881645323;0
0.4996216443250116;1
0.4184472479998151;0
0.14999836102743194;0
0.3587238484160478;1
0.33851585588454447;1
0.24083238948054547;0
0.29826687994380224;0
0.4099303580487591;1
0.3528582857352638;0
0.255728085959838;0
0.25742068659197137;1
0.37787310275770813;1
0.511441126342066;1
0.3411871496879472;0
0.4130577246724955;0
0.6780685517961428;0
0.7518379728788672;0
0.8840736747788963;1
0.2337656340024977;0
0.2724887811608956;0
0.23128138616752777;0
0.1296565344701742;0
0.2924378945891715;0
0.12818232706030058;0
0.19005066443861374;0
0.14666789166187666;0
0.14666666666666672;0
0.025802279966310356;0
0.14428020362295804;0
0.3286772284003614;1
0.3757182131726815;0
0.13554340603622062;0
0.33660451195386243;1
0.16326027139174795;0
0.524497144047767;0
0.35144789145717126;0
0.39367960329325075;0
0.2737340542594858;1
0.32714796660572293;0
0.568167122436033;1
0.32361120531471776;0
0.24581472620832792;0
0.44022083776883847;0
0.4609836256958791;0
0.11016286226517373;1
0.4321921399110637;1
0.3192667641574964;0
0.1893063779751856;1
0.20956155289128384;0
0.3281911144290027;0
0.258048221857951;0
0.07648270228182023;0
0.18215102089273155;1
0.41697846287105245;0
0.42577975548693475;0
0.3878672608669321;1
0.31224173288169726;1
0.39323058108895714;0
0.02751043431011191;0
0.10095417611998084;0
0.28169638875446534;0
0.5270501470157541;0
0.46321032881603447;0
0.38734944760540574;0
0.6384882150895098;1
0.41023979913243147;0
0.3998937866666783;0
0.43199487086800614;0
0.44637185483059805;0
0.3984541267195447;0
0.588035113066679;1
0.511847156259989;0
0.16701128819504796;0
0.42592377892090594;0
0.21078858781105062;0
0.1466666714050974;0
0.39045393086952;0
0.4107309837541987;0
0.30846569127847717;0
0.4487808391580232;1
0.1984837525833442;0
0.1856039529651034;0
0.43839895546105756;0
0.1484278015909416;0
0.11814987290955349;0
0.4416171272925315;0
0.49745756135447816;0
0.21615732862185572;0
0.6368319269714796;0
0.7721075388616425;1
0.2817393889573856;1
0.6483149534631627;0
0.3862844181978479;1
0.28075837992546665;0
0.3701961235853265;0
0.5433670131901758;0
0.11213708453004924;0
0.18765631613956676;0
0.18405118410131843;0
0.08717209824740901;0
0.33004686136314804;0
0.22594382200431487;0
0.23579098344228272;1
0.2065354362835633;0
0.1941210503608518;0
0.2816021869711739;0
0.2518087236468784;0
0.329303795138284;0
0.21396105412320593;1
0.411974836814507;1
0.4863624250286267;0
0.5471751706817345;1
0.3167502479713777;0
0.298686309525621;0
0.45573732555176527;1
0.4803262670391185;1
0.6272083504635226;1
0.5744796015074388;1
0.6395812858589237;1
0.5424266401169198;1
0.5071164550313586;1
0.13026382416582724;0
0.14822165405345522;0
0.18150753388997476;0
0.12016001255141524;0
0.198841414431239;0
0.30148127621997045;1
0.4244452846353166;0
0.16281560688582142;0
0.14178519708068463;0
0.2130409929024909;0
0.32138129847621655;1
0.3399140062096407;0
0.14526023764600207;0
0.6830046208959072;0
0.5706025383402058;1
0.2449384550538269;1
0.49280105169062227;0
0.5090080246735446;1
0.542455038562145;1
0.2398406971614175;0
0.4097398821582408;0
0.37575226513122384;0
0.3475126782137914;0
0.1173986717233455;0
0.16687244581518915;0
0.01169219480445393;0
0.17293469322653093;1
0.06073621634663596;0
0.012818511979937906;0
0.13333744496904074;1
0.027629936185399415;0
0.1466667803556101;0
0.40265712180228813;0
0.13343486402519047;1
0.2175006454818624;0
0.329560348272704;1
0.09451122405445787;0
0.30100873141666384;1
0.3441333602069428;1
0.14675563939490316;0
0.542828390505861;0
0.12306547955056539;0
0.013953378569548184;0
0.24308510823095247;1
0.14662713049972098;0
0.1466666675134477;1
0.029113414439468688;0
0.05927295631041334;0
0.628560078374766;1
0.03818797585215438;0
0.14666670240212498;0
0.5562449224877484;0
0.13333441571535892;1
0.47222257370670234;0
0.0947659576207027;1
0.2689409920568197;0
0.20497029914573622;1
0.6543407665963248;0
0.14668078969356452;0
0.24832447006950137;0
0.2414073964657878;0
0.265329330587913;0
0.251290675472486;0
0.14666666678567816;0
0.025248095823803444;0
0.1759563717865095;0
0.3828914036488815;0
0.005689134575509854;0
0.2050615350207484;1
0.17909679072625134;0
0.5932120256974027;0
0.12889255993383272;0
0.13333333333333391;0
0.009384800529746648;0
0.0029280437260354743;0
0.030020559272607574;0
0.03398774144711939;0
0.1466666666666667;0
0.347285804217509;0
0.5442396693966223;0
0.14666666666666667;0
0.4949994496169315;1
0.09133332672599465;0
0.571021361653899;0
0.39055760633326625;0
0.13333553844503432;1
0.1241859193827621;0
0.017406109157333496;0
0.05883151759881235;0
0.133369170105748;1
0.5119982149386947;0
0.13344601727656194;0
0.23233784639884528;1
0.4601280843430603;0
0.11504521155590526;0
0.251455484289389;0
0.26291166757421885;1
0.3602486593695418;0
0.3158970548316464;1
0.2847073106211092;1
0.177093752752039;1
0.45150422102933274;0
0.24460717941809332;0
0.3298101362635118;0
0.829287308800476;1
0.5782693303743662;1
0.8923555506889559;0
0.35511746313610376;1
0.7943912225744278;1
0.6959915747083606;1
0.7126248698001003;1
0.5926275641734182;1
0.020579585190936656;0
0.3105373371618422;0
0.5039486286389945;0
0.6005328914439775;1
0.5125818547466006;1
0.37581883719949205;0
0.36671910293418564;0
0.27681056484963235;0
0.16007613609216012;0
0.3304418064682227;0
0.7721884302247113;1
0.1951769156197805;1
0.5293171958769215;0
0.8222027524553038;1
0.4944561634361503;1
0.6443567193853369;1
0.7967548146348414;1
0.7954616606164883;1
0.8072038072845363;1
0.7785516411603808;1
0.7724320939256528;1
0.6823912780080619;1
0.7722394204262698;1
0.1923525458175714;0
0.7023141463341915;1
0.5201232312811834;1
0.3180887848009594;0
0.0733853824022967;0
0.2937657694459215;0
0.3374111998327425;0
0.22875212757778282;1
0.3328079075020566;1
0.20906828928049093;0
0.02181840972247158;0
0.07103685536891892;0
0.2014654216260239;0
0.12382149919004168;0
0.13333383491543652;0
0.020594133636441143;0
0.3240588543056593;1
0.6035421312098216;1
0.26958353924121975;1
0.3904495510813806;1
0.29466992738592;0
0.5660401934730802;1
0.1724252326405552;0
0.23161322560611508;0
0.36831535682982897;0
0.37067511602149017;0
0.015379073490576056;0
0.01727388772205395;0
0.5325207939926051;0
0.6786464763374931;1
0.14666666703016384;1
0.014435568995000663;0
0.1196749328352514;0
0.14667378684819665;0
0.3765213584817821;1
0.21763309878237316;0
0.11310392975391785;0
0.13333401287537736;0
0.60515537323931;1
0.09039046981650302;0
0.267365844141751;0
0.24192936529903156;0
0.2856407941882472;0
0.16213322479969414;1
0.2558942920693192;0
0.2792423776245223;1
0.2208840572245064;0
0.35965660440478947;0
0.25312361224546576;1
0.07624979785952954;0
0.35792220601808056;1
0.2134082664639764;0
0.23241149778656697;1
0.27846180230234946;0
0.14495363533869143;0
0.24083754164296114;1
0.43448468311455996;0
0.20110598591921555;1
0.3961124261855822;0
0.1434485986741055;0
0.1735925632046663;0
0.32619173576952176;1
0.25723428364042494;1
0.259343386353169;0
0.14410418730477784;0
0.15518940511591117;1
0.11571687783361682;0
0.0003624774346095293;0
0.051992644053804014;0
0.3665461657834895;0
0.46314288714533186;0
0.08739693665426694;0
0.13333366945248232;0
0.2759377666993851;0
0.20183203289753196;0
0.6490750779516457;1
0.1333333340900172;0
0.2488041344484383;0
0.028029976144452007;0
0.5598129465937984;1
0.023624746775702712;0
0.055431941871610706;0
0.13333334455722454;0
0.41781888382778126;1
0.10792124060561603;0
0.11582664386072757;0
0.674610985868074;0
0.20852664140833574;0
0.2953674467527932;1
0.2395714061145454;1
0.8360164365133758;1
0.5612084163276897;0
0.40558617714229084;0
0.39987358582830745;0
0.08186337742554285;0
0.3040181664084485;0
0.009139784163510833;0
0.13333357130028023;0
0.4133725359275006;1
0.22348162623234785;0
0.20724365670990558;0
0.08621932658827554;0
0.7018601825255186;1
0.20916012807727938;0
0.7367436978165589;0
0.8364863944912062;1
0.35995555627752474;0
0.49914976704785347;1
0.14908940663636064;0
0.5365262131347199;0
0.019210467193456426;1
0.6115848790125513;1
0.03413938542296768;1
0.13333333333333333;0
0.11056155034932996;0
0.15388220562473698;0
0.47286379286231806;0
0.04535619154146489;0
0.31858095436331774;1
0.1336168982602775;1
0.2987169989038825;0
0.6434027252900579;0
0.43611446112635616;0
0.06672172424510238;0
0.45251046929968103;1
0.016071751383226408;0
0.650877728168935;0
0.6603054616310257;0
0.5069617030071296;1
0.07258511899350531;1
0.5906723578094927;1
0.3413427009411246;1
0.31543037885298725;1
0.48531704486646193;1
0.3351872501892154;0
0.47563495909907705;0
0.5010455983169665;0
0.14666682772362444;0
0.10129656404404085;0
0.13333368709090435;0
0.08924203641272495;0
0.14666671418482488;0
0.5912790345330152;0
0.14691416750841887;0
0.48379416919111645;1
0.1338557948431142;0
0.8269796815297373;1
0.4539978591608331;0
0.21713821116081447;0
0.19662051063778033;0
0.14055899571327407;0
0.2062538893073554;0
0.4995181157629487;0
0.23887164592502758;0
0.2345748748504704;0
0.07771146032649527;0
0.15310354996066095;0
0.26281422020486206;1
0.36652238314246194;0
0.43739828148278975;1
0.18240733758056413;1
0.2115184235833455;0
0.3018633958270108;0
0.3500221917945988;1
0.3586535370581132;1
0.12980379984128157;1
0.21408709796140057;0
0.4211871398154235;1
0.22599910920212518;1
0.12127955805834936;0
0.2876823661034514;0
0.10202469839802313;0
0.14666667432946726;0
0.5599857080872296;1
0.5840514521858481;0
0.051665922818610405;1
0.10733463822844447;1
0.2052696578927062;0
0.31048995649183436;0
0.4459539333906048;0
0.156342986070646;0
0.07156268607814109;1
0.13333368206887358;0
0.3889116659575245;0
0.13333333333333333;0
0.1333333382776863;0
0.4053199452285752;0
0.4420901198777596;1
0.48647468847221964;1
0.4133955180732046;0
0.13333333333333333;0
0.13333333333333333;0
0.14666666666768416;0
0.23752266707920824;0
0.13333333333333333;0
0.03615734758191835;0
0.0017439186682298529;0
0.14666666666666667;0
0.36150816964634147;0
0.5001574729447235;0
0.6146730236184725;1
0.4579358993596757;1
0.5178390344329945;1
0.16476494092426827;1
0.6088827186898113;1
0.2432602608490994;0
0.4455284833208368;0
0.3325528642780359;1
0.48817574485506554;1
0.44665076764525746;1
0.5013945134751759;1
0.3359987977532958;0
0.4087802839286857;1
