pred;y01
0.04545599734279523;0
0.13030501958432417;0
0.00320774065020504;0
1.0;0
0.00976671409647051;0
0.05069829569445071;0
0.9996423170992225;0
0.012517599547334139;0
0.05295413339012527;1
0.55547877748809;0
0.8770304743902623;0
0.3034034930697386;0
0.0866800720742991;1
0.05093357512600036;1
0.014546162706183198;0
0.31211387360114434;1
0.08152223528060187;0
0.23558484828583562;1
0.15563549920006234;1
0.04972815848823072;0
0.05196924606580442;0
0.1010453219788874;0
0.09870043053264066;1
0.14495134017993658;1
0.08218618415868194;1
0.11581268272344991;1
0.16712313946879834;0
0.19340169596085297;0
0.49330690379793185;1
0.0667073356063665;1
0.17026960062886143;0
0.10570301115351227;0
0.1435919096966563;0
0.2955668446614126;0
0.2266428752133903;0
0.22393206319416023;0
0.22646801251716334;1
0.4689965186482982;1
0.11891026685086542;1
0.2753798441489651;0
0.28922350303114147;0
0.11725798201534253;0
0.2852974639295256;0
0.15923129677476816;0
0.25535032907384003;1
0.1537875196608929;1
0.17510376563794108;1
0.0731459412162459;0
0.2901773921808395;1
0.2707806173788628;1
0.2636381312423041;1
0.21058182888946383;0
0.18926671814056234;0
0.2789907780942553;0
0.22127698948228824;0
0.3997987441115277;0
0.4977667613649634;1
0.03479196449443336;0
0.24165853108936075;0
0.1273919839160253;1
0.43080173696708923;1
0.9011098660095012;0
0.08931714875505299;1
0.09300114942582181;0
0.10705083949204462;0
0.21897293261820155;0
0.10130556449596216;0
0.17024867942319877;0
0.22717945386761518;0
0.0657454720813921;0
0.04383274616766415;0
0.05221039117012726;0
0.09771448890486488;1
0.15688489088853463;0
0.19069425688129504;0
0.30768652102479005;1
0.357115608457014;0
0.2070299166814536;0
0.20746554397651165;0
0.5321261075781816;1
0.20850750653889663;1
0.2166637524641927;0
0.43926759895799106;1
0.2437816887052929;1
0.25400613379443615;1
0.2584889512433823;1
0.28144063336075625;1
0.3508140321419491;1
0.3803091090185155;1
0.2968409998027797;1
0.5879375770986287;1
0.26047438343269436;1
0.40572724814703465;1
0.06706122329514691;0
0.29808153809774884;0
0.38183073558386016;1
0.45882250305580535;0
0.21376493325019916;1
0.20338404955841538;1
0.16494622656317928;0
0.36495911674316495;1
0.4324266195578725;0
0.41995693511652776;1
0.18298585848254775;0
0.05836091483893022;1
0.3637123837043892;0
0.17148541210164464;1
0.35116661093250706;1
0.020554738299361355;1
0.1468092722769944;0
0.5108539641860079;0
0.2629700653986053;0
0.09772377624432069;0
0.4903906420187102;0
0.08150492551319839;0
0.1408179792846598;0
0.5136056360797622;1
0.1845910523140597;1
0.19413352802369552;0
0.1778352208599541;1
0.2604141877143429;1
0.3468299881379159;1
0.23993270594808297;1
0.31488279102941774;1
0.5332727422080463;0
0.13510336077572857;1
0.3931372764410174;0
0.044636987693857134;1
0.11392413062357883;0
0.3361795196850475;1
0.09377507790636565;0
0.3657824331474788;1
0.2525218885850178;1
0.4586184222741001;1
0.4562001107648736;0
0.4726259010197069;0
0.1853962741136065;0
0.07865131983504021;0
0.0827724131461782;0
0.5291324861278476;1
0.2527470231891356;1
0.1840614375577013;0
0.08965460772891189;1
0.15073678323525597;1
0.6306490526637097;0
0.3295263054669111;0
0.048848865694114105;0
0.26457012446965117;0
0.8722037994987611;0
0.41623372240741197;0
0.14493034269234412;0
0.4353416706604596;0
0.10256581314391683;0
0.4070075749334388;1
0.5139733277390096;0
0.314708376946173;0
0.43901301383630453;0
0.10306020495493107;0
0.09183990728507925;0
0.03251956442656554;0
0.1370802226693742;0
0.3751105811937167;0
0.39069590347601374;0
0.29572557609226086;1
0.1837189143188928;0
0.21533659137191352;0
0.2178768445198606;1
0.42396131964291783;1
0.2495706701205482;1
0.3349337687253931;0
0.3070025092730217;1
0.08869106448129503;1
0.19956935035257628;1
0.9999907907792199;0
0.3356939151256891;1
0.7779167056087452;1
0.38297212070169784;1
0.47982584821415514;1
0.3925088533628139;1
0.38166016713357176;0
0.4894608608218885;0
0.3362947411140345;1
0.7063060396666752;1
0.4581288002341126;1
0.4625052142680941;1
0.44022730182818287;1
0.318359220364902;1
0.439896739066582;1
0.5011532576620173;1
0.48091671862434776;1
0.6263247717466685;1
0.4590439739149062;0
0.6582725895364745;1
0.35869725918727596;1
0.3463761032069071;0
0.3631696143376418;1
0.6267381569898387;1
0.7207056944683;1
0.7656291705885631;1
0.6409162778846962;0
0.4822875547708056;0
0.1729087589389887;1
0.6074132300616776;1
0.5287208612226104;1
0.5447323737218004;1
0.3171026679187661;0
0.24053329739655427;1
0.5190989489925638;1
0.9999965347632828;0
0.27938745458364034;0
0.24046589023535417;0
0.24370521992484775;0
0.195095005951525;0
0.1913197594291916;0
0.09879690394103341;0
0.3062139239266059;0
0.39954717015320257;0
0.7015941445070093;1
0.12098688369314463;0
0.14179155093172127;0
0.22633721197761464;0
0.9983220304884336;1
0.1787781423431768;0
0.35103299862620885;0
0.21067399191127842;1
0.8838619799841988;0
0.03462574488213444;0
0.08601965122025786;0
6.3972230330809e-06;0
0.3536774739782817;1
0.08685919261224413;0
0.47139562473239977;1
0.5005137087933837;0
0.9999999999998341;0
0.0002623628156411209;0
0.46282907639644133;1
0.0008829469870958979;0
0.22525923591664082;0
0.3564533344784561;1
0.5090764831647763;0
0.06848614015783577;1
0.051058970112731646;0
0.0505691851858769;0
0.23357028244461203;0
0.2632526049798999;0
0.18645568983298103;0
0.14322071841506862;0
0.09073171989002861;0
0.07037650699153838;0
0.6459460316967864;0
0.08529311216769114;0
0.17903667745253815;0
0.10483495452051912;0
0.04088294359496343;0
0.08813647138298868;0
0.47512608373522736;0
0.06085440115344706;0
0.08287319249903351;0
0.0741222586586872;0
0.49822570270831507;0
0.32461268338819144;0
0.06677991373116587;0
0.19614436696084764;0
0.141921984977695;0
0.056259461354786225;0
0.2446320270660497;0
0.09719945364430946;0
0.3964494679031676;0
0.21594396887723363;0
0.09809888236774011;0
0.22268608815287375;0
0.16527827765342706;0
0.14557353828088562;0
0.09791296479241807;1
0.20174097999064555;0
0.197397085901481;0
0.07049754039876285;1
0.36564317221244386;0
0.21193499368444127;0
0.15314627458983118;0
0.31909942713779393;0
0.3032593876392771;0
0.68222377091069;0
0.10198321796360657;0
0.012887186992563658;1
0.3327418503371165;0
0.3196799678859595;0
0.30112346595523687;0
0.18086750711769534;0
0.10372205126866123;0
0.22345238150925809;0
0.1564058451484047;0
0.2954109550227594;0
0.41762544517386685;0
0.30455460908292714;1
0.3733772088448313;1
0.19877839859872623;1
0.14746789853007156;0
0.9999743991201832;0
0.05187893084098534;1
0.10379212009523273;1
0.046783145647380196;0
0.19754211062594235;0
0.485912400188835;0
0.06447912917931112;0
0.09470208936782698;0
0.21484146141106122;0
0.07473683609020466;0
0.3184822428774599;0
0.3373036267240229;0
0.2782384236021081;1
0.9988559743697846;1
0.07651129068960741;0
0.09143587323349288;1
0.10921540782803515;1
0.05589377922415824;0
0.1888888190020025;0
0.3157676102844681;1
0.2710270698002984;0
0.09343811569844591;1
0.05296203320249026;1
0.04756524962775506;1
0.21991043002237773;0
0.14282609269456076;0
0.09845475405283714;0
0.23044041605035775;0
0.09987438265661874;0
0.24882451424559746;0
0.11170048947642239;0
0.2479244783652087;0
0.2884141705052855;0
0.11371994051118053;0
0.06901149173921983;0
0.01613019919216291;0
0.5575030535977479;0
0.16393530651278482;0
0.296218389504612;0
0.1703145002923251;0
0.25143624844700496;0
0.1809919177709412;0
0.08850842094293433;0
0.07141743471373076;0
0.15307058184409195;0
0.5490850547546381;0
0.20095952363703934;0
0.09228692173672726;0
0.3250749969617411;0
0.12620154696915223;0
0.054483094226003066;0
0.2199871585661467;1
0.057401022676621574;0
0.03862013634863906;0
0.26833931147681267;0
0.20865910001475008;0
0.13636469475549273;0
0.11031508299037548;0
0.19021672431790004;0
0.09714691741296491;0
0.27561694224221256;0
0.06810758475334949;0
0.17085373697583064;0
0.06672516799847997;0
0.2828978710196685;1
0.3168466617563699;0
0.20095865463068197;0
0.3130134079745533;1
0.028810152925774404;0
0.01569622972077421;1
0.1751269931491227;1
0.5576197531452127;0
0.2996376963535123;0
0.13936078178479516;1
0.4271257868029537;1
0.06192836927241938;0
0.31325728348635223;0
0.06676160484705819;1
0.3898792372107799;0
0.39878666413105457;1
0.07255672561080014;0
0.05058061301448899;0
0.29054105211840764;1
0.2609407231390221;0
0.18860635785663835;0
0.13712330985383198;0
0.549262658596096;1
0.769135424701771;1
0.9052778455834667;0
0.35990459916555695;0
0.6790832259086395;0
0.7152069917250998;0
0.636124476906761;1
0.5938065908283614;0
0.7481966615286838;0
0.8818771147038603;0
0.386560559338477;0
0.6832294027919759;0
0.49255260196686435;0
0.6918572170969913;0
0.43780662497828;0
0.11623387156872798;0
0.293006295506481;0
0.2716447021635307;0
0.5835941189711363;0
0.5638608772794405;0
0.489952122137518;0
0.6380345885813146;0
0.7158967693213416;0
0.2771455483485107;0
0.2720339992609796;0
0.2688904063133303;0
0.06486763343736973;0
0.07166283829534052;0
0.4137972234107531;0
0.8123717570521191;0
0.0720175591314327;0
0.17860611779369664;0
0.12890163587983203;0
0.9471698368650596;1
0.151481707284061;0
0.0770784583512512;0
0.24945242920401606;0
0.2761193964040901;0
0.3459965362481485;0
0.19331462704483035;0
0.22466302246503767;0
0.3476605258569925;0
0.2673295679853285;0
0.4812100760942684;0
0.32775253070990845;0
0.35524266424361156;0
0.48263600758179326;0
0.8670516771812644;0
0.2241815199024413;0
0.29653420785098483;0
0.41650421517399044;0
0.2645378110005346;0
0.4475063846872407;0
0.08040790418629457;0
0.3304779375738305;0
0.013850452810048998;0
0.007764519988228655;0
0.007399309971864753;0
0.3648963179925485;0
0.05547216518586624;0
0.03912066308004454;0
0.007176309923960334;0
0.016950713028859983;0
0.03254440213495293;0
2.62617995459993e-05;0
0.01915884649216239;0
0.0010581788742171875;0
0.0010738632787280996;0
0.3106390816844488;0
0.17703868977886064;0
0.121284241988029;0
0.16607190436964442;1
0.33883319834889447;0
0.21246116746273086;1
0.21138457858996224;0
0.08037997276242115;0
0.16362548553200093;0
0.007130588409718944;0
0.2483940189314236;0
0.11789586996358674;0
0.17003028614136795;0
0.0918649083512014;0
0.03947528977645289;0
0.038138033173458805;0
0.24766157916209924;0
0.03999589239504991;0
0.1676263397554416;0
0.1298421431668015;1
0.12375902020458306;0
0.29168702983814027;0
0.7986990038676679;0
0.3497582089367642;0
0.30958971316459466;1
0.1290992230248612;1
0.07781119757548526;0
0.3369160117986909;0
0.343224356193694;0
0.049151588556918084;0
0.576983774454543;1
0.3154018866426179;1
0.24753587262858157;1
0.020741606402803262;0
0.004799336466791879;0
0.0615471327249443;0
0.009041498013713284;0
0.1115019910367321;1
0.0006054563186220773;0
0.11356476866528542;0
0.12685198742022832;0
0.17781980541474746;1
0.06706909053058621;0
0.03387568292054865;0
0.10305718077366603;0
0.08586564375612289;1
0.09763934258093629;0
0.16424899261978346;0
0.10945650948205536;0
0.02026774660142497;0
0.2769676809869962;1
0.17721246111063332;0
0.23178913201099213;0
0.17992033127902407;0
0.008993967905124082;0
0.035666024358779726;1
0.049391751937763226;0
0.3280522130062107;1
0.04883091914216587;0
0.5314717697684674;0
0.14436078002850017;0
0.31610078578445305;1
0.1404096267575583;1
0.0238546635191219;0
0.11386455865856546;1
0.2446840604502242;0
0.6932047555752122;1
0.8308514933687156;0
0.7940878432688131;1
0.4891062374572453;1
0.7335164926573321;1
0.8108900935575241;1
0.7725528455145781;1
0.7939121941493353;1
0.8456751402139989;1
0.7653602343776228;1
0.7253743561973852;1
0.7319058479677599;1
0.7275029642741094;1
0.8457543363704602;1
0.7728383863147551;1
0.5601870529005225;1
0.7427052063293155;0
0.7426655800988803;1
0.9249701749281637;1
0.5483860862335467;1
0.7995022260410802;1
0.7525095417044873;1
0.9997536659016911;1
0.6208594078770855;1
0.7075003414206924;1
0.8906908473269838;1
0.7304647245087557;1
0.5078865049656178;1
0.7609746310378088;1
0.751268730802328;1
0.8511425881620205;1
0.6745047547340044;1
0.6798345695671274;1
0.7348423347793089;1
0.7768519926257819;1
0.69958859615059;1
0.7580241589454644;1
0.984204207572776;1
0.915047818212521;1
0.6730506164810132;1
0.8832940157487034;1
0.8617380918667382;1
0.7108181308689552;1
0.8011497008553626;1
0.9395697885722696;1
0.6332479848191899;1
0.754742702366656;1
0.48223091337013707;1
0.9863838176687595;1
0.9985400717886501;1
0.7767843568039292;1
0.7596891844583451;1
0.8594622183272821;1
0.6925958875075912;1
0.8192654811650455;1
0.6713040344054919;1
0.4249615973614507;1
0.6116674908263531;1
0.2294344423158577;1
0.7938137646178193;1
0.6262400817647797;1
0.49208741140375967;1
0.7506041225800583;1
0.6867834153096101;1
0.7598911159200593;1
0.3748018035728484;1
0.985870142708693;1
0.5653239407175492;1
0.26772843863535806;1
0.7214637345120977;1
0.967341618511851;1
0.21904910060939362;1
0.46083569074145647;1
0.7934278245236409;1
0.013776377259023918;0
0.11380265132828651;0
0.40148258860719566;0
0.06062583973409631;0
0.010523865550121306;0
0.12075010084460168;1
0.046549151005006416;0
0.24196105007438173;0
0.08828008404108302;0
0.071650861398311;0
1.7936288510455989e-09;0
0.09707183614347059;0
0.9747499404531871;1
0.8741178519444288;1
0.883932692898635;1
0.7966301692785642;1
0.7406683700354664;0
0.7955722028016183;0
0.6028774962644169;0
0.6453440318928159;0
0.6429339545531775;1
0.820950971725242;0
0.5961027765997069;0
0.7439916701825007;0
0.4923883238789871;0
0.6210218562391018;0
0.8336842250170856;1
0.5220536123880462;0
0.968094133932091;1
0.9236926595071212;1
0.6984617488284384;1
0.8523767920187253;1
0.9371707144737882;1
0.7633287555906364;1
0.6729316920280667;1
0.8832560539818264;1
0.8402473197911392;1
0.6541460806304984;1
0.5788563883993383;1
0.7270959532546474;1
0.8967775433301722;1
0.874436713390222;1
0.8655939510562073;1
0.663820400662501;1
0.6002990356772923;0
0.8844044641217105;1
0.7806884149655389;0
0.6329218616192445;1
0.36664580554771325;1
0.06604399147848507;1
0.03471294017683692;0
0.28388481824531125;0
0.03907013236535257;0
0.5855130526216642;0
0.1482007024126394;0
0.23611149756988342;1
0.10893897051517544;0
0.06794933818008912;0
0.1535195094508282;0
0.2225702377802654;1
0.16589232187954323;0
0.15461181793350334;0
0.10020393790438505;0
0.1696006518282353;0
0.13968334157310375;0
0.12829419807981285;0
0.18803524904655317;0
0.13798684445202936;0
0.13435996697412603;0
0.18053488716683913;0
0.2614638952289465;0
0.3020624564771736;0
0.5917980572467723;1
0.24607477466464922;1
0.16966410661327475;1
0.6964322536758724;0
0.33115410912109566;0
0.23974857117951182;1
0.6045424197806989;1
0.3633737875271215;0
0.48138547818008703;1
0.3643343443056268;1
0.2839523002329795;0
0.5537719586533687;0
0.3934129856478468;1
0.083152787932836;0
0.46211096658911943;1
0.4438643905024913;1
0.11530505274169205;1
0.2994948685606666;1
0.42974322384138525;0
0.24725747100935042;1
0.3755955802053254;0
0.27692228532057334;0
0.4007618178012941;1
0.3192879697863847;0
0.28795995499470406;0
0.3477857169828472;0
0.2311065870587151;0
0.07959594430173131;0
0.42758013857805616;0
0.13418317905860494;0
0.40868577110493287;1
0.36777289411909103;0
0.18308480501250307;1
0.14591562697497354;1
0.36243236471223866;1
0.4663107379377025;1
0.19930306711341003;1
0.7148622062705582;1
0.5159316795680684;1
0.42048324608337134;1
0.6075665236790367;0
0.44696782654593614;1
0.07336182548208092;1
0.9065539242796102;0
0.32324703688516726;1
0.5180421055945293;0
0.09698122126721857;0
0.366320963091162;0
0.6506980093628976;1
0.9218433589268503;0
0.47115940691995584;1
0.5354573905777192;1
0.9330037625567027;1
0.41583306396734854;1
0.30949790890719137;1
0.2935487060911981;0
0.4274984686483457;0
0.47896718149224526;1
0.9875709939179589;1
0.22607507441011804;0
0.1605225750584415;0
0.8416787057102861;0
0.24044794112968776;1
0.6909506320789623;0
0.38254054037751684;0
0.356030383174851;1
0.15801037439915724;0
0.07838896842641825;0
0.3014090548336511;0
0.4268025272682479;0
0.3181286339028364;0
0.9981949801608654;0
0.10410526340669408;0
0.36690222402740036;0
0.2687049548271044;0
0.614225957146281;1
0.03392647761747484;0
0.12498430803276203;0
0.520058228157495;0
0.7189946373910383;0
0.7687977845411229;0
0.5576421721348213;0
0.8640620584884683;0
0.3776443372444631;0
0.12793098344750317;0
0.15469642455242608;1
0.36904547176970964;1
0.07246062342740067;0
0.723878724468409;0
0.06457960680814051;0
0.04069301738507345;0
0.33542940104402974;1
0.44191022050276996;1
0.4590616944771538;0
0.1696698995026717;0
0.9697411822389688;1
0.19564279908987917;0
0.19149928697308735;1
0.15550674256550304;1
0.2543191017774954;0
0.40742390906012343;0
0.26032795934747044;1
0.32365731391029073;0
0.2444256805121061;0
0.1655372319230273;1
0.24915889807845937;0
0.2721729298642996;0
0.38080398085979056;0
0.2691162807180863;0
0.7197534467207474;1
0.33419862972168096;0
0.41404581838956434;1
0.5398852660706543;0
0.3360706967284413;0
0.15324812613220973;0
0.25026594775971456;0
0.16480268152408523;0
0.06364023113923263;0
0.08253842195478465;0
0.26342951482905236;0
0.25799760586007153;0
0.2399869552233207;0
0.31578671134098396;1
0.32015838810069047;0
0.11893977400941987;0
0.3738907256215473;1
0.08656565008771867;0
0.0006017957557940218;0
0.050128759776450746;0
0.12200852260144628;0
0.3898775115633973;1
0.07283197736360743;0
0.010962772838361222;0
0.5914032425277014;1
0.03182319976573326;0
0.2969758652214504;1
0.0015386390798529585;1
0.1766469542200742;0
0.6410449007643279;1
0.09386973986285164;0
0.1368233829480939;0
0.27433849542024497;0
0.4294818508289521;0
0.0690072605984686;0
0.9999829962840285;0
0.001601588369793459;1
0.9999999822827716;0
0.07459431257845169;0
0.5239690067634023;1
0.26178094544224917;0
0.055332172964158884;0
0.2332650337726424;0
0.32314475196469034;0
0.3560245083019695;0
0.12131406593362037;0
0.12970023195091987;0
0.044150029937487394;1
0.44940479124840654;0
0.20946850794483457;0
0.2621420174455181;1
0.47368364532091645;1
0.13144685080696314;0
0.025780333795066307;1
0.18318831405472966;1
0.41885851740772606;0
0.2968165442640542;1
0.19558345387443057;0
0.5486131994626986;1
0.19770341766154106;1
0.57754724725455;1
0.9427526894838499;1
0.9325715517512259;1
0.5155517364575152;1
0.19281054990215918;0
0.4862694696767063;0
0.9598571685624279;0
0.4567017765446828;0
0.7752469442778391;1
0.1779657506339988;1
0.5791608813975394;1
0.43978839040004847;1
0.692999064783037;0
0.12906405557899442;0
0.9998214620647059;1
0.15096674146728076;1
0.21763754443984143;1
0.4220309422261405;1
0.6204883456766498;1
0.82611216615929;0
0.3491992873870477;1
0.20487260173064192;0
0.19484822353418957;0
0.40760627324247617;0
0.3143079479093174;1
0.33137988617946723;0
0.30140561041737246;0
0.9578263154243927;1
0.2027746499726556;0
0.698054789710818;1
0.14678227075597697;0
0.19223623111635155;0
0.9999982074863423;0
0.3945215846393138;1
0.3612896560586599;0
0.5431217155050191;0
0.1709002024080647;0
0.33881052170703535;0
0.546229424119855;0
0.5954775327928467;0
0.3632839660334019;1
0.652701817755448;1
0.12934445521270488;0
0.427151006288034;0
0.38329382494017655;0
0.7445857827228548;1
0.4938695383548376;1
0.34629700910366223;1
0.29876472539324117;0
0.24313722929838094;0
0.08508268358731817;0
0.03157150187257773;1
0.16879317912336111;0
0.11186312301660715;0
0.0651048885845315;0
0.3347440733751623;0
0.8164874637498342;1
0.28615882363562867;0
0.9790558216309087;0
0.10821634762789042;0
0.19515315053999333;0
0.25688192579691316;0
0.6256142745488807;0
0.9096922144966698;1
0.43405674322236293;1
0.8558318344471391;0
0.5083448203541727;0
0.4520142553836082;0
0.4190278737396835;1
0.4204719319694869;1
0.3593715723724732;1
0.4237485124701613;1
0.4042813960131187;1
0.999999999999997;0
0.9102355429459507;1
0.36954881870747447;0
0.9641477704195177;0
0.06442352694119612;0
0.3962528095594614;0
0.2895743142684957;0
0.41906500810990815;1
0.5136534275432697;1
0.29012810808532963;0
0.505105395595455;1
0.28344360415424275;0
0.6162734975161055;0
0.14437914263908208;1
0.808730265918183;0
0.5303010328400507;1
0.22186536842287727;0
0.09591708233977944;1
0.321520614040658;0
0.7354253415921163;0
0.14980959357727908;1
0.337831180889109;0
0.06952495029308262;1
0.30762604082358036;1
0.3433669850993086;1
0.17328146656969565;1
0.6580550916104504;1
0.533467898047839;1
0.21005920035106415;0
0.44145493088860727;1
0.10994105857921233;1
0.5017245940702887;1
0.14392701794076773;1
0.4799919403275776;1
0.13263660562345994;0
0.31146684028099747;1
0.2677266181367136;1
0.28385795752452836;1
0.25481828178824956;1
0.11443960896976695;1
0.17843064298589106;1
0.14310480274089293;1
0.004002976689737056;1
0.10874147732989137;1
0.08205854826388065;0
0.014773505782622019;0
0.719158193949989;0
0.10530444129753454;0
0.020116231537853167;0
0.21683241674169076;0
0.05719206526316463;0
0.02158022931665705;0
0.09522809010282085;0
0.4094871780286897;0
0.02013458075928979;0
0.9999585248136424;0
0.9215000788803069;0
0.4099584011681597;0
0.42985652906810196;0
0.1391405387682194;0
0.037934146481641756;0
0.02281297572074071;0
0.19704953951123624;0
0.2982143439515876;0
0.5970715553877174;0
0.5692213171090676;0
0.5935078863411283;0
0.1310263821751578;0
0.4210080047322777;0
0.629268575258249;0
0.2918252603913566;0
0.08447791629614035;0
0.1613905866573437;0
0.5928187790145527;0
0.5566736400156514;0
0.9599866800589466;0
0.5733023271728184;0
0.4879663234640857;0
0.6798095003245924;0
0.715151506898481;0
0.7021682041843366;0
0.7053350284959039;0
0.2625882294649707;0
0.6146671205440918;0
0.47779916072087286;0
0.5479247340584283;1
0.6595031233172768;1
0.39472883975230266;0
0.5694499189228058;0
0.9933049790033176;0
0.01103137452724235;0
0.24658564572768896;0
0.25022420280510094;0
0.4336274344798391;0
0.13310644746586844;0
0.6706986072986874;0
0.6143024884736201;0
0.3728516021386429;0
0.580803516130105;0
0.2538899854724994;0
0.6681116514154206;0
0.25164042031249767;0
0.4793164820217297;1
0.5018726830312119;1
0.6631432117262264;1
0.48864506594905777;0
0.7885159631532597;1
0.8971738606501756;0
0.7536436028738778;1
0.5607000197743709;1
0.32518069728621907;0
0.5144601052606299;0
0.5300500481737068;0
0.8121613670158047;0
0.3888873829914582;0
0.3176509544851832;0
0.3683099769202798;0
0.8621127599503633;0
0.3710980525434687;0
0.2113636114468691;0
0.2809846942882648;0
0.21319085169086743;0
0.4006764608113521;1
0.9228595576157702;0
0.409718125653145;0
0.06648705113602409;0
0.14068767884940822;0
0.11246351478520229;0
0.3992994402798968;0
0.7357456608398533;0
0.38714131400075913;0
0.2563613698736562;0
0.33111493094284483;0
0.7801587574518556;1
0.7332187023414914;1
0.9808883461861678;1
0.8189501117362623;1
0.7796855525973183;1
0.3452728906501948;1
0.697399264383705;1
0.7862330644377535;1
0.7079541523326944;1
0.7276992938875266;1
0.8401252119868003;1
0.7524380217384178;1
0.8107062954062865;1
0.903913076361932;1
0.8658157734323201;1
0.6895848325218734;1
0.6001845211656195;1
0.8429617562125485;0
0.7417954552400051;1
0.2976606091268582;1
0.9309716601865206;1
0.9999999999999997;1
0.9151901834617251;1
0.8374203122585926;1
0.6835329201179717;1
0.9433037836556303;1
0.8453840801082383;1
0.9083662076432776;1
0.9200108361446484;1
0.8057161594521012;1
0.8468293619231058;1
0.8245196794610926;1
0.6251472236280154;1
0.823152710869398;1
0.9162612719646004;1
0.9311228171327117;1
0.7682241667680875;1
0.7149375513175589;1
0.48707727781220195;1
0.8853297375089436;1
0.7196002785562161;1
0.9509548179926486;1
0.860904416271355;1
0.9217947393930572;1
0.4912473165152526;1
0.8686437071017025;1
0.8466235837052147;1
0.8902442394798912;1
0.9456899783338123;1
0.8670111060180969;1
0.9983136258043399;1
0.901412415672288;1
0.5629634151155963;1
0.8439676048094042;1
0.9344235660710447;1
0.9509555646894458;1
0.8468484197028756;1
0.6337311874353244;1
0.7273240157841933;1
0.8449088834610522;1
0.5627499345697612;1
0.8378756381567177;1
0.729943754295164;1
0.7926902179228478;1
0.6841437855252596;1
0.5864417562242861;1
0.6860000765200204;1
0.8850443040901786;1
0.8568826544208602;1
0.8630928342346058;1
0.8138020137605321;1
0.9435951481829715;1
0.7258026221556639;1
0.9775165609896578;1
0.7361200342700263;1
0.854173341353611;1
0.7505986398364652;0
0.6091449541740614;0
0.8960703592075087;1
0.7848207116781253;0
0.7274699555699703;1
0.9037504326644575;1
0.7681294884285159;1
0.7766363845240489;1
0.8387253854497063;1
0.7481871013202169;1
0.9391530726823313;1
0.8639858345596917;1
0.9999999999998429;1
0.9827074654896347;1
0.8694110577332463;1
0.6452130366483552;1
0.43692289850278865;1
0.5692254437244352;1
0.9026543936591654;1
0.036398010260308644;0
0.007091475411551149;0
0.1464181212332266;1
0.011105360429169653;0
0.09190888930319152;0
0.15561601186628396;1
0.43843547314449893;0
0.009058755495897547;1
0.010452639706686445;0
0.803413895842396;0
0.7540113348547846;0
0.28223607727817046;0
0.015325757584115852;1
0.04523147601420707;0
0.005255748629838349;0
0.7214528372756075;0
0.004256587311005599;0
0.03573481592779997;0
0.4330251043075157;0
0.042455290605389266;1
0.005933255995010904;0
0.8098931274036454;0
0.3906031640863952;0
0.28080625585222424;1
0.9999997017570906;0
0.03218023996526396;0
0.006622683184495547;0
0.3556704876102263;0
0.005788981655733191;0
0.8081688625705447;0
0.08117484524514915;0
0.9999964665750116;1
1.0;0
0.006338372675148012;0
0.026058660644526766;1
0.06063902834764647;1
0.3110471783965717;0
0.8771646943020424;0
0.07101153562673833;0
0.816338123837986;1
0.41731706416959324;0
0.6336282612187477;0
0.43894235606945536;0
0.40055357918719736;1
0.8751712238501281;1
0.763647951578051;1
0.5488045654107103;1
0.7079921078792174;1
0.9927687913565661;0
0.9541706837311237;1
0.9999977503740637;1
0.9876584444026376;0
0.8639567685036285;0
0.8751874005401805;0
0.8805029492855254;1
0.4446327610673175;1
0.7998488363945565;1
0.8873693621210643;1
0.8005165723450298;1
0.6025694882962833;1
0.5312216432322273;1
0.8990893505813238;1
0.7638718265054621;0
0.8312262434973424;1
0.5537565907686197;1
0.3107528375313255;1
0.7102526324430736;1
0.2538552156309736;0
0.9386523740730658;0
0.4620600682627645;1
0.8252373026746496;1
0.6292708789222253;1
1.0;0
0.6556661821636223;1
0.9999999540971197;1
0.5937620920204189;1
0.6987874133348001;1
0.8596153123975584;1
0.7287952110132432;1
0.6535166615486783;1
0.024604539558327313;0
0.5538136597937908;1
0.4022451358457334;0
0.36511461608398005;0
0.42057385603874875;0
0.25480155055561376;0
0.22601837963250826;0
0.2836706390548334;0
0.21945064970672712;0
0.1727890071190137;0
0.09675872954727516;0
0.10618092145283885;0
0.18039897898593227;0
0.0304406908057569;0
0.3248804034536898;0
0.3783464583732426;0
0.24216642713964984;0
0.11161364715135673;0
0.3802107989179401;0
0.07061728112919963;0
0.1910288584449495;0
0.12205433304321453;0
0.3829304190076235;0
0.018327601884773143;0
0.017711060606671485;0
0.14802219494525629;1
0.041791598534243725;0
0.012465021914342816;0
0.04178966695154551;0
0.026517555285650668;0
0.15971605181261234;1
0.0947535606538381;0
0.26635964269481494;0
0.09570532695526456;1
0.3970203777818273;1
0.719322933803446;0
0.07644094555644318;1
0.7448594350708101;1
0.03487376023555606;0
0.024447789752543986;0
0.18186813923429265;0
0.015646729993166554;0
0.2840587512864302;0
0.11873129396051296;0
0.1780982859864055;0
0.1443192179682255;0
1.0;0
0.9999999906764017;0
0.05800038779053518;0
0.9429507932908695;1
0.9999999444747759;1
0.09099334681234668;0
0.07220513695306782;1
0.03198028065540625;1
0.18340287847056055;0
0.22749946484863706;0
0.1351870181163405;0
0.18712028113167883;0
0.4660166211141226;0
0.05199569101242309;0
0.11330591037080566;0
0.021173582552115315;0
0.11336297605434202;0
0.4877770699299738;0
0.15454422331718995;0
0.545272340666854;0
0.31793179558244017;0
0.785923113723228;0
0.2846270448932425;0
0.2021193054811854;0
0.44735634194949503;1
0.1379965485449395;0
0.8466613254006367;0
0.1872248558550415;0
0.21758939457624893;0
0.3346326880230654;0
0.057242125258622205;0
0.050681457240329936;0
0.02695214893692982;0
0.08378679470065394;1
0.22305272983199564;1
0.24100473743584475;0
0.18238631503142838;1
0.2757177452330146;0
0.6095452579682231;0
0.22018487386701643;0
0.019016718984844663;0
0.8833601722216522;0
0.42083661054916766;0
0.02231724328730195;0
0.8297647328740254;1
0.8406387219281473;1
0.9497343254537775;0
0.7875869542204218;1
0.5864698470583489;1
0.8102678197100341;1
0.9997498405220283;0
0.5165885614104586;0
0.6230774088572976;1
0.7835440907933883;1
0.7200699404211917;1
0.28866721516567484;1
0.4099621138266603;1
0.7059100533093704;1
0.999884960107718;1
0.5960832767110296;1
0.6617563264954539;0
0.8659958523773915;1
0.7863837046422908;1
0.957213506833942;1
0.8443849299164401;1
0.7420006374924164;1
0.8001818110448828;1
0.5619863712097524;1
0.9077386519126975;1
0.8362706687740394;1
0.8022636938923282;1
0.7603248419030814;1
0.7278870175116345;1
0.8483635094362834;1
0.7521387007967492;1
0.7737855826074375;1
0.7226918794884669;1
0.6475951833926;1
0.7908053353784388;1
0.6734655863747208;1
0.8149603705681295;1
0.9941118332735723;0
0.9227514570848565;1
0.8975175501937496;0
0.9935242189593524;1
0.7570584052258208;1
0.9162324864947413;1
0.6951864504912327;1
0.8619439926235629;1
0.5240697448425802;1
0.8209310965787685;1
0.6583436417444706;1
0.6980184919630982;1
0.7147395802548937;1
0.2629522389224986;0
0.30755490311925243;0
0.6376631742442206;0
0.28614383707985164;0
0.10236106211080999;0
0.2511353653286964;0
0.14214195736540017;0
0.3177701239147804;0
0.5443401051345768;0
0.9079728348558723;1
0.6836122269853447;0
0.9107405105873966;0
0.5688463719011714;0
0.18217648387271748;0
0.09915719879915082;0
0.03581164488533063;0
0.12412459037215928;0
0.25965655360568124;0
0.21253495039989145;0
0.005698987280391019;0
0.9941185132710245;0
0.36209097023957293;0
0.05112883719474385;0
0.8126969998949567;1
0.38616817672686904;1
0.11074068990210345;0
0.39884369549683335;0
0.3714555053150948;0
0.3032092696928041;0
0.24031090243807293;0
0.4801296072951675;1
0.32477977428224514;0
0.1570657141807562;0
0.31196601240198657;0
0.2056889402953836;0
0.08091751856254369;0
0.5336186443370983;1
0.20519909439227793;0
0.25761424607771627;0
0.3107664095328185;0
0.48951743881403614;1
0.27167249030515006;1
0.6268062705420385;0
0.7928646917117459;1
1.0;0
0.02454325824521633;0
0.999996536629254;0
0.7947842004610197;1
0.0015489507088683144;0
0.009064545671490478;0
0.04241474779893077;0
0.599039292794127;0
0.04517916406159173;0
0.9999999640602376;0
0.016815090981080544;0
0.9999999999793027;1
0.04620931781468003;0
0.0520422690345185;0
0.24337297898919982;0
0.3809052358297379;0
0.3557558980810235;0
0.06551323427232261;0
0.15593284608873076;0
0.08597477018331229;0
0.21721503716878415;0
0.9999999994901272;0
0.11847947904897128;0
0.3339851045448742;0
0.10675562146280324;0
0.03535032066684706;0
0.43188149819260263;0
0.3084009496784631;0
0.050912985170427964;0
0.7584661046617347;0
0.8410486364709797;1
0.44908174853274685;0
0.7625762291561818;1
0.8518574278877239;0
0.8080235372698146;0
0.3082677301887406;0
0.21726548100389348;0
0.3539277927593856;0
0.665787662693142;1
0.5730583246101659;1
0.8605623191927263;1
0.759143367820428;1
0.7509326910513726;1
0.44032390661309223;1
0.9199126567762074;1
0.7629000232745392;1
0.6586776064802373;1
0.7302152996875418;1
0.7136541875848612;1
0.8835060468522343;1
0.33924344827597924;0
0.5891793065842247;1
0.6774419361280748;1
0.8156254418479548;1
0.5321026558685509;1
0.9999999103689176;1
0.6755778912921995;1
0.7299910438026924;1
0.05253425493386693;0
0.3399864312170906;0
0.20455159265381762;0
0.20946715074565533;0
0.054049500551083894;1
0.07652836278127201;0
0.11674318462203398;0
0.017630201097957713;0
0.31909294740974414;0
0.37840920882657325;0
0.28184874534865834;0
0.8602704983413345;0
0.40938583691300096;1
0.32706762406369827;0
0.47063019527316885;0
0.02050429965602245;0
0.09386290890437096;0
0.39631244552216205;0
0.02021537937201745;0
0.3640640968026602;0
0.14414989549856608;0
0.09764153269872887;0
0.20531646420544453;1
0.04296271530934701;0
0.0577353316402247;0
0.0674962101364471;0
0.12054608910140326;0
0.00974747599615162;0
0.28648807703344814;0
0.15463724447550625;0
0.015683926601279322;0
0.01891227790068982;0
0.0066769556833264215;0
0.009308102803742032;0
0.0023839380809806635;0
0.006982776285893367;0
0.0020503096443729328;0
0.01957756030159174;0
0.0062711531346303275;0
0.13695231709460168;0
0.025158947533777835;0
0.22374049008617275;0
0.13523528453817568;0
0.02925232024003439;0
0.06695634929818815;0
0.024105229121202373;0
0.5792168864120754;0
0.17111319771199998;0
0.9999953422356244;0
0.9999990425006317;0
0.9999532581962572;0
0.8000375233593603;0
0.0065773329144951775;0
0.18223838806562315;0
0.010662563530848074;0
0.013464121112240822;0
0.035103107398760526;0
0.07359080941856205;0
0.20428956712561747;0
0.23471530250253678;0
0.4912376535040568;0
0.05771513915160442;0
0.24599030724902074;0
0.2502576737615021;0
0.45531069573789845;0
0.5767074537349233;0
0.13376944511256159;0
0.1245024592167788;0
0.31765036290211685;0
0.24634835750948403;1
0.0529329433476795;0
0.5939954491916506;0
0.296924050457485;1
0.23726173240956605;1
0.7264716324594076;1
0.7708708692129395;1
0.3484816312222689;1
0.2999997449971221;0
0.4895380054211436;0
0.4293673663572282;1
0.4363559914492404;0
0.4421143429333884;0
0.1183037928844963;0
0.16046682907923823;0
0.25989335785026196;0
0.45963363349897196;0
0.4225701765752231;1
0.029891273493960552;0
0.11322908465225771;0
0.5417889173810562;0
0.5674379105329359;0
0.17251624512302888;0
0.1591224254770582;1
0.22360817186787896;0
0.3352005470664077;0
0.2701406220450103;0
0.24408972796699768;0
0.0324496658621227;0
0.42838721417171927;0
0.21409591711838105;0
0.16331177228427154;0
0.16027708463169868;0
0.3225507465651043;1
0.1707680292491253;1
0.2194927474990914;1
0.3063649955273858;1
0.3649661147298724;1
0.33931678617864774;0
0.5160342414896422;0
0.3013135705194195;0
0.17869514526737565;0
0.052691983065716624;0
0.2713645249036917;0
0.2549274820069991;0
0.5391949638360499;0
0.16406468022617815;0
0.3683001620368546;0
0.35892180436872506;0
0.3782953855821398;0
0.3917366338673071;0
0.2506245908851581;0
0.2993561015889881;0
0.573358560536558;0
0.2750504053622973;0
0.3630003168714691;0
0.4196238814704685;0
0.3109648951438724;0
0.6368393041079222;0
0.2310969069184173;0
0.15069796328053822;0
0.39436888818158405;0
0.41828411280472966;0
0.33264727347571194;0
0.19003701702892595;0
0.13781531897965055;0
0.5327091528885305;0
0.15504322431817458;0
0.30842539603230407;0
0.15218125062924004;0
0.2389351458725777;0
0.22459268002625152;0
0.44209166962316815;0
0.13824643959297936;0
0.004632565439844449;0
0.2740709554881798;1
0.4369114737806577;1
0.4273165304720969;1
0.6673456708446565;1
0.6871747732904991;1
0.23640420953924257;1
0.6235904009403014;1
0.6714092169387431;0
0.5178156984262455;0
0.5037720306049152;0
0.4063780572472716;0
0.24021416542610796;1
0.26924411977227153;1
0.46944975333946126;1
0.39777776254761193;0
0.6488905438931459;1
0.4556176180446138;1
0.14168041440912296;0
0.39998538084779056;1
0.18564761919699896;1
0.34718653829295937;1
0.6031231176997917;1
0.1655188948600671;0
0.38253953536848667;1
0.2909518205423731;0
0.09449954144910873;0
0.3194141973364257;1
0.3124632291051272;1
0.28344192474113117;0
0.1247745437540879;1
0.20690302765127994;0
0.21484030086205783;0
0.13993965007051143;0
0.2340288043336086;0
0.43355906074236217;0
0.14521989271702304;0
0.12333056946151537;0
0.19857009268605919;0
0.18284653596693276;0
0.2835285763246798;0
0.349418790492421;0
0.17057034254963996;1
0.7682721968085553;1
0.53144091591864;0
0.2868722848058709;0
0.21437525956901152;0
0.33597242834401336;0
0.10251655491141896;0
0.13937463607545494;0
0.11031291715132416;0
0.3462088544804964;0
0.4370062335412597;0
0.19203696837508377;0
0.13746397044749595;0
0.3562825277245863;0
0.13449937751009672;0
0.09080011283396262;0
0.30683466665386216;0
0.36424676233439446;0
0.4369573775270281;1
0.26338779156248093;0
0.0379166145418246;1
0.18369860670107302;0
0.05107218115582748;0
0.22192347649444988;0
0.5384947231080388;0
0.3026419558128819;0
0.11174562604985787;0
0.030376069443042848;0
0.007350741757531281;0
0.9965502930616575;0
0.012121807111313901;0
0.9210846926320531;0
0.02799881766588782;0
0.9999380071884513;1
0.999045730279893;0
0.9978102535078268;0
0.17126449642132477;0
0.9793060513995513;0
0.8080018041210661;0
0.04257921762236217;0
0.070883841028415;0
0.018719404877199926;0
0.035517093945250856;0
0.0031064229459928476;0
0.011854458773479834;0
0.0021865721543226756;0
0.008815815264836385;0
0.03131900032606155;1
0.9141599614055157;0
0.14403635803597215;1
0.002333764225050815;0
0.1730821656991549;1
0.9624751265483219;0
0.0032735031100879406;0
0.07578907060467159;1
0.012380681574297428;0
0.07676988057968201;1
0.055961592483283466;1
0.8700018369136168;0
0.03162551721223582;0
0.27413409898618135;0
0.5145441034096215;0
0.764458002617272;0
0.294062815396465;0
0.35116885445100327;1
0.4197657671901072;0
0.32753443249525893;0
0.3534497369906447;1
0.2672849883934747;0
0.2470148982671804;1
0.5803461092008267;1
0.16291159725657317;0
0.22947495825995354;1
0.33208141076731085;1
0.21394567028550981;0
0.003012567725598018;0
0.3402922450106801;1
0.9975070085073736;1
0.3524856188910538;1
0.5810018914941562;1
0.46903902389039187;0
0.045974875685369884;0
0.9967841420705319;0
0.051328792000605895;0
0.013349561468437797;1
0.274073484049556;0
0.8125686913909157;1
0.16353877025835015;1
0.14628634417634506;0
0.1421619724910327;0
0.09097948205401017;1
0.15554099939628901;1
0.15378924082276568;0
0.2837133391852886;0
0.44641898015257814;1
0.07307740760183584;1
0.55923983704417;1
0.0381954581108283;1
0.044889616765221074;0
0.15974555055818163;0
0.014015932386103082;0
0.37048588388832565;0
0.0933519075303378;0
0.9962738331705097;0
0.6401660749648534;1
0.27989910068731594;0
0.552303853401992;0
0.5804720934829904;0
0.04292382953774817;0
0.042394029116405586;0
0.01008718186729595;0
0.02167067653887642;0
0.020274048244436488;0
0.026332414425946086;1
0.04230279318251907;0
0.33863451099465647;1
0.05012806602735919;0
0.050365010983122446;0
0.9999828897914104;0
0.0005752882370599065;0
0.0028913000147307655;0
0.01478956223902102;0
0.009358747392293332;0
0.9814918322021314;0
0.12401293734945784;1
0.008474631114929174;1
0.07015295677095303;0
0.002011122727817502;1
0.3363911770155961;1
0.6283320543973137;0
0.6441855072676791;0
0.04362359113890184;1
0.06839081189793515;1
0.33179431610388566;0
0.011209797631340735;0
0.009313537138271842;1
0.02955050385246659;0
0.04158874162169284;0
0.06465386289134596;0
0.031043074382282477;1
0.001954112435202724;0
0.018848246602707185;1
0.9999999902970836;0
0.09604403937037943;0
0.02769914006295068;1
0.0062008916134385006;1
0.081716122618212;0
0.22629882520648778;0
0.08725817431709026;0
5.311756939429962e-05;0
0.06685801460328934;1
0.12975812739895914;1
0.005911055586973912;0
0.11348551817946141;0
0.23310256015472391;0
0.1487251145400607;0
0.24048043894552606;1
0.17877646299602357;0
0.24927595801829333;0
0.6377757780473988;1
0.18003644744981684;0
0.2087873453208964;0
0.0776951197536349;0
0.0070018361812284454;1
0.39337277828948447;1
0.05310753875002467;0
0.21741279176761005;0
0.2846421060064606;0
0.12152037954291164;0
0.1638735354788584;0
0.3652694772916767;0
0.4866138192515815;1
0.2696145897019642;0
0.46920173770017387;0
0.40889720722580675;0
0.524845693500025;0
0.5664034312612317;0
0.11977692264284476;1
0.3042515637444259;0
0.12110978586883661;0
0.4013076227824844;0
0.34626121580233254;0
0.5123605963197841;1
0.41102227219535875;0
0.34782198740963777;0
0.37961003408586763;0
0.1609102822025282;0
0.24268382588326348;0
0.4391709226613878;0
0.07026483194163208;0
0.10564926760246177;0
0.45982021857974137;0
0.35231469350967803;1
0.17458079576512342;0
0.4407540863304961;0
0.17338081881390746;0
0.4006353426252614;0
0.21281387487282774;0
0.20432235012590275;0
0.5556127424368589;1
0.29471572338489194;1
0.12481883778906158;1
0.34417236892267045;0
0.28758548352545066;0
0.011062776147059179;1
0.49863789861264457;1
0.21813413281664232;1
0.26407651670489096;1
0.11514289275613379;1
0.3078452034981131;1
0.27800353802970396;0
0.35926283463736547;0
0.07655222378116987;0
0.16263639828732585;0
0.04320893307762871;0
0.8756764422141917;0
0.6299862714417743;0
0.2572897536642128;0
0.19281477561291088;0
0.8477036994470096;1
0.9061782867460265;0
0.18417807809963704;0
0.38292038639787446;0
0.3156905098829229;0
0.3818918959412802;0
0.4909914426244772;0
0.4652363848957378;0
0.30401748552326313;0
0.5418239574862579;0
0.4793557064749454;0
0.3827748082211307;0
0.13404270187072556;0
0.28214939735555145;0
0.2895912758713725;0
0.2550820041991299;0
0.46400504346591154;0
0.19718373922697327;0
0.20855581533977088;0
0.0851245253736624;0
0.2678912070956943;0
0.5299629144690178;0
0.2224920138401522;0
0.3918871775878993;0
0.027147045745348743;0
0.31889347025512776;0
0.4533897343720906;0
0.1533057298228195;0
0.1812925147135021;0
0.18321007822729604;0
0.5302324584370061;0
0.11584901779745448;0
0.11064574309167718;0
0.08839849806544152;0
0.1959073353403724;0
0.18625340900786963;0
0.426197330470248;0
0.2721038136399473;0
0.14256509899383402;0
0.3010235588729167;0
0.43375767717308095;0
0.2110127869780423;0
0.12725179559800545;0
0.21783048578404837;0
0.10592051612697037;0
0.05100173524281991;0
0.18854686115840733;0
0.1004266706023707;0
0.31692880347539054;0
0.4481711938931283;0
0.00046245819487208815;0
0.12031106073370798;0
0.5621602322917475;0
0.020076556084152042;0
0.4298256514287847;0
0.9942771930223726;0
0.1443307865056502;1
0.9992396495906448;0
0.15310330376463618;0
0.04446174168563932;0
0.4139485850408527;1
0.47370055890844454;0
0.48209547720616414;0
0.9999273371785472;0
0.2015182087221772;0
0.37831269603899925;0
0.8919539030922112;0
0.3215364374681242;0
0.009138941023303112;0
0.22409844898349904;0
0.3062331132037767;0
0.3125764390802783;0
0.17595398722784855;1
0.29474338394171057;1
0.316035407177422;0
0.2511907101704181;1
0.5020058195607006;0
0.24506516597260639;0
0.2986033121359117;0
0.37669995347746454;1
0.367926553136476;0
0.28212719128752456;1
0.3464106413413701;1
0.6495896474925253;1
0.5743636160141997;1
0.40127028467383646;1
0.41093914897350287;1
0.5325551276566127;0
0.26411300733001614;0
0.31845027112734203;0
0.15417530145512612;0
0.0005711112302519887;0
0.15177114522851115;0
0.03438283906930723;0
0.49528568900073455;0
0.024720428310024342;0
0.2449568988658696;0
0.04646537431023415;1
0.20321500610239857;0
0.9850350501351725;1
0.6335326209619594;1
0.20155040857987802;0
0.17691882343611726;1
0.8120877691906052;1
0.9251202868906023;1
0.4506265774719403;1
0.22591728695170124;1
0.42927368858329645;0
0.7982709106745173;1
0.47736818344464454;0
0.273370717758669;1
0.19156500427997225;1
0.5509739869908084;0
0.834804382746061;1
0.9787322071747274;1
0.27649791039129884;1
0.1132182463283572;0
0.6183352245700724;1
0.4685404662714856;1
0.2933545155477;0
0.3372499442984046;1
0.9999999999999998;0
0.4311711971748205;1
0.6950232869796177;1
0.22479587116397864;0
0.32296705702303447;0
0.49302090541207166;1
0.3000655576094517;1
0.4933729643581703;1
0.1935596696067017;1
0.4204377374760413;1
0.4376514247386778;0
0.9804396344798224;0
0.7074842862399763;1
0.2994243068069777;0
0.23845523926284215;0
0.2757496690587537;1
0.5390932277040161;0
0.602709560907014;0
0.5075316357331348;0
0.37730154429252877;1
0.07764644899329648;0
0.6483769166727155;0
0.23771872371467664;1
0.12506524174318345;0
0.11750092174592125;0
0.5711156776456183;1
0.3328137093769285;1
0.25928287444707143;0
0.10025521762368964;0
0.2768796834339764;0
0.06751052229486186;0
0.9538598612113779;0
0.17481906275000558;1
0.06959826588199026;0
0.17674348410225688;0
0.6622340101739318;1
0.16062660054694744;0
0.41649643793265895;0
0.4253687068701468;0
0.29511175003227524;0
0.17622005261884935;0
0.3816690169232873;0
0.3433380628921145;0
0.6885987522501393;1
0.46076216373370904;1
0.600063331079327;1
0.35489533268200324;1
0.18179351994677312;0
0.08250158407911774;0
0.0675925310842138;0
0.09437019896030695;0
0.26589030128380137;1
0.3425382648027555;0
0.7035017296204435;0
0.3635865188155446;0
0.2563842364282804;0
0.7484624635043785;1
0.3166629262560727;1
0.22983969489801614;1
0.6705031545014383;0
0.16545961287766894;1
0.360573628809053;0
0.8164396642951146;1
0.33562004645331966;0
0.4273508533578736;1
0.962681071643529;1
0.41124915683775193;1
0.11876933763662105;1
0.02300764045504814;0
0.8699930876665692;1
0.22358803095587834;1
0.7148627219181727;1
0.1322155988274171;0
0.9998428272811093;1
0.002381373171174722;0
0.6058511226880255;0
0.14705964054578655;0
0.9969768638033193;1
0.09421865593941915;0
0.6394486917803882;0
0.06508947710509887;0
0.07596077717178588;0
0.605839059491253;1
0.0027872179693149185;0
0.09849657629643446;1
0.6417086951075244;0
0.14253537684895354;0
0.5400638172578875;1
0.00242171205874531;0
0.018875427181366432;1
0.1215382159021487;1
0.9999940080398707;1
0.00017068108219167117;0
0.009341519036449659;0
0.7228747013484887;1
0.4701352288292844;1
0.00015643331522540804;0
0.9954290842540908;1
0.9567463115232127;0
0.2849394095521923;1
0.00011208454676864553;0
0.5058480435394366;1
0.11751606464592584;0
0.35886433640365584;1
0.9997702585636047;1
0.2672684414723505;1
0.999999387479009;0
0.4205321365038356;0
0.0467373211017336;0
0.9999999947683433;0
0.495312953328811;0
1.0;0
0.008583877403908828;0
0.7805518630728288;1
0.7935837825451681;1
0.9879293657035447;1
0.7592749450887953;1
0.3399322576135377;1
0.016074355639924227;0
0.7094929396388889;1
0.9999815400048383;0
0.0021861485212499093;1
0.036090714220684744;0
0.0058781021302136485;0
0.8781173622480408;1
0.013837409121707854;0
0.05622474182988231;0
0.9999999584180789;0
3.758349449781053e-05;0
0.21451444415048265;1
0.2709556351079975;0
0.3090237109381365;1
0.3725493102661863;1
0.03511341686476663;0
0.15355091730034284;1
0.07720730348647778;0
0.360049687060613;0
0.5637706331008265;1
0.388537467920703;0
0.18831755059632516;1
0.15096132015257513;0
0.28524504588304206;1
0.968288835459312;1
0.2779027729481312;0
0.10710785540760816;0
0.32899909683829864;0
0.28104169806080004;0
0.3147155277870308;0
0.15597689664406808;0
0.07903092718708654;0
0.2002522619109888;0
0.9997238155837502;0
0.4710919150515033;1
0.5103873351492276;1
0.08315901215579923;0
0.9806473401291687;0
0.27180503937254286;0
0.7565578427189177;0
0.444404476647219;0
0.2318877676989938;0
0.1867690208038282;0
0.35964194868794924;0
0.9630591034016222;0
0.17788951213974902;0
0.2529037515010421;0
0.6955481002336936;1
0.2572629278794752;0
0.06957969641030223;0
0.8701214352753588;0
0.17176853482003207;0
0.7146146181530242;0
0.4815737407140645;0
0.43706740218098344;1
0.29790532733711406;0
0.6589865773075432;0
0.8620653481799191;1
0.8610789700521944;1
0.870063762866685;0
0.3905328225667271;0
0.5666627574089906;0
0.1400441072628097;0
0.09694457377833789;0
0.08643830980109608;0
0.058447141146944465;0
0.11754899935847941;0
0.2935296528574592;0
0.03960098542401586;0
0.29462770767198593;0
0.526207719421542;0
0.16347416479529678;0
0.22229644004064897;0
0.11125282653732507;0
0.048604702810813784;0
0.14573281696619042;0
0.3049059829924784;0
0.24447272426434452;0
0.2585844531498868;0
0.2835596279850236;0
0.4087878372480389;1
0.147169645186477;0
0.007876444368762052;0
0.14299358690235045;1
0.17651254224655336;1
0.003354313664425026;1
0.06942758516818892;0
0.1731202279323483;0
0.10724947567923152;0
0.29471446746895663;0
0.1928693971570664;0
0.0500998469557181;0
0.1720130935580922;1
0.3299712494889918;0
0.2133546664398251;1
0.551893622454898;0
0.8266877005023953;1
0.2912901584610593;0
0.6301685324939172;0
0.44290443784587413;1
0.5127519899980083;1
0.14582550550890055;0
0.5110091290940186;0
0.7529337480456367;1
1.0;0
1.0;0
0.023296744959606947;0
0.9618550986645247;0
0.004641195238453632;0
0.1896486984670106;0
0.4011686028186727;0
0.26706595085445295;0
0.1862078022913169;0
0.21554487913434872;1
0.08752379105813726;0
0.4458580276589947;1
0.21902184156648127;0
0.197326375929298;0
0.5486761647702886;1
0.6109976999899106;1
0.22456699450085213;0
0.3420670370057229;0
0.22228171004847944;1
0.042068325289245735;0
0.24415700393803919;0
0.33829588883873507;0
0.3816012565542647;0
0.22264391299133687;0
0.33204010913304244;1
0.1733013718706725;1
0.4335820891953299;1
0.25930435928923956;0
0.24072410943737657;0
0.33891290636184085;0
0.23784332036945124;0
0.22801279064596244;0
0.5694257973362106;0
0.6684877322310877;0
0.6884541271655753;1
0.5380414834254391;1
0.14679304796678913;0
0.25557542297591945;0
0.20853126606858602;0
0.15469986436519634;0
0.15388863510636147;0
0.2711242333344273;0
0.18811674671041015;0
0.06608831696615128;0
0.009139163929046658;0
0.4805343451824756;0
0.02628203650063378;0
0.0018918898273608809;0
0.05376510473408624;0
0.07801691101068978;0
0.050384761033543175;0
0.24266010957843429;0
0.20422256583069098;1
0.17513500996534598;1
0.47118982072893645;0
0.16402121420996005;0
0.10218111445883672;1
0.14714046816429366;0
0.5171406507325568;1
0.2561091212492247;0
0.3637789323330004;0
0.21917682346989367;0
0.2070180880389423;0
0.1733886469640732;0
0.2613427521240496;1
0.1789383144147608;0
0.4764289916505671;1
0.1923853521564924;0
0.17691830272961437;0
0.09216783252086368;0
0.19467552125367574;0
0.04454617316499905;0
0.2490949617348625;0
0.208084265816514;1
0.326878821069126;0
0.6399266528532199;0
0.2945439355100071;1
0.19107641506126158;0
0.20274846676509609;0
0.2957357837396197;0
0.571046989919456;0
0.5276444453546385;1
0.14010866987000223;0
0.2089476772119635;0
0.7888472216854283;0
0.14559275524319387;0
0.28585945503016924;0
0.23686128371418882;0
0.15830443996810803;0
0.24655406817201653;0
0.07181279093293327;0
0.16026433493955444;0
0.0507267117301614;1
0.22329333560777906;0
0.2322425257123511;1
0.2511574540975751;0
0.3182849680737572;1
0.2841082508207817;1
0.5170889227500322;1
0.23612412521072262;0
0.06882215998906425;0
0.08374540740166385;0
0.4266407949740377;0
0.5879836923235885;0
0.5174745555912906;0
0.5651915786821128;1
0.2841752377629926;0
0.3825448251584733;0
0.5755688250619114;1
0.549047125193292;0
0.3104842913865553;0
0.5358479968805444;0
0.213049253261476;0
1.0;0
0.40571634262176837;0
0.33771711004877725;0
0.5591971476819391;1
0.5646698749318725;0
0.5577496106289321;0
0.4809489915608506;0
0.5881644022419676;1
0.1762660417520326;0
0.14011428471931187;0
0.027373223534353716;0
0.055486061925296856;0
0.035459002423336675;0
0.09453798741712795;0
0.002714397782667573;0
0.27043282129163937;0
0.02172784836693136;1
0.19934744087373152;0
0.24543464009234314;0
0.059043906590965096;0
0.22239669445061339;1
0.17993439999155073;0
0.137899736482336;0
0.07273682125285653;0
0.1602579023347718;1
0.5100191821502219;0
0.5112231023997161;0
0.10798334924071912;0
0.09123217637134336;0
0.21296703186027932;0
0.5725971621387967;0
0.7882171142110739;1
0.1656715562653087;1
0.03727468525672661;0
0.23276154679903122;0
0.3293163724335271;1
0.19678847782242867;0
0.13199175539891866;0
0.2190800761325016;0
0.01799430545661845;0
0.1400696796202482;0
0.05522563533002296;0
0.09602816020472657;0
0.007858277786803165;0
0.2617468788473509;0
0.3357709773832134;0
0.10783498775460305;0
0.23132836370253382;0
0.5285309172795023;1
0.45214782376881274;0
0.24846099156184373;0
0.2595158236481182;0
0.2784752900309888;0
0.2306189355442388;0
0.12797229930827939;0
0.21627787238724275;0
0.15048512440026648;0
0.20518268291683223;1
0.5696490326515147;1
0.5309186039448642;1
0.32645218578180557;0
0.3644338075744407;1
0.9800144936040531;1
0.37993756768313014;0
0.22986256300912003;0
0.4181236826446335;1
0.4800737318808189;1
0.10100107584676389;0
0.34634095747920723;1
0.4732492078622653;1
0.49618715075918013;1
0.5244174036628603;1
0.8712068191681298;1
0.6029076587227166;1
0.37080574552140166;0
0.2908894246214904;0
0.21352919948195417;0
0.11185253481591118;0
0.14133079912872532;0
0.17936947752176585;0
0.15366605255102725;0
0.21052237135847243;0
0.22106065685663462;0
0.012850650511339328;1
0.539468462460406;0
0.023170737298457905;0
0.17240921877339463;0
0.08150241294095839;0
0.18988596713727357;1
0.3281216351298157;1
4.89872313652915e-05;0
0.3696575470744064;1
0.5627337364941498;1
0.08973948194915357;0
0.2618031707235816;1
0.024624975575323685;0
0.2425426590876841;1
0.2968680903574727;1
0.24039252467465735;0
0.6959092715014982;1
0.5390840426419407;1
0.3796991980029116;0
8.018122510554015e-11;0
0.3896924956539172;0
0.6308265738002758;0
0.0019463344578161603;0
0.9242882984065068;0
0.003436822125197626;0
0.06292460052059787;0
0.046002481383841914;0
0.743379003189141;1
0.10137650726030498;0
0.022448789849775785;0
0.22378666644704;1
0.055137285384874966;0
0.19291953066821796;0
0.02655371005936614;0
0.04054631446950122;1
0.017061770027689712;0
0.6622686966328477;1
0.008044473410589639;0
0.15086723788310574;1
0.9999999989244248;1
0.009907014208504499;0
0.03208261947958193;0
0.020631558133976866;0
0.03809049894628162;0
0.2275449463816441;1
0.9999999400345054;0
0.7591744354479613;1
0.8765905573106402;0
0.009525645569458197;0
0.07396004521384048;1
0.945548671898778;0
0.9465782565836762;0
0.056323456449450915;0
0.3329902029823904;1
0.009764969762427233;0
0.10819645841066614;1
0.2735716536342921;0
0.29875037273221455;1
0.37415310189015116;0
0.08896180985385592;0
0.209725208613065;0
0.4051762789698623;0
0.10626172147430087;0
0.036878620836903506;0
0.021737031258421267;0
0.9999989650227932;0
0.0457351766192487;0
0.1781409554304255;0
0.10286432308337405;0
0.14964198561538916;1
0.13657370526673637;0
0.19898392455155717;1
0.31748956882529233;0
0.3099980466697995;0
0.9772171853719736;0
0.06378592650463163;0
0.02015569045127505;0
0.011938331708028514;0
0.2811744789823939;0
0.9656294391391189;0
0.6316844280467683;0
0.018290916587526282;0
0.008535257158180182;0
0.28052170478907856;0
0.008294689292281313;0
0.004946318873177163;0
0.00847061873574644;1
0.01883147730756834;0
0.024163449930925146;0
0.026056352250789575;0
0.013575622330481239;1
0.9999999999999919;0
0.02484006125561697;0
0.026194440714524803;0
0.1306063994156034;1
0.024869585963998568;0
0.2345934308913726;0
0.2788755431269739;1
0.11986026936745882;0
0.2335011727397384;0
0.37216451671716405;0
0.19424227847523587;0
0.18659520939425056;1
0.41023160603390824;0
0.2688176947200567;1
0.25022906742558637;0
0.6513343767050719;1
0.649207649108076;1
0.18581573841365187;1
0.4739832107816;1
0.19358692965447447;0
0.2375853565881126;0
0.9739801912894619;0
0.2273534945586956;0
0.13719314459007947;0
0.5875510868403871;1
0.6346278613742092;1
0.9987883428367786;1
0.8154015840761237;0
0.7077756858778173;1
0.8147221117545606;1
0.5745104238668266;1
0.6252855590200165;1
0.6221190391033677;1
0.09693200464318466;0
0.1774063500058397;0
0.23739261281900836;0
0.6441099497065561;0
0.9679332823770337;0
0.3247571328246589;1
0.47654457651997534;1
0.47277514678446864;0
0.6500449278824041;1
0.6813728309975468;1
0.5956354571447923;1
0.4218333548165051;0
0.3312606945325246;0
0.7945021472300254;1
0.46395033948924924;1
0.5326896530633747;1
0.7082618665019542;0
0.12669239453317177;0
0.1621611145609047;0
0.14518046484236824;0
0.2413620143389684;0
0.7203111847019453;1
0.6454238841386278;1
0.4570023682984679;0
0.735344872096755;1
0.8143649717514407;1
0.6405283677772144;1
0.21678534466958402;1
0.8063466469425291;1
0.7526767528221783;1
0.810815714371887;1
0.5998168365886849;1
0.6861691441024664;1
0.8185659198321312;1
0.4619219181652846;1
0.7283110410342893;1
0.6764750107076043;1
0.5929464275389942;1
0.124449724444877;0
0.19734292897715758;0
0.3070561213671803;1
0.9999982391466493;1
0.4570283547975565;0
0.4070847652683847;1
0.4165973143302639;1
0.36335594833226076;1
0.5550178601548018;1
0.4109935979771065;1
0.25660459922635837;1
0.14861014705488215;0
0.1055234249001583;0
0.007626723884641637;0
0.21876248627284092;1
0.18918077504558836;0
0.23314909166230113;1
0.1262406490099811;0
0.21505162452652432;0
0.12344127269415148;0
0.5304801798363635;1
0.28677662752220856;1
0.2214785721545923;1
0.054819978107119596;0
0.010769324870035204;0
0.13556682972430797;0
0.19793895174729426;0
0.31648706712168667;0
0.1585236040920795;0
0.008450434086384694;0
0.9999994345688743;0
0.18330509711371387;1
0.26365376251026496;0
0.39917082516756575;1
0.3867362507940733;1
0.37744886746246364;0
0.42756545649182753;1
0.4318177184903668;0
0.8892702625622678;1
0.11332067248263046;0
0.558061328413954;1
0.31720610265921606;0
0.28494674837844225;0
0.36163611042327237;0
0.3199178199116252;1
0.3729176538955872;0
0.07902942152886244;0
0.2650711626075924;0
0.1307014831148578;1
0.3356757531669155;1
0.1756214817058822;0
0.4042652021562193;0
0.14335296363690217;0
0.1468231109447443;0
0.0930372838471288;0
0.30558828340605687;0
0.08635754957774917;1
0.03196187876327234;1
0.17406781647287378;0
0.04234740237735882;0
0.04588312700639407;0
0.6050404853764074;1
0.060580996948520316;0
0.08859296918364781;0
0.5419851565334672;0
0.38459214405223624;1
0.16786927452470263;0
0.11966149151148843;0
0.030858642000501892;0
0.33718991568915746;0
0.0968945093779677;0
0.1280120664977158;1
0.04155188840033065;0
0.23984451172020857;1
0.0016579131518609784;1
0.6766636081362362;0
0.3104847572055452;0
0.7139282125581193;1
0.061137418800943054;0
0.1904195971147542;0
0.11988340350251653;1
0.9999937381766144;0
0.2234811892226092;1
0.9418155472581213;1
0.3658452356668318;0
0.21913398028395709;1
0.3992941924488064;1
0.11114186691189606;1
0.11431615999789588;0
0.4343023004468304;0
0.5505923635943542;1
0.5378551740127752;1
0.10816134011877407;1
0.4433869580913362;0
0.04222472107975337;1
0.033809258538405045;0
0.0009984353525450292;0
0.35022127439212336;0
0.14923081136853042;0
0.1964259000572593;0
0.41226901425061235;0
0.02621767034845012;0
0.1924671213923084;1
0.07911794102916389;1
0.17339872790112107;1
0.8992329875642494;1
0.5162208685947978;0
0.2877586991783928;0
0.17177736222485712;0
2.5360397977912298e-06;0
0.6728332241360695;1
0.9990304102691251;0
0.06482069321725736;0
0.018192143466858202;0
0.06049941487464558;0
0.019985588925341975;0
0.009002353340827076;0
0.3754219678351008;0
0.7366570098423252;0
0.9932814701151297;0
0.08796543852412152;0
0.33711517496278764;1
0.00745074126886747;0
0.9972217866190397;0
0.02833466000358603;0
0.041836955908963365;1
0.9438649546698896;0
0.8349406125054591;0
0.0028236508085659373;0
0.3200485372745851;1
0.4719275161006923;1
0.08306347896591312;0
0.20991000578301502;0
0.1894013757091721;0
0.007863229488580753;0
0.34204686073882556;0
0.2521708267791263;0
0.43000629932429346;1
0.5711395557123745;1
0.49569484038210565;1
0.598736680601796;0
0.1067339510551078;0
0.11391692454743498;0
0.2139026048678602;0
0.17737561392645318;0
0.06894829938156911;0
0.19562076350559604;0
0.137299227538963;0
0.5945791923212769;1
0.17758628393585868;0
0.04108263243019024;0
0.048757312416755;0
0.2543131434604401;0
0.9999994201012512;1
0.7135477069145144;1
0.5639306450180148;1
0.02802070583335166;0
0.9988730072982563;0
0.7821250162073787;0
0.8933802153920997;1
0.9987423993410571;1
0.04147571972282366;0
0.05969019747607606;1
0.00148605632333275;0
0.023597852546759904;0
0.4852481314678543;1
0.02957841699772082;1
0.14584718268900468;1
0.03904636164622035;0
0.025529703911727836;0
0.058599746379435776;0
0.0770267261869558;0
0.03648423370490313;0
0.9979391515186221;1
0.013217819503675949;1
0.04853579096781136;0
0.07974658883942129;0
0.017119668412068544;0
0.11195601480952785;0
0.0051595087073956465;1
0.04692935168636556;0
0.07018941105289163;0
0.0021140954151812;0
0.01630672874908405;1
0.02291179227464495;1
0.20495843540116263;1
0.07480776659265855;1
0.022086094433133006;1
0.4730497558822629;1
0.5217322497112319;0
0.2653227101018192;0
0.47407668357521626;0
0.25452889517354593;0
0.08968501090189215;0
0.19272319848996394;0
0.0636604151509252;0
0.12759603480231496;0
0.5618844742998693;0
0.2979463424189518;0
0.9999999999978159;0
0.38578453768197224;1
0.15515735912579653;0
0.10226381845205593;0
0.5416556041828656;1
0.8163848781514539;1
0.5623768813610387;1
0.7376875066262638;0
0.5981895885101445;0
0.7755667229492399;0
0.44521032529842713;0
0.4391349252080208;0
0.3801749246950744;0
0.16643183472128406;0
0.12785600519991727;0
0.4029857505829177;0
0.4824874742483361;0
0.6518561260190529;0
0.8141060821847353;0
0.18014905357859684;0
0.05654327753843919;0
0.048372052244746826;0
0.09110991307283971;0
0.04376366975322215;0
0.9941885738284527;1
0.7564783872745291;0
0.8771128673206906;0
0.2445077681025409;1
0.8319691225959408;1
0.07180401153162227;0
0.8261900482241805;1
0.2961492821439871;0
0.6366944314307426;1
0.8997487109994624;1
0.16702889551511355;1
0.39820561928772824;0
0.27775387374001637;1
0.010897538447098315;1
0.100406392280737;0
0.1519961025317304;0
0.1742397050129985;1
0.9572262552000363;0
0.006737888308324071;0
0.07888138683909399;0
0.017260547852911517;0
0.017354816735780893;0
0.07260820932960695;1
0.05718442758912472;0
0.1433640929041587;1
0.21965336866556404;1
0.010258081831343194;0
0.009294898594889184;0
0.3902733409141113;0
0.09090133943530442;0
0.05168299532589611;1
0.5903452434770343;0
0.27047195579928646;0
0.0005750314553967693;0
0.015289234300308248;0
0.0062153519523449625;0
0.5748693851892357;1
0.45728566171398033;1
0.6159595331126133;1
0.7546159875838444;1
0.6879425991907582;0
0.4614961681417477;0
1.0;0
0.9999999228236878;0
0.6671364838646012;0
0.1679655728081377;0
0.9999907126331338;0
0.9999503099270484;0
0.9999997035699351;0
1.0;0
0.564754985180959;0
0.249737940078799;0
0.6858176991378458;1
0.39645886560224175;1
0.2741629274344303;1
0.5247523723459343;1
0.771577191595249;1
0.35872084179255104;0
0.2157380688716274;0
0.26033682180994655;0
0.28743538620067266;0
0.48559725761718314;0
0.5119372233246083;1
0.3192111073081762;0
0.5273009258850925;1
0.3097558417016077;1
0.4543569144444739;1
0.3128558877107727;1
0.20557468639562004;0
0.4684475104041196;1
