pred;y01
0.06898655886042025;0
0.11973997701247266;0
0.0801433640536727;0
0.10047986000874005;0
0.39011024884871254;0
0.1113442450711328;0
0.13944343739590692;0
0.1908126476062117;0
0.4088754950671084;1
0.08831686255063288;0
0.10043206705200339;0
0.1827663760272506;0
0.2342114039237641;1
0.25044004926154984;1
0.09089211512710454;0
0.2898617022827805;0
0.23292850834506;1
0.10093160607623843;0
0.1666185890403957;0
0.1385823731543726;0
0.14897009649072523;1
0.1644118421102347;1
0.12831840040361733;1
0.20893618577649997;1
0.1137889587900491;0
0.2679374835601456;0
0.568501725396917;1
0.1683848783267004;1
0.20179820803241938;0
0.24804442561394427;0
0.20692869430049962;0
0.16736689570084182;0
0.27055727419694314;0
0.32075598807517247;0
0.3072834230702143;1
0.39700409510838564;1
0.41934753167661754;1
0.40857099936712926;0
0.37805180174650843;0
0.15279035437650978;0
0.17317780964656262;0
0.18165314523452447;0
0.37605811044688003;1
0.38424112179272046;1
0.3561100684771341;1
0.3051481344944209;0
0.33327239189992325;1
0.2276013327889674;1
0.27986781095729546;1
0.38684490402473487;0
0.2650141495889339;0
0.3027702912420646;0
0.3353285202316327;0
0.49249097443972906;0
0.3291863721896984;1
0.1733384983504439;0
0.2336280829158556;0
0.40643165689884786;1
0.637670267261868;1
0.19354642574684328;0
0.15691900895894198;1
0.41263431388979677;0
0.10930297512532032;0
0.49604979042575603;0
0.17057186136766125;0
0.2309732767874229;0
0.2014341558037583;0
0.12225578077801269;0
0.1550880238526637;0
0.1696451265121809;0
0.11586523080720497;1
0.1922280891792722;0
0.27349738483800967;0
0.300030629821334;1
0.23213204011527347;0
0.25373788390436885;0
0.43194180136612836;0
0.5371450246287761;1
0.2768082885940524;1
0.2836984212635548;0
0.6042790657930279;1
0.34243782179496607;1
0.4207569084817362;1
0.37335825720541604;1
0.4036408093636542;1
0.5241772849354119;1
0.5441362766459206;1
0.3131968601496312;1
0.5196856860310513;1
0.30302516515263495;1
0.5887921729599533;1
0.266394989072958;0
0.2946152753371815;0
0.42673225523117925;1
0.46243101756973154;0
0.35683414582211115;1
0.3610987934581227;0
0.20301980834341066;1
0.3628694593012842;0
0.2560411316455217;0
0.34157016665063183;1
0.3918029705821634;1
0.2464358643223838;1
0.34187347035853993;0
0.42219717668284956;0
0.32243563201337905;0
0.28153915671885815;0
0.1174139304580299;0
0.12203808647855026;0
0.5617586355350623;1
0.2972701523959708;1
0.4267637493214145;1
0.41841181915437303;1
0.3490639997261733;0
0.3294208160471739;1
0.3165754644859725;1
0.22087166427031946;0
0.4574871621450305;1
0.33538345159652605;0
0.36849961033637174;0
0.21495112356413226;0
0.1425735569288702;0
0.40316385886134753;1
0.1772188897847035;1
0.18178795770343575;1
0.4136217001940571;0
0.2237724361073822;0
0.1547416841628011;0
0.11017119551950809;0
0.22010548758886397;0
0.28705479528845806;0
0.2442435818545623;0
0.2609108962627568;1
0.17545919510739424;0
0.12781640107774325;0
0.1713857305378347;0
0.42509623531346075;1
0.2681762929787269;0
0.6017452881228086;1
0.6352198305882972;1
0.6037769793841469;1
0.5664853672718132;0
0.5108339493610442;1
0.3690493883038308;1
0.6397166602776977;1
0.6454966991897411;1
0.664524344159435;0
0.5575339030807993;1
0.5009268433540676;1
0.626580780310011;1
0.27585909357148386;1
0.2814447404111214;1
0.5888159357837893;1
0.5752108697991785;1
0.4909514990367828;1
0.44934132668947213;0
0.5930997481992867;1
0.41254031547776926;1
0.3271325548387106;0
0.4174005635155054;1
0.5893677124235582;1
0.779751092560468;1
0.6799287968473054;1
0.3381952827474635;0
0.49841482692412764;0
0.7442418069681084;1
0.4328753429030972;1
0.6791299405131827;1
0.3844399217984896;0
0.40268879123308177;1
0.3166361645992192;0
0.012003612714499437;0
0.14631755155446607;0
0.2016856541465325;0
0.2875467647184774;0
0.18174584265404325;0
0.24526025706772753;0
0.18499335967994684;1
0.5383600286893369;0
0.11311652025072769;0
0.29441979924759426;1
0.2315733277503916;0
0.35023309781662787;0
0.16837542787381826;0
0.14102227212787097;0
0.2817961455534542;1
0.21188374887402672;0
0.3580040146139312;1
0.16578664480797978;0
0.21304484440913987;0
0.2134657882653051;0
0.2862820685457243;1
0.15914214916862474;0
0.30690044209818756;0
0.28790158228232626;1
0.2921725604132072;0
0.11238509107496415;1
0.49393848804271934;0
0.3156247814415315;0
0.2281459528239816;0
0.1179520126611597;0
0.010485319005351237;0
0.29783327088839445;0
0.09249647892498927;0
0.10199000145601542;0
0.29656544322249634;0
0.19823221765351667;0
0.07891877119679652;0
0.16392389029782883;0
0.2716983154608427;0
0.08826681976118024;0
0.09595248228836206;0
0.20326720104464976;0
0.3663759863566228;0
0.27596131707057736;0
0.24395199550484814;0
0.08735380180605118;0
0.040884712663496345;0
0.01795958617985166;0
0.09352093505009286;1
0.17414804344765744;0
0.18560187223087823;1
0.1555619489112216;0
0.1776243212270148;0
0.09776194728498885;0
0.33141641041444475;0
0.3662822223316489;0
0.3609592932275672;0
0.2628072122735616;0
0.18060946876830536;0
0.12481973963608312;0
0.025000357255253937;0
0.0844008658769398;0
0.2757778614894527;0
0.15079371783814258;0
0.15493657972228564;1
0.23838448125640296;0
0.17963646022761148;1
0.24249565953985985;1
0.09075627981773832;0
0.23528048226832785;0
0.2501365858603914;0
0.11533608615122187;0
0.12302470453097328;0
0.0138265698988014;0
0.25376049011757235;1
0.295000066034396;0
0.2777262040512599;1
0.28473443930391934;1
0.22703649854035035;0
0.3615983487016952;1
0.1354694182802255;0
0.1080954037638479;1
0.4021349328724868;1
0.2345478144762845;1
0.05822098734493739;0
0.19832075382050773;0
0.24383093646958956;0
0.20173482994555994;0
0.06887726036503523;0
0.014442886893035401;0
0.34140904792361015;0
0.040181672955638424;0
0.19857560283099376;0
0.14629795111931962;0
0.021553620900855334;0
0.47038937580158957;0
0.25743758066672406;0
0.09684403388018199;0
0.1577305766804559;0
0.32886190933158294;0
0.10600455363918512;0
0.2494791382963967;0
0.19718485319929624;0
0.10581077357659746;0
0.02515419015641741;0
0.19940867844218066;0
0.22525569113227767;0
0.2766569667535441;0
0.1410040466402704;0
0.3906824678045059;0
0.17410359837419578;0
0.12363149860907549;0
0.21927070172598495;1
0.09123707043530085;0
0.033549572426672315;0
0.11508215566561297;1
0.22934215967766608;0
0.14953458313982876;1
0.2416737957223599;0
0.15295769138731266;1
0.20269055424822077;1
0.17359423341817884;0
0.30582225428351983;0
0.1633455883139206;1
0.2952453401094532;0
0.31929523459632614;1
0.17203533161359935;0
0.061968758268652724;0
0.30894527764858193;0
0.3327312046692491;0
0.2626339961032767;0
0.27396959182838704;0
0.6678416746011341;0
0.7611044909319246;0
0.5593612536673909;0
0.5522906066472202;0
0.6558943244114697;0
0.3138300332984459;0
0.29225916155975656;0
0.6022075450411404;0
0.2387448663475171;0
0.677536089953552;0
0.6216703436462853;0
0.44475750196351677;0
0.31822101147229764;0
0.21204904528632948;0
0.22196490799940752;0
0.10501550131815279;0
0.262709454326913;0
0.43164278574686915;0
0.3277079609239817;0
0.2535768332456141;0
0.36570779353920807;0
0.407557189476946;0
0.34757944131573004;0
0.377136336803507;0
0.6066392904991202;0
0.26478088444453296;0
0.37792928826952493;0
0.6354456967113836;0
0.41081136703694016;0
0.4467846111263023;0
0.2737993601069687;0
0.27619517376734076;0
0.4071927886732178;0
0.14769573166868616;0
0.27732536699646865;0
0.02319623824727604;0
0.04493191345384789;0
0.06680331548577106;0
0.10076142157504885;0
0.057211183478738756;0
0.06391660426906251;0
0.09199695069692469;0
0.08786097182195955;0
0.11524475530190299;0
0.12079818750718987;0
0.10510841952116638;0
0.14430894436720484;0
0.06665628537187168;0
0.08019361060336093;0
0.3435843486691339;1
0.1633080245491135;0
0.03275861426139452;0
0.19207577227431905;0
0.036873298431444684;0
0.23576253593694865;0
0.12562676790106583;0
0.35828478100867683;0
0.000767592105986741;0
0.04349444354582034;0
0.15185473624856674;0
0.024735791175942736;0
0.04727547424648097;0
0.19900644862491063;0
0.3281262499893207;0
0.32825627046544886;1
0.2438970720914971;1
0.18640172891785084;0
0.31552940163477144;0
0.3346791943802258;0
0.2509630961804792;1
0.2941130155987872;1
0.24933407025376916;0
0.09361254593376848;0
0.08479607071418806;0
0.15880923606554742;0
0.13158210336805848;0
0.14428754458184853;1
0.12522055946104985;0
0.19414284664928133;0
0.08415820193066467;1
0.07741439737387018;0
0.008365858362509908;0
0.048184162377312025;0
0.2043972298008475;1
0.202371895104996;0
0.2567725083068074;0
0.2269705880736428;0
0.27953240087017683;1
0.18871803950299015;0
0.31419948255325286;1
0.23012900099851757;0
0.18961696182211882;0
0.2196372779344797;1
0.1966097483615979;1
0.14114123917676388;0
0.21517817992072855;1
0.012579768268656885;0
0.7921560480058233;0
0.729566336347167;1
0.8090867297040502;1
0.8051101359951708;1
0.7772828381092936;1
0.7598820871860064;1
0.8476120763542297;1
0.855939479114296;1
0.5328308417320842;1
0.7471597900003912;1
0.9483155522870713;1
0.8374729452560178;1
0.7530224884317355;1
0.8450408912945108;1
0.49441071785777324;1
0.6983964256432577;1
0.6497232373923568;1
0.8499240535836783;1
0.8807437066527796;1
0.8675613992671691;1
0.9322548940032849;1
0.6991082327229828;1
0.8298150347302734;1
0.8085372198786669;1
0.9676025646078978;1
0.6446730990827056;1
0.7926198101170849;1
0.7541561489947702;1
0.89660590924368;1
0.8022858537636733;1
0.7770194767283548;1
0.7628500057596769;1
0.6499741992800371;1
0.6707886195845935;1
0.657816683827493;1
0.8892367178798063;1
0.79685215788818;1
0.8136516255341951;1
0.8059259059074203;1
0.8815423592426149;1
0.8329285788515891;1
0.8389173109461022;1
0.7902470276083631;1
0.8940112763797311;1
0.6707475344808809;1
0.8614893943354072;1
0.3062675837058149;0
0.21096725516087583;0
0.3193066481277225;0
0.0696883447630128;0
0.13670274356828144;0
0.39709568443148213;0
0.10997757682645258;0
0.3927783373293646;0
0.15872871356676563;0
0.17624955050204286;0
0.07288251382667223;0
0.7602470906705716;1
0.8280285657139048;1
0.5711902524588974;0
0.6733287625246368;0
0.806109016691969;0
0.6578490865699967;1
0.7352716805213404;0
0.6270207984050035;0
0.5770760809395733;0
0.7852012931362007;1
0.9420906949356589;1
0.7061330524351587;1
0.882037650891735;1
0.7594974169393511;1
0.7756131058194788;1
0.9611918387557833;1
0.5229465668948752;1
0.6520887627390368;1
0.7778154550267952;1
0.9231517017886774;1
0.7630545177685595;1
0.73072316508237;0
0.8459125003702732;1
0.6081724853578581;0
0.8427828311092319;1
0.6498673644379436;1
0.16071789977315645;0
0.37428208620321385;0
0.22232333329335405;0
0.2422008458386435;0
0.2092950991881672;0
0.2769462812825499;1
0.1595119595625918;0
0.2013240336608645;0
0.19403437611996754;0
0.20296435547893002;0
0.49323050112202704;1
0.49260375595821343;1
0.35297591562717495;0
0.2913817553405493;0
0.39795023278104735;1
0.3133164597035797;0
0.23535488823666356;0
0.3803656396844396;1
0.16984798446341098;1
0.4060045854919261;1
0.29205534151937756;0
0.3072638074381138;0
0.30170663207629284;0
0.3896365000128169;0
0.2937648036190348;0
0.2977345817779419;1
0.366117227251786;1
0.32377914741410563;1
0.43706946587885076;1
0.5245405352854386;1
0.41498166677976434;1
0.6220193941580506;1
0.28002852235515424;1
0.43083870668235563;1
0.2755734278182019;0
0.388236924460126;1
0.3964017098285672;1
0.28399238475387373;0
0.37298911412620395;1
0.4153159451702904;0
0.40725211616336304;0
0.46789978487078254;1
0.2089932608639592;0
0.528680922576796;1
0.461962817656256;1
0.36876609685673745;0
0.3796158461318368;0
0.5297949930654067;1
0.42510202570868344;1
0.2829232116833974;0
0.562660134884515;1
0.3792128976748929;0
0.35679629537094076;1
0.36071812650493035;0
0.3762007788840457;0
0.42199062883203337;0
0.3653043255062051;0
0.3769545098262799;0
0.29702874357773856;0
0.3438286625114867;1
0.3742412724459416;0
0.32141191474795544;0
0.37639417861478536;0
0.5365769053677374;0
0.23143678620114677;0
0.31427157204941286;0
0.3563491750730398;0
0.22222992539484718;0
0.25092414080500697;0
0.37259073603818305;0
0.3408190738363587;0
0.4318389590572664;1
0.34677448906459624;1
0.24055166223093483;0
0.4721338727447264;1
0.38913818434030684;0
0.29746858162465295;1
0.3840104044785859;1
0.304899033462396;0
0.27425751115247604;0
0.460204210445262;1
0.29746927680602153;0
0.25553365228091013;0
0.3121635493959296;1
0.3204273219655802;0
0.2736496245698624;0
0.4127527302351438;0
0.27221998558406874;0
0.31549510018878735;1
0.35178750125939656;0
0.4714038029796975;1
0.35101420304227793;0
0.12091666467805605;0
0.1647025228534099;0
0.2614791872078888;0
0.2607174044169406;0
0.2088725780068732;0
0.3237223751902639;0
0.6578205365620449;1
0.15808253038118278;0
0.07579598881229628;0
0.11608874852109782;0
0.30339603486133465;1
0.17627832004836133;0
0.07903183826750938;0
0.42077242619095107;1
0.262485932749063;0
0.1687797379145224;1
0.3243346181015703;0
0.1508768058046814;0
0.3331297036637072;0
0.26286776229491;0
0.2921088951607995;0
0.2578687515070195;0
0.19196101396848342;1
0.16366031881734558;0
0.5036795154391185;1
0.2467610509439396;0
0.2032638166299741;0
0.33920175454110824;0
0.19583491893454139;0
0.3121076178189362;1
0.7783207368180112;1
0.22749928223238172;0
0.19086432165967446;1
0.25512449544595966;1
0.1914969075234099;0
0.3818260491850133;1
0.26965488932333376;0
0.7684475664173769;1
0.2915702467036128;1
0.6099041610936159;1
0.4084871960696718;1
0.6245011243646142;1
0.3616904420497761;0
0.5919951249416973;0
0.28815244060081585;0
0.2887066533638816;0
0.8034692760845638;1
0.45040974298307596;1
0.7251421848567611;1
0.18447183573811363;0
0.5504994633760182;1
0.2474867174032516;1
0.5848772791043252;0
0.4500032811260226;0
0.7389805632980628;1
0.29196601788018367;0
0.20728287998384445;0
0.8634887655527588;1
0.28229530709296174;0
0.4347020253467479;0
0.5406140934687463;1
0.5453742051347921;0
0.2634467062574804;0
0.31347353645150194;0
0.690558426722459;1
0.17486479052672277;0
0.6087821124518741;0
0.737717685306126;1
0.737370035059744;0
0.4665754699973225;0
0.26847416247348976;0
0.7044845585137269;0
0.33358040275500705;0
0.40444324928545344;0
0.5643085257137697;1
0.3404037273759283;0
0.8019264996412837;1
0.6487257235046712;1
0.4270264250969876;1
0.717238002818404;0
0.7919781991686946;1
0.2659536397333033;0
0.7459595501416031;1
0.23407321524713667;0
0.49441378602186525;0
0.431704406937554;1
0.6111673087072033;0
0.6019093693203601;1
0.7849477575091977;1
0.6698462470486446;1
0.6210226876058035;1
0.3394152323543332;0
0.5935193560202479;1
0.28022895708405976;1
0.1839869079514641;1
0.21074315544318667;0
0.22271018336497422;1
0.2465737020979604;1
0.43607436690031043;1
0.1976267457918093;1
0.0666468616166831;0
0.12881563916247718;0
0.1266008418772206;0
0.26985473028738205;0
0.09238632529373984;0
0.029813909281843756;0
0.06377656095499558;0
0.28089989479512567;0
0.22830604588134598;0
0.1697351983970799;0
0.08291708388604017;0
0.18491659462390983;0
0.08623145346155135;0
0.3780121390981931;0
0.18578559204082642;0
0.030827481899765256;0
0.15242894466646548;0
0.2828858900984814;0
0.2841753475037293;0
0.2741583570677655;0
0.5023529449089487;0
0.15698944752107585;0
0.31984510717984116;0
0.4796180068985198;0
0.3925048974501254;0
0.35617631232943686;0
0.3059125249528877;0
0.7077374922841251;0
0.40296316035376095;0
0.5295386056823588;0
0.19804512220841441;0
0.5578237233908386;0
0.8236236812717489;1
0.4737536507860004;0
0.3901953133503308;0
0.31038441548112244;0
0.6239162133237742;0
0.1937051297286279;0
0.5069999213748919;0
0.3238375128197958;0
0.7268727042829506;1
0.664926102941776;1
0.4193149097037425;0
0.6506525900767178;1
0.19939343349179697;0
0.558204630903538;0
0.71097096872272;0
0.3122500264613628;0
0.2507519813758494;0
0.3358030027628946;0
0.438905888329276;1
0.24540208462449004;0
0.4050327848287963;0
0.3362939476990329;0
0.6867435996070053;1
0.8944669843461017;1
0.6554445692811618;1
0.7870411193901974;1
0.8005469981011106;1
0.7406086751398392;1
0.8323117946370068;1
0.747480337582037;1
0.839207102700476;1
0.7911109423015601;1
0.951189697604982;1
0.7899781411894662;1
0.709694184979257;1
0.7658510788305697;0
0.7192893982626473;1
0.1559116534518342;1
0.7845364799347174;1
0.8489387724099119;1
0.9031466506842728;1
0.5695557088799941;1
0.9526055227156168;1
0.7659739070834306;1
0.8633976529936903;1
0.8985815426912636;1
0.7825674010984456;1
0.6669921355704896;1
0.7411152463393615;1
0.8299116773934019;1
0.7728957543661186;1
0.891708488487616;1
0.8756844697457502;1
0.8743085812871225;1
0.8735597406312632;1
0.6452328252100286;1
0.7438964081926684;1
0.4102899186638309;1
0.9594898270150704;1
0.8076096165912043;1
0.7547940790178349;1
0.7230068175452319;1
0.7474166959632527;1
0.8658118372624279;1
0.8243325756496179;1
0.8029328116244808;1
0.7885272717989434;1
0.8413380225539132;1
0.871338055081676;1
0.8493624413444338;1
0.8849663089797801;1
0.885024885689281;1
0.7937505200813386;1
0.731971651907156;0
0.8716046655253411;0
0.8451260044166365;1
0.5651532146264541;0
0.8902333646216812;1
0.7704388101251324;1
0.8949439525740223;1
0.7298276269126608;1
0.8668225504091969;1
0.9310915916244138;1
0.8404054107698459;1
0.7930617214944253;1
0.8070927570620702;1
0.7832077766536651;1
0.8298646615106692;1
0.8030347457757001;1
0.1072546208917161;0
0.17817065098421755;0
0.13229022773569504;1
0.2662096413549349;0
0.18127855903068762;0
0.45396786525599964;1
0.13848796121041043;0
0.3109862241657138;1
0.24237676852039414;0
0.07400609608555994;0
0.12860231988919724;0
0.18331382573176896;0
0.3486524102485606;1
0.2564669051419708;0
0.14943755366813774;0
0.08747153734635682;0
0.16854220954195046;0
0.23864478244612303;0
0.16137844988091335;0
0.3112138020501258;1
0.0709650680531224;0
0.25003415521930794;0
0.15781300104565418;0
0.11477293436920843;1
0.11144413045249703;0
0.12091397844412938;0
0.10118300902195584;0
0.09128852360445519;0
0.114566119606623;0
0.12430332484488699;0
0.4053789819079846;0
0.22796198257482325;1
0.1306682840743408;0
0.1149007886076178;0
0.13065007557316163;1
0.16922217551379368;1
0.16396148245548808;0
0.15152701355633316;0
0.09214694782552112;0
0.807576437416291;1
0.5301984169110484;0
0.751610615633493;0
0.8448310087233324;1
0.43519641838247164;1
0.8159722978560361;1
0.8647285153707582;0
0.7938071473444513;0
0.8394684418836298;0
0.7965641693219229;1
0.7757945561595122;1
0.8493396486439981;1
0.8385158658716863;1
0.7006390854090189;1
0.7606760923025716;1
0.6443414340087975;1
0.9264988717625262;1
0.8059706109423443;0
0.4336954098920879;1
0.7881372092572025;1
0.6092973492002246;0
0.6462380484635898;1
0.7996734793548134;1
0.8009854760214161;1
0.7352039056957701;1
0.3999407234559526;1
0.23817640589151062;0
0.35494267377392474;1
0.2708862499752782;0
0.30866940965172796;0
0.5299944742804488;0
0.13463683167329393;0
0.20054314490089403;0
0.19745339614586613;0
0.12998171619286228;0
0.2652037821315908;0
0.29917848863229934;0
0.27188635849333925;0
0.1323081491590466;0
0.15672872843560862;0
0.4116776882444176;0
0.2725957185431874;0
0.4149447048294125;0
0.2359578637363464;0
0.35350214516052564;0
0.443765307446767;0
0.4956879013037233;1
0.20321459124232433;0
0.2331228513877718;0
0.223005160119794;0
0.10309316134784409;0
0.18540204383600356;1
0.3502478004904259;0
0.38375484674685306;0
0.3845028135300819;1
0.5472602263471661;1
0.16229196433282778;0
0.2087214301854184;1
0.3362442487700987;1
0.26518473327197367;0
0.27314322813564634;0
0.17310591843381506;0
0.12653083059384476;0
0.10562729737333743;0
0.2545338710952871;0
0.1998708024918213;0
0.13342005701380466;0
0.3618648004968286;0
0.4748838998149727;1
0.4806005681224989;1
0.2531665843166556;0
0.1913443695085396;0
0.2850827978105836;0
0.24207029203383468;0
0.30642914481628;0
0.30062354963070465;0
0.2733303364490104;0
0.23151519303305035;0
0.3256059288209177;0
0.19126747136260222;0
0.22184444424681912;0
0.49011964804316427;0
0.15299203052406316;0
0.13262762908579304;0
0.12578983796616672;0
0.10119026945947755;0
0.22273801290267548;0
0.1098649412138254;0
0.6175051048955903;1
0.7171311409780878;0
0.7350251463339992;1
0.34337910903368746;0
0.8833791225229561;1
0.7594893432376967;1
0.7908963640217976;1
0.5456152947173505;0
0.8387955684669188;1
0.3376682572506259;1
0.9435714951386232;1
0.9460863941204483;1
0.6868930854709492;1
0.8766015388080827;1
0.7072914466878478;1
0.3266997520071223;1
0.860968829682667;1
0.37723823310689497;1
0.8804674298447037;1
0.8522452034141992;0
0.8884733873722386;0
0.9028478390915252;1
0.6174080938484406;1
0.7311070194728054;1
0.8865748791197138;1
0.8143242126596691;1
0.2597464670220368;0
0.23541780276731275;0
0.4213898889756762;0
0.37220941972133104;0
0.42273483624140323;0
0.874892769734793;0
0.34995877109297574;0
0.147946077879195;0
0.2573383027503198;0
0.17025509323892954;0
0.22610924093884088;0
0.5466741514120825;1
0.3947751486016762;1
0.27529566690103824;0
0.2889081918363573;0
0.36750103769452064;0
0.288070940847831;0
0.31868412096012333;0
0.33643434328214644;0
0.21054558263074952;0
0.34490515181461756;0
0.3218170135021554;0
0.249254651365313;0
0.4111015924390031;1
0.24160075405560183;0
0.45805043251878585;1
0.5649926984094462;0
0.23823321300499145;1
0.08466535160126061;0
0.12349353542411483;0
0.1442101174400458;0
0.1598708440399505;1
0.0949409093030993;0
0.19263690832367056;0
0.07249770284749811;0
0.3823147731776125;0
0.14829592168817443;0
0.1648548972325153;0
0.20415137051917942;0
0.42765788214816125;1
0.33405047518798087;0
0.2930089596770576;0
0.1545120915399105;0
0.3440867895050031;0
0.34411979684164684;0
0.3727412110254355;0
0.24106594022695652;0
0.5772174889254095;0
0.19575587156352853;0
0.18810865206759478;0
0.39424710367726123;0
0.704070494138348;0
0.9285118091955932;0
0.3967032734835162;0
0.43641066457784783;0
0.582668584150521;1
0.7169530193936293;1
0.8717000482139163;1
0.8170021388952836;1
0.7735308380281972;1
0.842188898252206;1
0.7007775598857904;1
0.8486729415513621;1
0.7754335834675795;1
0.8654709947472277;1
0.8307066576228879;1
0.7595742391376904;1
0.1347836610550285;0
0.2935442034467753;0
0.09787503198111415;0
0.21568234997145952;0
0.09190537272621424;1
0.18136362944937753;0
0.12186677075558404;0
0.11161229074659647;0
0.38893669825548066;0
0.18345513058338936;0
0.24949428533430518;0
0.09175109341097862;0
0.460319256122294;1
0.18660906814898937;0
0.2754686245779487;0
0.1984240545263419;0
0.28432781421333286;0
0.11888620847496129;0
0.2632548793764146;0
0.4093291619035294;0
0.16954707951972345;0
0.03603985237774164;0
0.20234458461192528;0
0.08411163379087527;0
0.1030655662858576;0
0.24287721958011435;0
0.15176913734527112;0
0.2351126580168515;0
0.11605184750870466;0
0.1959471043967529;0
0.10050641536843692;0
0.08354139432147523;0
0.09050695248005045;0
0.12279697983210797;0
0.17128827076378686;0
0.19402143319244441;0
0.2383091621149878;0
0.15027291986091412;0
0.2354251177206829;0
0.3491491421285036;0
0.4356544007068536;0
0.3016621076926094;0
0.26112949166088406;0
0.2060317118492644;0
0.20890890581783106;0
0.16923824422525996;0
0.10977256814719329;0
0.17325765431502796;0
0.1932162065438467;0
0.12195818363975776;0
0.2538132303294448;0
0.10812273142730461;0
0.22119205675936363;0
0.21491750133468593;0
0.2640462231461837;0
0.3823860759753127;0
0.31152729618548153;0
0.3164074210593265;0
0.3811005046729379;0
0.20337652614453894;0
0.3166168156690601;0
0.07163795730573946;0
0.2070734005235806;1
0.20375293543790268;1
0.48174484005711715;0
0.2854427121707222;0
0.43766316524167787;1
0.4049173002559976;1
0.3797783252409769;0
0.231460147620978;0
0.40619327568963526;0
0.3758511232331526;1
0.5236170289318723;1
0.38418249684739636;1
0.26093841078674135;0
0.18865337546217537;0
0.16765987357467263;0
0.13400922228878695;0
0.42018330163382195;0
0.254949025702498;0
0.26623621475362114;0
0.2972871749373353;0
0.23645726181003465;0
0.16063270118736783;0
0.4228274732458682;0
0.33230398894077773;0
0.22038374742639247;0
0.3070914733339159;0
0.517828177373055;0
0.1938630403470891;0
0.35010342678456824;0
0.4156245125499878;0
0.31063416229999946;0
0.203641252669208;0
0.3721582710522559;0
0.34584013149799425;0
0.4121410507993459;1
0.41613893171195326;1
0.4657477718416469;1
0.3030436540428528;0
0.4219354804086232;0
0.423066378343409;1
0.561217685372618;1
0.27571625306654374;0
0.3114849185518692;1
0.3765977754163697;1
0.3454061021804241;0
0.4079459819903716;1
0.42506833511221837;0
0.2175171148919301;0
0.35669175689914734;0
0.3429274298029415;1
0.39403715723011157;0
0.30607692430686523;0
0.32424652603877674;0
0.28973378310333137;0
0.30446704680715475;0
0.6548665163568066;1
0.12132023997071888;0
0.09936796665631899;0
0.12617770479688112;0
0.05306050531451119;0
0.4150304592097138;0
0.13541075667583333;0
0.3520321014521676;0
0.1049448369923281;0
0.19849257521420466;0
0.14963351732558117;0
0.09929770060852537;0
0.22037525288530016;0
0.6742645637510407;1
0.32195503869790904;1
0.3783459368802952;0
0.0026511590218615583;0
0.15271010330991938;0
0.4713783697849436;0
0.1289755027221707;0
0.21540172251431863;0
0.14436381809378815;0
0.12373323940346988;0
0.2070774230232456;0
0.215471148190155;0
0.20406891570414395;0
0.28469446847079866;1
0.0950266007614128;0
0.12424673444184131;0
0.12952074110536585;0
0.13497186083529217;0
0.12837011559594944;0
0.27429211118971714;0
0.264100295923477;0
0.10782203461822265;0
0.2485914971122852;0
0.1935976114118202;0
0.10965607333165173;0
0.08905451225803807;0
0.210947777086267;0
0.17173422279439407;1
0.10459626704928805;0
0.385181629195742;1
0.09374994385545883;0
0.3685828453934901;1
0.25224917283731907;0
0.13370807388951012;0
0.4839028094649912;1
0.31108530499750253;0
0.32456178035169847;1
0.3529968508485888;1
0.14900855371517205;0
0.184181043894413;0
0.42480909441719594;0
0.27138108322528054;1
0.4266520811972022;0
0.2916983178311339;1
0.2994940822813715;0
0.4204494610424043;1
0.42211093076760686;1
0.3439491069138074;0
0.3691680286572325;1
0.4250939329134712;1
0.3357078948181676;0
0.4204356420231354;1
0.1555670189259672;0
0.09194285350231116;0
0.21653749093201594;0
0.22843565007887737;1
0.4222221780093793;0
0.48185990370025117;1
0.20000063272164653;0
0.31357018075058896;1
0.29466969301378143;1
0.27178552374719117;0
0.27493694847960964;0
0.3849501403273896;1
0.2163930516588185;1
0.14313693589884735;1
0.2858054326540161;1
0.151014577836816;0
0.18138588068110525;0
0.21675339429928084;0
0.14686649482954434;0
0.22362199015922807;0
0.11221718150481946;0
0.16165140099446987;0
0.42291980100532844;0
0.1943740949695901;0
0.23331546088560387;0
0.24332091919587592;0
0.2785546034042701;1
0.21741981304842256;0
0.12994587080838432;1
0.3347347491848029;0
0.26827429320701857;0
0.07792348611381918;0
0.12877466909163246;0
0.13029850919288052;0
0.20364104622432044;0
0.2954718601771414;0
0.11890847791196371;0
0.2324735820656653;1
0.22672048096154734;1
0.16185464714520004;0
0.3180507077393544;1
0.15113302953993438;1
0.13910817816057675;0
0.2624406603763224;0
0.31863957747686683;1
0.35080004331163006;1
0.2590763498379932;0
0.20322838684676034;0
0.19095825233265207;1
0.310500390290865;0
0.31844706439618015;0
0.3075166354410801;0
0.38744936141400965;1
0.35253748904130927;0
0.21951914807187223;1
0.14768468610976349;0
0.23639379590965498;0
0.33925018927623396;1
0.18134991542840895;1
0.22627717255398197;0
0.2623133220702415;0
0.14314756401373907;0
0.13813239156548654;0
0.2935838397116881;1
0.2574794461409226;1
0.27128878444644766;0
0.2642875083808616;0
0.36376878373026517;0
0.13443216010836734;0
0.16831706920436368;1
0.1513918146138836;0
0.30315667233591825;0
0.36940737719419675;0
0.08277415763941973;0
0.3399706384096056;0
0.3951437437130612;1
0.3191287716786368;0
0.2507461344648727;0
0.4021156419873936;0
0.5663298314172083;1
0.28987340088520686;0
0.31277335210482965;1
0.36152404691073803;0
0.5232615079957622;0
0.30799012761165784;0
0.4932857205463776;0
0.09934163471245736;0
0.20536805835766506;0
0.3444972926759393;0
0.32623566214157085;1
0.39116802720497457;0
0.30705455318377334;0
0.34473147976825064;0
0.3196680624368205;0
0.5339207480540478;1
0.43869256938133044;1
0.4653917418607912;0
0.2453105343171756;1
0.5351748987315271;1
0.4052041746420557;1
0.28253707625834434;1
0.2842141676104768;1
0.05103290133759884;0
0.2590058487105283;0
0.1161296974271993;0
0.2939408106128534;0
0.2769046575569981;0
0.2440821466775603;0
0.5066845596040138;0
0.4017520891030952;0
0.4875473800971146;0
0.1968340871238013;0
0.3557184330305191;0
0.050507591578876916;0
0.11316054123677469;0
0.20976548916932483;0
0.046223670539588826;0
0.19366002409799507;0
0.15230713038934843;0
0.07677603038679028;0
0.041277757539110393;0
0.18341931400312808;0
0.4386643401899355;0
0.12909489627176546;0
0.21590601135477472;0
0.09519238318065858;0
0.21025479126103508;0
0.19658721149788325;0
0.08214829841775136;0
0.25297313927394954;0
0.11432221480160594;0
0.2229689108163399;0
0.0021209985777288147;0
0.12786714607867777;0
0.22714499968138596;0
0.09407892075198736;0
0.14863422427822928;0
0.24553618092744128;0
0.11373504141197179;0
0.07380075820204243;0
0.24832053833335002;0
0.2633487455881841;0
0.17905746635760356;0
0.19810388563984113;0
0.1568795290212408;0
0.14584088639829365;0
0.12786805932615708;0
0.2773855601932726;0
0.2583985853457231;0
0.19557970649799447;0
0.18459025538619345;0
0.26972394130983;0
0.11135084080804739;0
0.20597693005960585;0
0.3081615981793233;1
0.09394159861837317;0
0.22711803129399888;0
0.33289333238782565;0
0.34270369498434794;0
0.23663499456509196;0
0.3807849809431708;0
0.6226106025646002;0
0.2954514214049928;0
0.17063633925085697;0
0.25784552498931024;0
0.3735831399841167;0
0.3072711239883996;0
0.3154479658646132;1
0.3887041160189967;1
0.38615816500897393;0
0.5371511717800221;1
0.5016836012631163;0
0.26650949377112376;1
0.6958017355024412;1
0.6043007312502571;1
0.687344450022623;0
0.40055230692412763;0
0.2192730536264203;0
0.18191331412375622;0
0.3461768774254714;0
0.10109582226610958;0
0.0068547521928472655;0
0.14226837060611422;1
0.13838751741994304;0
0.21326912667415662;0
0.09282322086008124;0
0.22957599632087616;1
0.3603583986243004;0
0.06429507226876024;0
0.21882882962059266;1
0.15439835403095895;0
0.1837036308540853;0
0.21971730291115593;0
0.37233996087944676;1
0.11099539926773644;0
0.14593871641854753;1
0.4665531090495998;1
0.19984797020353828;0
0.16324268555509241;0
0.24856866483972256;0
0.17792848216001175;0
0.343412761232932;1
0.08987274699995683;0
0.600201419990377;0
0.29841331431071355;0
0.3614592745326924;0
0.07032287105190432;0
0.3108686782137286;0
0.8542223002929281;1
0.36766881005624064;0
0.5095887395529425;1
0.5062820269092783;1
0.6279801617602017;1
0.14741171843343295;0
0.22264895708508717;0
0.6011989338189057;0
0.1843025120865925;0
0.39749276587554766;1
0.2815538992714196;0
0.24687273330880002;0
0.24515804640717537;0
0.2738103819853903;1
0.3109862312103298;0
0.3573614079115467;0
0.5504937350183134;1
0.2588871822421393;0
0.3932442250878479;1
0.5578495216413317;1
0.6880137837224635;1
0.3877254047602495;1
0.194143313825202;0
0.3053483053088258;0
0.14759172385589686;0
0.2843321438601113;0
0.3350780635678469;1
0.3512709828261618;1
0.0022943484982076855;0
0.30739573329855696;1
0.1116309408787403;0
0.45269372888300363;0
0.4204650860811035;0
0.3845155984162454;1
0.15426834588526486;0
0.29131944257205084;1
0.21297917791154422;0
0.1509374736776526;0
0.3327831126186381;0
0.17765424906194718;0
0.17356714776021814;0
0.3650287128163234;0
0.15641621733906133;0
0.288209515535731;0
0.3069442158674988;0
0.42416384018446696;0
0.23478400116542866;0
0.4144332619536235;0
0.6861522558360937;1
0.21279429562115126;0
0.3941944349361047;0
0.24366266610520823;0
0.38151907955357994;0
0.7624967082573781;1
0.7877816167865662;1
0.31027562055810304;0
0.4198510089520928;0
0.13461959342263985;0
0.3515061490292206;0
0.501215606816315;0
0.2758594742661125;0
0.3996736677783913;0
0.18039611138155381;0
0.14108228717815954;0
0.13858771027388445;0
0.44003646339311986;0
0.12943351379780743;0
0.12716050531739634;0
0.014981243929991846;0
0.232732995124086;1
0.37551492546005866;1
0.008407924463041332;0
0.2931852806170403;0
0.23196947407195798;0
0.08160903359593204;0
0.06298412042639244;0
0.3424987308233322;1
0.4017090677699931;0
0.6844555333743718;1
0.5580396170356308;0
0.8197517438476388;0
0.17119818604106757;0
0.11422249350997553;0
0.18454677841297168;0
0.13117356663002305;0
0.1018706609549221;0
0.18957709786722757;0
0.3645464346801511;0
0.2591924416061366;0
0.30886532224504926;1
0.30312484262259587;0
0.47366436972437836;1
0.1970882986624253;0
0.2286528695754265;0
0.3664958345347546;1
0.4618609978276841;1
0.20030119483156525;0
0.4025731208872647;0
0.3202821350688764;1
0.30035543537771153;0
0.2292711876410221;0
0.39638841261308083;1
0.4541109945398588;1
0.41411282829352236;1
0.34429820917014725;0
0.5070182183045037;0
0.6792652939353107;0
0.6387947826891671;0
0.7541652273113736;1
0.35796323260852925;0
0.11344498870038841;0
0.2511158973846792;0
0.16395286421927252;0
0.24349804529403604;0
0.12711475114791077;0
0.21530628181197492;0
0.13608652144635333;0
0.09489348164187675;0
0.10867696555744012;0
0.11251497712853901;0
0.24072919878879992;1
0.42984745046790507;0
0.17880448691825065;0
0.21019949515298875;1
0.1718670064854781;0
0.5096597280806291;0
0.15762161625554702;0
0.23178976376081983;0
0.22843765408266978;1
0.2402174963933792;0
0.7392104763101208;1
0.16036108806633892;0
0.16597677226352683;0
0.16027849278611225;0
0.3168475695860995;0
0.3048475851133324;1
0.2247729201086538;1
0.19530344463195248;0
0.5257683511781176;1
0.18035576100909484;0
0.15551940024399402;0
0.17770366725306144;0
0.13567651928952848;0
0.17252639157554434;1
0.29343637835672537;0
0.23416953748163985;0
0.42587429290000234;1
0.47741860910281064;1
0.39471559604080636;0
0.13345295392537826;0
0.13089875244829188;0
0.48587879097770387;0
0.42446985443253865;0
0.3807800511172839;0
0.3548077004588306;0
0.8441644772092736;1
0.3781895530277991;0
0.4718346033876418;0
0.3305797498935729;0
0.3919377784542842;0
0.29704319817670843;0
0.7749452219683077;1
0.6880935719330883;0
0.1522216017830678;0
0.5337741435517265;0
0.08187363644161545;0
0.1168974996300468;0
0.23375695740732208;0
0.2714646830423888;0
0.2811120868367433;0
0.26365843480537215;1
0.07619890331409199;0
0.33542513072645497;0
0.2501534945103951;0
0.17143852473730714;0
0.2142813185075914;0
0.49714986004272044;0
0.528150198929311;0
0.2680767050426677;0
0.6593149683571706;0
0.8753783983680695;1
0.22390732102848107;1
0.23718012982385583;0
0.31945043380974775;1
0.20846020224699094;0
0.1779148215275801;0
0.2300634937406167;0
0.15159997694249097;0
0.15672995073609208;0
0.052875469564645124;0
0.17165180687724724;0
0.17256566189083958;0
0.22081858247412162;0
0.2515098184903721;1
0.14670645445363323;0
0.1807668243557236;0
0.2682416309856385;0
0.23566764256914274;0
0.14024504901153656;0
0.20745117433927196;1
0.2962787430012033;1
0.43455447473559644;0
0.6642294642940973;1
0.37274812821946146;0
0.4281862618043132;0
0.4572948128396498;1
0.5172902463457549;1
0.735536182656197;1
0.4972561969340322;1
0.6823798013983455;1
0.5307486973527585;1
0.5352199848391193;1
0.15033983115494873;0
0.2005038856729046;0
0.06610801184533817;0
0.1142207486535972;0
0.07531609324316596;0
0.24450573325957492;1
0.30340659782948903;0
0.10622269752977682;0
0.187607725197235;0
0.1380333620249069;0
0.25106630521684;1
0.2951217270633436;0
0.002468492149020078;0
0.27652936842754994;0
0.35037103952269727;1
0.32449188313383875;1
0.5769691969408579;0
0.4656150940226354;1
0.5991145312467682;1
0.24106264944393274;0
0.2795024621718355;0
0.272888949890271;0
0.22985486789602827;0
0.22407895843168102;0
0.12796326224876142;0
0.1956586836975463;0
0.27265170955174206;1
0.08248299170817679;0
0.1360265986507229;0
0.22603031443088165;1
0.17328972296095316;0
0.11013812812500276;0
0.1268668748859311;0
0.2676419304306682;1
0.20430999559250454;0
0.41053356383277123;1
0.12321911252656065;0
0.4531700688919384;1
0.2883850470403052;1
0.25367215273954447;0
0.24012759347567916;0
0.07496640240163155;0
0.29466017951768814;0
0.3993771945518889;1
0.09455708740327796;0
0.16840996606103836;1
0.12602777622442535;0
0.16830766646664136;0
0.3420607936263415;1
0.20514885860365695;0
0.19209281342752654;0
0.2990866069375212;0
0.3526364801220589;1
0.18053382134225227;0
0.35315996459955684;1
0.2288621199774212;0
0.14407446149848674;1
0.4150466896194841;0
0.07550374094561421;0
0.21768400262924845;0
0.37387249422721386;0
0.20153988072110343;0
0.12677900502801873;0
0.1456144589929874;0
0.20223485345214698;0
0.14226969640139595;0
0.20196378954028163;0
0.14861549717316747;0
0.18738050365055064;1
0.17914219827318859;0
0.23211289778033103;0
0.13681835978767035;0
0.13927196105263523;0
0.18801268496835144;0
0.10788328370850707;0
0.14484583658687328;0
0.22405012472521824;0
0.13253542015296646;0
0.3114921868974473;0
0.22082643410214078;0
0.17674089738104065;0
0.17091479244326818;1
0.1256172374641183;0
0.14317585399385926;0
0.3327370144349288;0
0.2390265896598161;1
0.17792381111760147;0
0.20441147925826067;0
0.33095923114110787;0
0.28574551495606526;1
0.22263651402617807;0
0.04129163469084404;0
0.22607013242812318;1
0.33924592318802305;0
0.19261181126618498;0
0.20775555539787835;0
0.16251892153514566;1
0.2183521748686295;0
0.42824505532587426;1
0.33303162285418314;1
0.701993144527793;1
0.4272555376646629;0
0.20670272784279453;0
0.5642842125009242;0
0.7078030735271909;1
0.7130601672822922;1
0.8111933767066879;0
0.7591178010558526;1
0.7664102324345385;1
0.6787573727087464;1
0.6712748905125898;1
0.7735765649563826;1
0.10431994203717608;0
0.31097795952493495;0
0.25089264316477566;0
0.5447179217188839;1
0.5622367458948434;1
0.371716139269379;0
0.4058231353629724;0
0.1563973386988617;0
0.09256797659138133;0
0.23066301806978962;0
0.7594046324736684;1
0.7652308506258901;1
0.5378524367390267;0
0.7218618635222308;1
0.8793519215004072;1
0.7484614061124657;1
0.6108650759410822;1
0.7738533675663664;1
0.9154363145226048;1
0.7580186033649549;1
0.7886747655080373;1
0.6942337618576059;1
0.7075597756977766;1
0.21345299335132464;0
0.8381944885235423;1
0.6740436833985063;1
0.2772328637524281;0
0.13067676986188043;0
0.25961269128576603;0
0.19017942536325447;0
0.2539457119888789;1
0.1826251299991745;1
0.15325509630906806;0
0.16857510797710526;0
0.20378406493397586;0
0.21386036216818796;0
0.31485229718731894;0
0.2736867471406083;0
0.1181384437619908;0
0.4210380332160269;1
0.70165422474993;1
0.7590046011017387;1
0.28020366306173516;1
0.2677965241326023;0
0.5167135692776851;1
0.09928098637680687;0
0.19161181203378067;0
0.25169743408047124;0
0.1855068845524109;0
0.13630858864554057;0
0.1192462149031257;0
0.5826738544198922;0
0.17137707472328634;1
0.12805154865132545;1
0.12451927051097819;0
0.11128019748212928;0
0.11294900379288647;0
0.4126593423033221;1
0.43574888891266206;0
0.1565227133066271;0
0.19720622504338015;0
0.5977429422392841;1
0.15576447322327422;0
0.2113955040323886;0
0.26763174899323183;0
0.19893967384487507;0
0.4022579453611105;1
0.28686386704013234;0
0.19139928017191576;1
0.19747248991605154;0
0.22800698148924212;0
0.18523779162441742;1
0.5303075221962845;0
0.442029509731965;1
0.23645109160160022;0
0.2886628988842878;1
0.2449298178933951;0
0.3515297670642427;0
0.2532367768476318;1
0.3134511425534709;0
0.31214259669812083;1
0.24842868406349036;0
0.16265912875187089;0
0.15501931915123954;0
0.3859686154548517;1
0.53286252116556;1
0.23456384564705565;0
0.29472008957260004;0
0.7198422421350443;1
0.1462130894989321;0
0.13756767644321413;0
0.24442811766520195;0
0.28498212875509726;0
0.1744105025032386;0
0.08152521799483979;0
0.26597234190823316;0
0.1806346255670033;0
0.3895412590404503;0
0.42869278976582686;1
0.1912206179049713;0
0.1419762137063341;0
0.1806340168093333;0
0.19774103179710534;1
0.17047342792277004;0
0.11438703911393894;0
0.1244859011246275;0
0.39404074988773685;1
0.09859435468202417;0
0.14755396913121607;0
0.40903489480947064;0
0.3228343485275104;0
0.44526438899594145;1
0.43072788257328415;1
0.5607866762818805;1
0.6398638760386272;0
0.20864121975176542;0
0.2521801863735493;0
0.23492182842914613;0
0.1592059600900796;0
0.0890531384588428;0
0.2183619363537745;0
0.49897369871723507;1
0.2680141242241314;0
0.13997972986225665;0
0.214017741347908;0
0.8685446034881945;1
0.2461261193391058;0
0.27683696541557123;0
0.7876111092851984;1
0.20262225613042545;0
0.37523716173248434;1
0.33025693948212187;0
0.2461572469658698;0
0.15157931781199863;1
0.3105216713495587;1
0.24607327536227727;1
0.22699265503434593;0
0.11271078194618238;0
0.3920824600681465;0
0.4480392124308723;0
0.16086232265423778;0
0.10945460586424267;1
0.3143174333441663;1
0.16604377056447603;0
0.34950710694048215;0
0.16344506356787689;0
0.26173069379061914;0
0.15303022400011487;1
0.12847457946978122;0
0.5339449450456581;0
0.15733143136667616;0
0.2126119495617378;1
0.22576114281174844;1
0.42344169382207925;1
0.19391398324995507;1
0.3439650909424082;1
0.4814969525488491;1
0.33952813137057086;0
0.4938561490597077;0
0.25653220869307414;0
0.1751952869692341;0
0.2472982271281739;0
0.09784848775745261;0
0.2477743952817616;0
0.18524067276088776;0
0.5753156608197542;0
0.3258530523704742;0
0.24956099935478082;1
0.31683045369284235;0
0.6436690111112081;1
0.4868416410293092;0
0.25668250951468174;0
0.11424356966547868;0
0.11293041942081301;0
0.11613908714721853;0
0.2926189049577363;0
0.2395480197818046;0
0.19971138675477554;0
0.1194155362337383;0
0.07352560880050613;0
0.30517591053156423;1
0.22638641895176517;0
0.29436439428358835;1
0.20965285519969043;1
0.19718813954705466;0
0.1756212810927824;0
0.27359983763365225;1
0.2716890950299039;1
0.224324219788054;1
0.29087487058891737;0
0.45352594877092256;1
0.22048026792300435;1
0.2168931740269492;0
0.16334525293727892;0
0.33345270941563726;0
0.2980040015299136;0
0.27288020936334534;1
0.3558844686501913;0
0.13317611308737506;1
0.3304737979357952;1
0.26197905343658445;0
0.2525709441657974;0
0.2246693297344787;0
0.329454952747007;0
0.2834702516358905;1
0.31992526817902434;0
0.3918213364767545;0
0.3674679950936139;0
0.18211138117173253;0
0.2286990226643317;0
0.47502788479671126;1
0.5995312169454798;1
0.55747648922692;0
0.1781374443651699;0
0.09489372052537942;0
0.1056237436491007;0
0.10606178204347676;0
0.13793385154350035;0
0.19235923392701523;0
0.1603808079673477;0
0.1364832427589517;0
0.37880328338037617;0
0.24345532855496083;0
0.8238667197704684;1
0.4838065790013628;1
0.4996517032714084;1
0.6056953559224875;1
0.6576601340946627;1
0.34466918909954736;0
0.4665623933356458;0
0.42333829138070633;1
0.43762865934844286;1
0.37420385166830344;1
0.4629653333049433;1
0.24359638229786043;0
0.46237642737205115;1
