pred;y01
0.1870891789383524;0
0.1845329004759809;0
0.1307988755053192;0
0.1577508907967998;0
0.3032037875923988;0
0.22000191608846778;0
0.19391363997721142;0
0.2327105859787408;0
0.3313738993527266;1
0.15966934353836165;0
0.16266283673132664;0
0.2393580051928746;0
0.2363914373932588;1
0.2608924359933824;1
0.15235449318085512;0
0.2069328920842066;1
0.23921701768884723;0
0.3530902436089537;1
0.22035009702920946;1
0.17504787876659475;0
0.1743892231182669;0
0.21487047613805543;0
0.18609581631697514;1
0.22266456969839385;1
0.15412615280484215;1
0.2021794701685137;1
0.21370744233196384;0
0.27170121350112;0
0.36315226517684246;1
0.2312075385471645;1
0.21804739761504235;0
0.2504346887919925;0
0.22478097779627185;0
0.3496827127391113;0
0.2968380929348607;0
0.3105864937347383;0
0.3057116447982112;1
0.2644221046029939;1
0.30854332361202674;1
0.28073023701039174;0
0.36278257286328786;0
0.1932085836676792;0
0.18046904142670642;0
0.2030665976480293;0
0.3020561187063918;1
0.3243483985038414;1
0.3137325330280727;1
0.25081117607400194;0
0.3352748773322511;1
0.23602059037721276;1
0.2583328421720913;1
0.34890803462330483;0
0.24804282220354956;0
0.27486012347140687;0
0.30648489375115656;0
0.4094470192883853;0
0.369508248893379;1
0.17021211652369728;0
0.2677305966564636;0
0.2758144135880255;1
0.3986663312905001;1
0.2476326065147288;0
0.19204744143030042;1
0.3051300776124983;0
0.19306685647720648;0
0.3556485856999877;0
0.2258608342912422;0
0.23229369757799964;0
0.2222562997254817;0
0.1787177692520861;0
0.1612263325614853;0
0.1814257528188609;0
0.21037009655795336;1
0.20800868192787453;0
0.33412873753664524;0
0.31848253886995626;1
0.2506744584331544;0
0.2622430194622531;0
0.33246698350207715;0
0.41865938391048707;1
0.25108730666657825;1
0.27642045403813875;0
0.507996144575246;1
0.33557035661999807;1
0.3070075278078795;1
0.30798645876620967;1
0.3255948346055267;1
0.37662664368754384;1
0.4190482887031;1
0.26254700412201654;1
0.4677290914808762;1
0.30911090012461295;1
0.5018368505510529;1
0.2909826034990995;0
0.3583955052020912;0
0.48828824054829983;1
0.41239043784480495;0
0.382332609722059;1
0.334072163577222;1
0.3971141410225181;0
0.30503744033711855;1
0.3590832520501671;0
0.35724993545020023;1
0.2819490505824256;0
0.3835659606295384;1
0.5276828944425886;0
0.33758823793629494;1
0.39871705131623575;1
0.26509376429478676;1
0.3375796220838203;0
0.3941181721472184;0
0.3373249076059702;0
0.38310231127901906;0
0.3154133307742066;0
0.19501446691301474;0
0.16510752490432876;0
0.45987509223279516;1
0.300584248434964;1
0.27562628573881753;0
0.33060696658986694;1
0.3853359754112057;1
0.38170053486082256;1
0.33231836307529805;1
0.36219457353802975;1
0.36512299670029447;0
0.36521272926282206;1
0.3974122092577619;0
0.2555605879859159;1
0.3194007373220727;0
0.3537983566524019;1
0.1909680405298722;0
0.40475165844764743;1
0.36215145717196723;1
0.41157616269285185;1
0.3682497499166002;0
0.3658593409932418;0
0.1611262793187582;0
0.12963778309195312;0
0.17020418699303544;0
0.3173947799255913;1
0.2454269364422542;1
0.28803312658776914;0
0.18914262480930946;1
0.19399867200218268;1
0.21069612232971774;0
0.2972847900245402;0
0.1692776590492298;0
0.29854825943749225;0
0.20536964648145026;0
0.27480941172005696;0
0.17970200019597654;0
0.33699823324426514;0
0.25669662284482747;0
0.298088115689252;1
0.43649846958160615;0
0.39053391724363967;0
0.38913966397285005;0
0.1897737416715111;0
0.14127957454821372;0
0.15556945048577836;0
0.15914793944320893;0
0.18089471000414237;0
0.20177326659257225;0
0.37870461880200856;1
0.229060052482122;0
0.30645469624235383;0
0.46644852554019883;1
0.4258727118629699;1
0.5253075300671541;1
0.42816875351814315;0
0.48444419879567013;1
0.4005818051808371;1
0.4658292513833892;1
0.3950464408420648;0
0.4886038029246429;1
0.43952897510999156;1
0.5459849188368381;1
0.48638667960914966;1
0.4955383564925742;1
0.47316071764730483;0
0.40303739203898326;0
0.4528202622767043;1
0.4390463799518909;1
0.5004214931612704;1
0.37783980678568646;1
0.31573974115393133;1
0.3066246424741071;1
0.43299246378984196;1
0.5275671242655718;1
0.4861427538462697;1
0.46089735875519794;1
0.47833335355947015;0
0.6317307494478752;1
0.4515128881713201;1
0.44423778724602664;0
0.3676693929674947;1
0.7009370200735758;1
0.7816925033745735;1
0.5828713384210455;1
0.5950061650934823;0
0.5229649788767406;0
0.49962419908716;1
0.5949314733635318;1
0.45529246063159534;1
0.6252772112214139;1
0.445270232766659;0
0.3527834142197051;1
0.4752538540049199;1
0.314656324672247;0
0.4078520261161402;0
0.2540995778624663;0
0.20529399070311774;0
0.18585421399381238;0
0.15646929607011154;0
0.18255566511701987;0
0.17297871754283853;0
0.17594678045036385;0
0.5366993904119985;1
0.3277250564672494;0
0.21725293165923354;0
0.234671093981648;0
0.21634889575379807;1
0.384892261893266;0
0.19321747553519522;0
0.2920853648870168;1
0.28975900936939053;0
0.2346643917645403;0
0.19045349177169107;0
0.16556311738654111;0
0.3558564138632679;1
0.19498946562890926;0
0.24314632269520903;1
0.22406541940700625;0
0.28346248074220914;0
0.23101377560355346;0
0.3447354538443662;1
0.22247510251809827;0
0.2731408563291037;0
0.32605682512630807;1
0.25708825520213463;0
0.1612014412780823;1
0.1610735643065208;0
0.15098849991592356;0
0.33059525603050194;0
0.34590766489993724;0
0.14017513533508422;0
0.21547693061162326;0
0.2538380945034325;0
0.16154954104974067;0
0.1932892771646524;0
0.2363430718525783;0
0.21651782326976707;0
0.13170880950442634;0
0.1558816916749629;0
0.2378114435990136;0
0.24035357337610289;0
0.18361832117081883;0
0.15974552535719527;0
0.194762433788567;0
0.19531913658884945;0
0.16785212231624247;0
0.1321387790682477;0
0.18765797707591234;0
0.190644987432879;0
0.1490263303382248;0
0.20598625887274757;0
0.13975246392056292;0
0.2593842432208248;0
0.23202849914341406;0
0.15668840962942815;0
0.25817492068348047;0
0.20235503264215088;0
0.15276835554584345;0
0.12549447968054236;1
0.2551852073719168;0
0.1723893307701146;0
0.1838713125535076;1
0.18981899489077333;0
0.2571085639185179;0
0.15484269760128938;0
0.33057728247464047;0
0.37157280991251723;0
0.29019815965243095;0
0.2666805681091249;0
0.29532811101210416;1
0.33815375405430315;0
0.3438809688866496;0
0.349716743804577;0
0.1727305350094391;0
0.15408485277170544;0
0.2276222833537344;0
0.21924306504915686;0
0.20967187725934516;0
0.20125469073404476;0
0.3807870415697051;1
0.38067001267601547;1
0.13793157577578855;1
0.19756010583905717;0
0.22050016141946996;0
0.29032731133266604;1
0.19244510351250935;1
0.15448108268758182;0
0.28034243935549774;0
0.24669481389087858;0
0.14842173503444753;0
0.1828030012666204;0
0.26258301298728254;0
0.17564917663276872;0
0.176956818853474;0
0.31432509753414306;0
0.245758153498961;1
0.31855757743127217;1
0.29772565953704033;0
0.26467646699905695;1
0.20923017124605658;1
0.15195282384123157;0
0.18777794270122905;0
0.31809559291681544;1
0.15306712442594997;0
0.2062637997601564;1
0.3269438191254005;1
0.210392409509924;1
0.24109700986549074;0
0.21577363969375712;0
0.24210297397918823;0
0.2276616505299827;0
0.22651321406831323;0
0.1900528484478076;0
0.19515511773866095;0
0.3396449737954714;0
0.31404925999057565;0
0.15341859845607664;0
0.15791261872731976;0
0.24543500583045533;0
0.2000699715002973;0
0.2219204721703316;0
0.31747768284430533;0
0.2061886603252718;0
0.22320414914274436;0
0.19882008963150358;0
0.1678197974094302;0
0.19586032790290978;0
0.19537690193252868;0
0.16506602472202345;0
0.20893834119082438;0
0.22183104773863113;0
0.15040426703217902;0
0.1736767932932434;0
0.2238502994739907;0
0.28531131777631463;1
0.1552388933006831;0
0.16293543565144447;0
0.21528656616852224;0
0.20593257635825282;0
0.19609935499110082;0
0.2514178008378173;0
0.16848698526194827;0
0.20277695825358727;0
0.2934405335882298;0
0.14733773241343764;0
0.19049257637496972;0
0.12991888052731482;0
0.18124871208229978;1
0.16115265426457107;0
0.21594960141386438;0
0.21036004829678098;1
0.2371636819974474;0
0.17971658813199612;1
0.1954406544386663;1
0.14026272412777263;0
0.25557166681606097;0
0.13758339090582333;1
0.2050586674813949;1
0.14024618815708084;0
0.27532472584408924;0
0.17798391008085854;1
0.31662915745982245;0
0.37989234383027;1
0.16910744306829487;0
0.1485264121805161;0
0.2806230604798825;1
0.4254884206501008;0
0.40913457609472637;0
0.271252193366313;0
0.4863810480085;1
0.6650902816721928;1
0.67908614478112;0
0.37095831049569844;0
0.6892901700320778;0
0.6429990043457514;0
0.6175057631889945;1
0.6241921708039113;0
0.7104339481643765;0
0.8073619352496876;0
0.5930497308080667;0
0.7773305236634811;0
0.5938438403562035;0
0.63857814500019;0
0.5547842278730118;0
0.46421716251195755;0
0.5289641106355818;0
0.42899688634460087;0
0.6773840574604558;0
0.6352492580578133;0
0.5055646473271388;0
0.6648342147489925;0
0.7173190233161031;0
0.5358202603491011;0
0.5104145001922841;0
0.33075095605255056;0
0.1968930696979337;0
0.31036283404676257;0
0.27002614980930145;0
0.1538751919933906;0
0.2533663226025562;0
0.25366727399232797;0
0.32694082504364935;0
0.5089705108545746;1
0.1675799892627009;0
0.19295908388304198;0
0.3465544988229498;0
0.3606316510924389;0
0.40288584405309164;0
0.3845292921403631;0
0.29655188145018796;0
0.4002305922217653;0
0.27999568922499385;0
0.455793878958134;0
0.44159258293656956;0
0.4244561981753195;0
0.36750958171277265;0
0.34098005368179474;0
0.3724738001114947;0
0.3328129647785519;0
0.39832073532155166;0
0.3277763771415873;0
0.44913498045277567;0
0.29782705572066265;0
0.3544815112158545;0
0.09406373203051938;0
0.15918151671635225;0
0.133636312538345;0
0.1437476762305002;0
0.14859003327140374;0
0.14456751467222834;0
0.12596179569882043;0
0.1660189189115966;0
0.13531909508815287;0
0.1522914462746852;0
0.1783796112158116;0
0.15776501702295675;0
0.16262706830130955;0
0.21937039766267152;0
0.14772132119593975;0
0.1482032430320071;0
0.2029567350364497;1
0.21159903317799605;0
0.20553526997667737;1
0.20103391578469115;0
0.12729285851545147;0
0.16380439459362256;0
0.09902173366900932;0
0.2373227520134953;0
0.13143147971042865;0
0.13316962500102533;0
0.303024944212855;0
0.10955426479628953;0
0.11156115778489513;0
0.1808098437161151;0
0.1256551076487276;0
0.1541076361286754;0
0.2200503946294927;1
0.22182570057595297;0
0.22004134449238194;0
0.2074299129939012;0
0.2447320944654328;0
0.3311793335799194;1
0.15639734807246403;1
0.17622833249329162;0
0.3632522858130081;0
0.3728242547448354;0
0.10461391262874836;0
0.4176261694663205;1
0.25665139467858733;1
0.211917961310165;1
0.24815782818299115;0
0.12501102614313983;0
0.12560142050839482;0
0.11720001045858944;0
0.17255263009462685;1
0.24801826230482427;0
0.17878195978259823;0
0.1585310817284452;0
0.17938070068178208;1
0.13523967601579354;0
0.12412014278739374;0
0.18219685387551163;0
0.15980125952477436;1
0.13883131817979089;0
0.16826275389652767;0
0.11338156724462144;0
0.18539050263320692;0
0.2524190849535074;1
0.16120992085884586;0
0.19855506267758566;0
0.25860888939753607;0
0.21997378997363337;0
0.2475149921700479;1
0.1945207701679703;0
0.3024206550937116;1
0.20443352150939884;0
0.15560221250290301;0
0.1435022782058619;0
0.27966713969071266;1
0.23709079346008882;1
0.14891789178231923;0
0.24945964484633357;1
0.16262520219141277;0
0.8439606385645027;1
0.718316750710056;0
0.7451463549756114;1
0.6660175598639825;1
0.7706190438263912;1
0.7885889001413776;1
0.797104234304628;1
0.7292490634751296;1
0.79417823873958;1
0.758916224146339;1
0.7210532359677919;1
0.7993526351820662;1
0.7145406826466296;1
0.7536591119690272;1
0.8417165162689759;1
0.6697521137943451;1
0.7772306523454936;0
0.7837868044610868;1
0.8427843071557763;1
0.6879867789710775;1
0.7950546464693885;1
0.7860706821835618;1
0.5410894556034299;1
0.7318971872910476;1
0.7820054148882811;1
0.8617934699215326;1
0.7876183418709659;1
0.6729380276311016;1
0.8079821703015113;1
0.856844494031747;1
0.835043090043309;1
0.7960276288410357;1
0.631339313143925;1
0.7961054048834322;1
0.6210128019434614;1
0.7698041078309549;1
0.7528238781671408;1
0.8659075828362377;1
0.8808791140806125;1
0.7211543719788838;1
0.796582121245229;1
0.8384333584573136;1
0.7905476340464879;1
0.6984257764416941;1
0.883687148866676;1
0.5631956253120015;1
0.8007880514036618;1
0.7162946390728488;1
0.7550796085519401;1
0.7095834360090626;1
0.7765517627021226;1
0.7980321040687745;1
0.8346038016520454;1
0.7691796096848075;1
0.8000775014174621;1
0.7401738919578622;1
0.6488778721178875;1
0.7232844228868897;1
0.5829167561933025;1
0.7977118094822524;1
0.7595893103431927;1
0.6168660866439363;1
0.7623879508826348;1
0.7268662740045395;1
0.8447961138308148;1
0.8196650614307467;1
0.7658625669630381;1
0.748033051930129;1
0.6136931682652539;1
0.7865950038619088;1
0.7774830045872104;1
0.6109953203233818;1
0.6817795625825482;1
0.8534564911512439;1
0.23484971135377972;0
0.26174838063174577;0
0.2556388621612068;0
0.10242922456145458;0
0.11920710668225551;0
0.2709885097173463;1
0.2835636189606019;0
0.13618145935631054;0
0.25646428203993554;0
0.20545200093096647;0
0.23983419060511327;0
0.11394815967257009;0
0.7700091910683295;1
0.7322931531064445;1
0.7723045194935908;1
0.8171618559153947;1
0.6434474081357487;0
0.7119187891937184;0
0.6895661858688651;0
0.7599733563199872;0
0.7361923584547452;1
0.801709494342613;0
0.6733350632241178;0
0.6612821634057838;0
0.7046305056551186;0
0.7095498557650468;0
0.8052612138450931;1
0.6887739187939719;0
0.8204627015606502;1
0.8664411848527651;1
0.7719789087304061;1
0.8297300110359241;1
0.7947191459825732;1
0.7785265296202033;1
0.7244156968736807;1
0.855993116636505;1
0.7965982923858878;1
0.7898964680492491;1
0.5633913553847382;1
0.6841621170787935;1
0.4753899347767167;1
0.8559352972523262;1
0.8155507588454582;1
0.7192909488887458;1
0.7486409633389965;0
0.8644121672060865;1
0.731312152404748;0
0.8097248470881092;1
0.634770465784991;1
0.24080757666740152;1
0.16411423973831663;0
0.30891975170943675;0
0.24578436812885968;0
0.3077111231222517;0
0.2592232087652926;0
0.3162990149032985;1
0.21467820767106596;0
0.18406085705388806;0
0.18604395159142406;0
0.28752995251755326;1
0.19679266599538978;0
0.1618978090119516;0
0.16517845124388264;0
0.23849595994716735;0
0.17373646504881365;0
0.16483867757598028;0
0.2388236073113622;0
0.2187644204035333;0
0.2076070149443654;0
0.22524077410816862;0
0.2317074664411199;0
0.28015221333177054;0
0.5296619311556229;1
0.4090114926272226;1
0.5010849511810737;1
0.37572160749038364;0
0.3527325794300993;0
0.3431320569852417;1
0.49851285995833183;1
0.28141809569401116;0
0.4416472888556468;1
0.37890321733755505;1
0.3046325105624563;0
0.479931782966412;0
0.3205847442174815;1
0.23259896824364798;0
0.42855146090704205;1
0.409619405297075;1
0.18253226602813638;1
0.4277521915191084;1
0.3621240603649339;0
0.31130072634542677;1
0.2963823317416962;0
0.32264380014493915;0
0.4056762355676381;1
0.32692262781678033;0
0.30401265083120904;0
0.31899898027410784;0
0.33939648924856847;0
0.25794370419367746;0
0.4063282953769804;0
0.29167973731921704;0
0.3599919711455027;1
0.392850111117455;0
0.34728585797041084;1
0.3176796117338568;1
0.37283147731133376;1
0.4247190005324461;1
0.4358796667210758;1
0.5479111166816127;1
0.3038981705134471;1
0.3825726566963614;1
0.33089483390617225;0
0.41288791127643537;1
0.3752975849095954;1
0.4286978082285437;0
0.3644397787247364;1
0.3694571285616852;0
0.2921192808034406;0
0.34471261684895493;0
0.414888669293815;1
0.2816483982552051;0
0.4717233058146612;1
0.43163464432302756;1
0.48538399319607506;1
0.3863748486252696;1
0.392839019640859;1
0.36785107217515156;0
0.4114815961710056;0
0.4880359534822892;1
0.4702517650564252;1
0.3774134372844988;0
0.28104817515485014;0
0.4305146466510988;0
0.45977450117042207;1
0.4207342880348463;0
0.3777021439511762;0
0.3422505100505856;1
0.3318533390335069;0
0.32288298498994406;0
0.2912555487732705;0
0.38590729283746306;0
0.40360481142169546;0
0.461940812382598;0
0.351060229415138;0
0.3889890449418015;0
0.3550846698082386;0
0.4442340261511536;1
0.287528154086761;0
0.3028405958471984;0
0.358046975407265;0
0.47602006312216355;0
0.42936105525756496;0
0.42613421826956194;0
0.3544318992579473;0
0.30881979671398124;0
0.28482766800183473;0
0.3361372215131993;1
0.4410937854566157;1
0.26903946550921676;0
0.2931599559253463;0
0.35613245580030645;0
0.29980084358839804;0
0.4252603556144505;1
0.376006886909833;1
0.3411836161465837;0
0.30198369607846676;0
0.4467380534260466;1
0.3724384556593948;0
0.31808721725914296;1
0.29150043750708604;1
0.3073846499111853;0
0.3378624681556191;0
0.44362163982947944;1
0.3231482104547479;0
0.3029415718449519;0
0.30744858150935533;1
0.35706970387340015;0
0.3402653703077964;0
0.3476157440380003;0
0.264766005541269;0
0.3290800926063359;1
0.3483862934002838;0
0.3414422893372474;1
0.3247854872153517;0
0.268400818473528;0
0.1481950320743631;0
0.29504233983681827;0
0.1982548314311472;0
0.17020613411930394;0
0.22688055463496026;0
0.2790368208497711;0
0.23367409085382657;0
0.3123298919255923;0
0.2652002926902264;1
0.4094998610509118;0
0.21356453585610546;0
0.29620115822857157;1
0.19261829555684598;0
0.24445972887450027;0
0.1645881275775081;0
0.15816826185294589;0
0.2701316008676131;1
0.1341766974283309;0
0.1258483679768967;0
0.3008884276981063;1
0.2715241538277692;0
0.2548703934204558;1
0.26309974186112906;1
0.25838597945179625;0
0.25875550653074014;1
0.29816245472257413;0
0.19526214808063308;0
0.3150384399816394;0
0.20629756014238948;0
0.20981878456146122;0
0.2986407014855468;0
0.25055405934007957;1
0.19977345338715483;0
0.1704947751518392;0
0.3749583688611794;1
0.23521640346899328;0
0.20121065266141777;0
0.3095668902652214;0
0.249775600147959;0
0.381807386689564;0
0.18657219462908756;0
0.18197913762243792;0
0.16918428101166874;1
0.27225234432972584;0
0.194771920628391;0
0.23725564995346338;1
0.48846227378846013;1
0.23520777341356033;0
0.20761494165154595;1
0.26389351066949;1
0.2398652800121352;0
0.27979104256816906;1
0.24036029464424913;0
0.5445585492802922;1
0.2902548100038709;1
0.6226964387371741;1
0.5976749094413243;1
0.3545441474106305;1
0.455629690603823;1
0.42996044130320277;0
0.5119957106925912;0
0.35265496508048194;0
0.410585800536467;0
0.4181637486732141;1
0.5609817649332365;1
0.5770601944660277;1
0.52364500341685;1
0.6290118740634492;0
0.2606289125355534;0
0.44617636265208177;1
0.4570594146535958;1
0.42460432792569264;1
0.5112637043841392;1
0.30577579976366603;1
0.4541732860940089;0
0.5156028984768115;1
0.41768480062267127;0
0.32769105039180324;0
0.33583805084638657;0
0.4621421194044856;1
0.34562405286908016;0
0.30233071856057514;0
0.7092036811698779;1
0.28315817333133453;0
0.5981118708244455;1
0.345091948274224;0
0.41215283307109724;0
0.42524168055499206;0
0.5880660426127414;1
0.4650623851920163;0
0.5150046203624409;0
0.3657215463303432;0
0.42439544610068064;0
0.4367738305179435;0
0.4674077451095516;0
0.5352400941768007;1
0.6809283087070168;1
0.36020345921725727;0
0.31164555283093964;0
0.4259921943965326;0
0.6541630446151566;1
0.3705337004815483;1
0.4020485992354921;1
0.4380451943032792;0
0.39874522344158103;0
0.34598205993093534;0
0.37642083545065225;1
0.37938796420098886;0
0.43536172709586385;0
0.40635976509438587;0
0.35592605920933634;0
0.5492257907500737;1
0.43461931862192704;0
0.5460392542428278;0
0.38297396204773937;0
0.43344833777377006;0
0.42777191275421106;0
0.29774884587397166;0
0.3889279330768116;1
0.5986469160552248;1
0.43022187434932757;0
0.5230295940063014;0
0.5543720052038138;0
0.5101981906129907;1
0.6230347303473287;1
0.5618249856959319;1
0.4675157847939921;1
0.5217942423800074;1
0.5120999298104992;0
0.8363375496671959;1
0.3390204403806688;0
0.3837005962171782;0
0.4599780235843999;0
0.33075894945299966;0
0.433176879927975;0
0.5868195720518602;1
0.5406011964166216;1
0.4809937769002427;0
0.5233139860216355;1
0.3033128660669827;0
0.4412693513412595;0
0.5449793777796377;1
0.6187317260431296;0
0.4990332750537283;1
0.4575618416074881;0
0.4200191208395705;1
0.5628602489759804;0
0.41222175796390936;0
0.5285166722850642;1
0.4345875758063091;0
0.4140523225323831;1
0.48206050003287254;1
0.3632284975147752;1
0.24653078414288748;1
0.5434342950739739;1
0.44224298419062913;1
0.27919290325280227;0
0.36821547691900836;1
0.2729635109291143;1
0.3603134310815362;1
0.19152509926215164;1
0.47421710004219375;1
0.2515216458812849;0
0.37145517003032774;1
0.2769135123699391;1
0.23206793932247508;1
0.292113477203827;1
0.25696981788128553;1
0.2887702724793826;1
0.2888660679167135;1
0.2304319585593539;1
0.21247170686405695;1
0.14548594034448226;0
0.18288306591680076;0
0.14792178657617427;0
0.222733356713099;0
0.20431393896034386;0
0.18833945391183948;0
0.16670639539165977;0
0.11881027986822731;0
0.23118966869437735;0
0.23522842644552017;0
0.13317835451661075;0
0.1638849232914649;0
0.3399961872320921;0
0.16113489062622904;0
0.1881666481150889;0
0.21816394527924463;0
0.12870490579372193;0
0.18919367522732528;0
0.23424594415687383;0
0.18032132418420804;0
0.44066676081524025;0
0.4082237785896302;0
0.577149194230513;0
0.2859816462000188;0
0.4026957984978116;0
0.6139670603773696;0
0.4662257787046669;0
0.17390920240040725;0
0.31014365401832394;0
0.6076588732794077;0
0.5867631742034244;0
0.4186135372507548;0
0.54218835023239;0
0.6191382636878291;0
0.6593126523851973;0
0.7288780361393006;0
0.6075168081310035;0
0.6801050490570665;0
0.3637090541232642;0
0.6340412867364663;0
0.6056146161603632;0
0.6634579888887476;1
0.7160462384197301;1
0.3260847507051459;0
0.5358120026381435;0
0.4901484181593377;0
0.2757637941056411;0
0.5324856548459496;0
0.3799287338239619;0
0.48305450666860256;0
0.23894163037570573;0
0.7004456406928331;0
0.5755252714839849;0
0.36234976380895995;0
0.5818701917539552;0
0.5454082530632444;0
0.5771463977818858;0
0.17707793908793196;0
0.7461752309244698;1
0.6606653965001319;1
0.72396567954683;1
0.5093671109376133;0
0.7353114940675979;1
0.4719417203734554;0
0.3744942718509799;1
0.6672104204847238;1
0.29048709720612764;0
0.6585877550310025;0
0.6146294376925431;0
0.6729030064811466;0
0.6007571583240154;0
0.6467736343551123;0
0.6069799727969926;0
0.7107764245508853;0
0.31368140799302274;0
0.24112917675127257;0
0.4065364108860491;0
0.32629550392377515;0
0.3868847188487411;1
0.36641439940484555;0
0.407998418157544;0
0.28650290096122405;0
0.26047499189786855;0
0.3416172276399558;0
0.3778294544343992;0
0.4327572880449359;0
0.3849330108805217;0
0.3585387565648458;0
0.3139740922612798;0
0.798966679365618;1
0.7863471973353245;1
0.7003593480188737;1
0.8017481501050812;1
0.7639721452263475;1
0.5555012607543751;1
0.7374114667478171;1
0.8258432255881182;1
0.7227404888364745;1
0.8353017378892753;1
0.8110994416831193;1
0.7649701037207999;1
0.690280801724121;1
0.8207525786661195;1
0.8538576652938401;1
0.784206632021013;1
0.7094459122121957;1
0.7376903046142521;0
0.7704029943975225;1
0.27271087248062653;1
0.81056830199299;1
0.7950461378012957;1
0.7567880284427081;1
0.7513244670120472;1
0.7379860951934171;1
0.8417981709027491;1
0.8528692436656763;1
0.8621267100546149;1
0.8868878107812274;1
0.620864435305557;1
0.8540288182789009;1
0.8485295008320166;1
0.768720594532767;1
0.7515010405642998;1
0.8505376365821511;1
0.8509137519017991;1
0.7592751058719625;1
0.6995678747001655;1
0.7286027311564989;1
0.7692182777792722;1
0.7938322563953412;1
0.7203370172721182;1
0.8404219116151859;1
0.8668907719055645;1
0.5208982558556214;1
0.7874688733168326;1
0.8018130748771026;1
0.8243376535491482;1
0.8655070462619244;1
0.8578724687595094;1
0.6643287156576768;1
0.84815358426161;1
0.7407017799013086;1
0.8177086158232825;1
0.7231475326659221;1
0.8871643026820241;1
0.8132309130854815;1
0.7407199910701064;1
0.713494694518236;1
0.7696597618416252;1
0.6663498317498311;1
0.8521087182177114;1
0.7608658456775842;1
0.7838037632837946;1
0.6746700405984108;1
0.7266818956707349;1
0.7946894324123106;1
0.8652833229428677;1
0.8555947858076552;1
0.8235388142845803;1
0.7947630195231422;1
0.8816506570431829;1
0.7129421620262774;1
0.7865577769762713;1
0.7930845017739242;1
0.8098426740171853;1
0.7470856531573826;0
0.8170135738199251;0
0.8582004763207322;1
0.7350776658622965;0
0.7680960420226995;1
0.7482667660319507;1
0.7767119379832037;1
0.8235345450196377;1
0.8138753314677675;1
0.7207587124686556;1
0.8294239596370615;1
0.815173525069775;1
0.8490710905122039;1
0.7794762382536283;1
0.8698158969800338;1
0.7640388717360409;1
0.7068863389748523;1
0.7276508044989132;1
0.8365096699986293;1
0.15018273223905423;0
0.19886719052101107;0
0.17882949073821572;1
0.17078891470193483;0
0.21800345487606518;0
0.3824245856503846;1
0.20943821305108667;0
0.23013370391766474;1
0.22934942334032823;0
0.12568369242710825;0
0.15462969829650774;0
0.15510384784543657;0
0.2883858469175198;1
0.2852130685294145;0
0.12774564172395275;0
0.12366495094324578;0
0.15488777348581337;0
0.24723360503524414;0
0.17995234389450446;0
0.2675738093783282;1
0.1356316450149219;0
0.24636771814474542;0
0.1512910147587177;0
0.13523361959383629;1
0.1450768171322161;0
0.19588026570211867;0
0.1398840544086891;0
0.14199322619020516;0
0.12447041213332562;0
0.12965708535186943;0
0.27718041427821677;0
0.21735938518681056;1
0.17472409773993494;0
0.16719668403745055;0
0.15033558930614568;1
0.2124212372220387;1
0.17704828082135368;0
0.22161266778084215;0
0.13271429024268466;0
0.785895986758956;1
0.5168971041013919;0
0.6787315902292438;0
0.37907190301592175;0
0.6040253261255262;1
0.8524875883844035;1
0.8450670262950596;1
0.5044375040247843;1
0.7838851598289567;1
0.7321287063020656;0
0.774348428089085;1
0.8420937181398711;1
0.808708627642334;0
0.85076528716466;0
0.8275613615829184;0
0.8064254579199515;1
0.41718178642918163;1
0.7471154913222983;1
0.8005643197746901;1
0.7827003774902062;1
0.7178232084233858;1
0.6435107806088614;1
0.8448507426510549;1
0.7894931454805107;0
0.6568952172008627;1
0.7433508940310107;1
0.5356532290911825;1
0.761731296129912;1
0.4955614282190539;0
0.8428091068386541;0
0.5467169392680377;1
0.774488863771496;1
0.7497415359776325;1
0.6238347906676449;0
0.7729788785521721;1
0.7090628374426086;1
0.7325363833259614;1
0.744833091783265;1
0.8331792261943026;1
0.7256983075328823;1
0.4315521626033496;1
0.2436821836751045;0
0.38266304417830294;1
0.3578979169117646;0
0.3492217216124881;0
0.3694317680677699;0
0.4139907031437626;0
0.16161735227706425;0
0.22243141429079252;0
0.2503581718970872;0
0.20726450514536532;0
0.16738832180336016;0
0.2448487249675386;0
0.19108397585563117;0
0.1961458928933571;0
0.185825692758202;0
0.4821592845522159;0
0.30808313992193487;0
0.27834225111195837;0
0.3342937227268621;0
0.2674840969444471;0
0.3226791028422816;0
0.27514302685213776;0
0.42521158235383333;0
0.37748850458877914;0
0.3378332899959536;0
0.43309601721690055;1
0.34769986605936626;0
0.19740485435612776;0
0.18850708258577828;0
0.14052573509168226;0
0.3009003758489413;1
0.3506994349814435;0
0.3038172075951525;0
0.32120647694154886;1
0.4180536704317894;1
0.4048447184888228;0
0.24794492580526487;1
0.3178065336118133;1
0.198654006494209;0
0.23334030017434976;0
0.22504284595958812;0
0.1475850652577224;0
0.1746894065836961;0
0.18871241558021568;0
0.2619616464429325;0
0.19593651120668712;0
0.3006318565846645;0
0.3462211637091898;0
0.27155110044424136;0
0.2235373733094027;1
0.487528558022207;1
0.2573940227511523;0
0.2635931611305374;1
0.2775809192060602;1
0.2512954383309206;0
0.3081837535642346;0
0.2426209863201747;0
0.2252763841866037;0
0.32915725411011926;0
0.2206272734291523;0
0.2625131588110861;0
0.2517454170710521;0
0.26775200908189517;0
0.22446473762959343;0
0.3197534326983605;0
0.21130880664927737;0
0.3172413866966148;0
0.16299129123413214;0
0.31794806565807;0
0.20258324128446623;0
0.2875910042705852;1
0.3639617868711325;0
0.2240884936189758;0
0.2465780090847994;0
0.23209131419485135;0
0.17931672876515778;0
0.19340799732260067;0
0.14115804694134002;0
0.14337563627345315;0
0.35577373207985064;1
0.24194794066882183;1
0.2126028350975771;0
0.2145081019736967;1
0.18872985349266172;0
0.442317689151401;0
0.3317698567973649;0
0.2880224036741185;0
0.1514103786229955;0
0.17100507190080502;0
0.14128053387440503;0
0.42760633393989855;1
0.7494403894506996;1
0.742534426973719;0
0.773503788808668;1
0.7404086992578942;1
0.7904615012997719;1
0.8373041013480497;0
0.5022039917673414;0
0.7148601719378892;1
0.7736896988200608;1
0.8120357986008084;1
0.6686369491782539;1
0.6272034549915962;1
0.7894673272274635;1
0.7103940533315171;1
0.6955271945238954;1
0.6908300226806116;0
0.8178437266736622;1
0.7190720030674294;1
0.8856321327577344;1
0.822708332448522;1
0.7530774683796263;1
0.7691921540214575;1
0.5235159056207074;1
0.8542126656375728;1
0.8067071957115809;1
0.7085345956523541;1
0.7472802109427218;1
0.720245062986721;1
0.8160958505535215;1
0.7878090613802854;1
0.7818697450804328;1
0.732421294618066;1
0.5354609227383245;1
0.7454423709951217;1
0.6094694603876092;1
0.8047396951569681;1
0.8218621744177511;0
0.8821924702974729;1
0.8683932683756077;0
0.878251885865608;1
0.727352685535283;1
0.8265249478739732;1
0.6021840716850404;1
0.8110075680650419;1
0.7300836674282648;1
0.8104866545976528;1
0.7805974068341612;1
0.5438362473021119;1
0.7902028572957794;1
0.33257485437106243;0
0.3131988854795933;0
0.47247462504714466;0
0.2818900444102831;0
0.30746939099645465;0
0.3329599779095624;0
0.4106258448688102;0
0.4055747613112634;0
0.5422648368308736;0
0.64873072905072;1
0.6429375793561113;0
0.8123636792445196;0
0.6690175089305955;0
0.37228068446523366;0
0.3094456138870547;0
0.26919782104477397;0
0.31359843633842005;0
0.4465528114436898;0
0.1351719172676304;0
0.09945302282038607;0
0.4279714081167379;0
0.1587003921514058;0
0.19016362233938167;0
0.4459715826948459;1
0.4565100938382048;1
0.24469264217983783;0
0.3266841711512866;0
0.3418083976251031;0
0.27756327580793366;0
0.30552222015598757;0
0.4678610592545571;1
0.30025496065679036;0
0.23163725490376436;0
0.3376367526839995;0
0.33218319133275426;0
0.2767412102249933;0
0.4177690011297843;1
0.2597109333728784;0
0.3579200936315765;0
0.4113368251663871;0
0.45080708181058676;1
0.42187993717821637;1
0.4597749394030777;0
0.1751298360033123;1
0.1362763247273377;0
0.15704596827735293;0
0.12788358815631615;0
0.20291365624499258;1
0.16356555055085512;0
0.18569623254798423;0
0.13212429235415002;0
0.3141740284644825;0
0.17708655079883512;0
0.2368478879982028;0
0.24242672069277676;0
0.28901303785226756;1
0.3019608869665729;0
0.24547530347956298;0
0.2241165956789435;0
0.2668394580715055;0
0.29912031299398495;0
0.3221640380823882;0
0.16702069638421344;0
0.23250180545187007;0
0.28543058441525715;0
0.3233711915591031;0
0.2686291133527367;0
0.18174582159040892;0
0.16590992920739076;0
0.21713950821740727;0
0.32379764518122345;0
0.23358662740020036;0
0.1554984848126443;0
0.46378939404442704;0
0.7497697433596854;1
0.711049670145336;0
0.8268847955596539;1
0.6295173013667451;0
0.8427131370422625;0
0.4182921448017538;0
0.37946462143883797;0
0.36223911428744326;0
0.7606055017895501;1
0.6728755878945699;1
0.7413395978320569;1
0.7782135484952535;1
0.7958278159527072;1
0.7492483068102808;1
0.8116163264473726;1
0.8206537531845046;1
0.7740963656357357;1
0.7810014437511966;1
0.8114778958125703;1
0.8559312535061206;1
0.34911106630234673;0
0.7096015399345122;1
0.7665920302424005;1
0.7304467253139568;1
0.7026065991896396;1
0.5771122161410798;1
0.8186913401915884;1
0.7619483344337817;1
0.18101829815241902;0
0.292082863628781;0
0.16537298417065813;0
0.3634327239031328;0
0.16825660089640673;1
0.24689597875037406;0
0.25461844172381853;0
0.1906659530826318;0
0.25461125483385977;0
0.22776837937906252;0
0.25131528874191716;0
0.21883217108568606;0
0.4469786544067809;1
0.21120475727875232;0
0.2627033347369184;0
0.10210844856231051;0
0.23037683915713314;0
0.25800223622625795;0
0.20451540003980442;0
0.38051277000354405;0
0.32103339130921316;0
0.3492873840712756;0
0.17976485946277962;1
0.14619275930870734;0
0.17935157116521175;0
0.27810982859842565;0
0.1516903243159774;0
0.18060123552359117;0
0.4455557273418853;0
0.20480608810144757;0
0.20645030712613394;0
0.24620521189039993;0
0.18266737981264186;0
0.19969136050552627;0
0.11565357286039532;0
0.16713422875892536;0
0.12426395697332258;0
0.17889485254886883;0
0.19172996972646894;0
0.30036679854561615;0
0.21437540053721355;0
0.17727281954901244;0
0.26006429263213343;0
0.3184392350582118;0
0.28863634082695405;0
0.3013629066331751;0
0.1931271920012997;0
0.17388563419913122;0
0.22306586754032465;0
0.16381637397871437;0
0.13621350793560583;0
0.16273784842809222;0
0.14005964733525597;0
0.15642118797216817;0
0.22367962251052476;0
0.2131429835718297;0
0.22856345246071658;0
0.18607357672733282;0
0.21936760559926544;0
0.2597609630651426;0
0.21000195775163216;0
0.1852777934008089;0
0.2810346844098224;0
0.24054853235681825;0
0.293510660279119;0
0.3673429742834395;0
0.1522351801360125;0
0.2306573909283663;0
0.3473234131478342;0
0.2936214230755376;1
0.18394406214506515;0
0.4297952122496583;0
0.26037030139655987;1
0.2117544966917211;1
0.7898601353722978;1
0.7830942594666929;1
0.4684404832501177;1
0.44996501768390573;0
0.5786889412524021;0
0.6000347778594995;1
0.35484667896243005;0
0.31200165947174374;0
0.1737598622649743;0
0.21393528290400343;0
0.20730371638815745;0
0.38232777613286867;0
0.3002057050886547;1
0.15017339687180783;0
0.2159115566458272;0
0.4285295176216333;0
0.422067738169208;0
0.1856535749122288;0
0.3149344102849253;1
0.3034278949911149;0
0.19669348766898573;0
0.3133816517735463;0
0.24999392082507393;0
0.1880985939388526;0
0.20756847647752594;0
0.3382534505886005;0
0.26671376479240266;0
0.29275039005973463;0
0.4158504936333599;1
0.3491335296540072;1
0.426446480694152;1
0.3514333938550903;1
0.41788988626367396;1
0.2549454325431925;0
0.2785650890084344;0
0.2391877710418361;0
0.18714329856087347;0
0.1762813767828191;0
0.31910122309469796;0
0.25699502949182085;0
0.3555432960179034;0
0.28271711899512847;0
0.40716238355341516;0
0.4088837752108989;0
0.3257717224499276;0
0.41275761937943944;0
0.2515470924060671;0
0.23277926249801353;0
0.4404516259403351;0
0.3551054124619089;0
0.29883342362940746;0
0.40832236690537804;0
0.3255913731251773;0
0.5249679516844977;0
0.3393745744727553;0
0.3004545265216481;0
0.2795104149853328;0
0.3533784022197217;0
0.31267469235055095;0
0.2119375467409415;0
0.30390204669162485;0
0.2298250479279785;0
0.3507329006050525;0
0.3756548584405658;0
0.3134793503423533;0
0.3692958324074671;0
0.25386631257506814;0
0.4380237202557233;0
0.3330914623108166;0
0.27681195251509083;0
0.4046074056204378;1
0.3677424101123692;1
0.4212904147160824;1
0.5647252667138729;1
0.5048701582290348;1
0.3715236862972957;1
0.41685093436710213;1
0.39449454789280053;0
0.3418382310000054;0
0.3971215582974214;0
0.45293898797885107;0
0.43244383243293427;1
0.3422138965797539;1
0.4892668758016627;1
0.40291144405547175;0
0.5683153568503132;1
0.3767412238934354;1
0.3802063547977176;0
0.30683581045081953;1
0.35804298435052556;1
0.4171600560131018;1
0.4816798046864342;1
0.3410989240603305;0
0.41060664708294825;1
0.3643883366238907;0
0.23855212625081568;0
0.4132532854416022;1
0.36433807056861767;1
0.3441957361894313;0
0.3813756141490243;1
0.34507220795117477;0
0.34704540083066937;0
0.31681258186608163;0
0.36424259579311513;0
0.3290755165018492;0
0.24628339601365454;0
0.26348686359215023;0
0.16560217500422764;0
0.3977772472161037;0
0.4277772113046047;0
0.4996809668671364;0
0.43507202834966;1
0.5002963772571345;1
0.4123320866283157;0
0.2332775094305502;0
0.18086279922391432;0
0.1629651349561438;0
0.18730079676821534;0
0.14882385985828125;0
0.2721580052921502;0
0.265070069749946;0
0.2685071517901486;0
0.24962214922007367;0
0.16205716053469638;0
0.21900126957052612;0
0.39952788275958756;0
0.19378553423953382;0
0.23816644522835695;0
0.24051694203812943;0
0.7226533253166912;1
0.31083592465250826;0
0.3158176073940017;1
0.2302736234438965;0
0.13379085097129834;0
0.18060394930342386;0
0.38906132874195953;0
0.19285398522165098;0
0.16267544909318046;0
0.19051304971791108;0
0.20276485820757498;0
0.17739426917679998;0
0.19446114429373063;0
0.1807835901836233;0
0.16647670130327957;0
0.1848923392054376;1
0.1469268813069008;0
0.1375886790074856;0
0.15437313707652323;0
0.1437441681572949;0
0.16180991650288007;0
0.19202178891300614;0
0.22055633786475576;0
0.22564097275766457;0
0.22542283475982342;0
0.1806245181080334;0
0.17001132237761576;0
0.14522763827187096;0
0.17977092281821186;0
0.19877747963305933;1
0.14744375564785736;0
0.24813189170263175;1
0.16201529808800505;0
0.3077897009536923;1
0.20809047712720252;0
0.18830627713514878;0
0.3601974440770455;1
0.23770688407014615;0
0.3064700727536187;1
0.30852696433673227;1
0.17894758680157785;0
0.20272135346118028;0
0.46112049383738346;0
0.4871453359007091;0
0.5571453966670837;0
0.2840123272154418;0
0.19703939258584405;1
0.3491119665219975;0
0.21049820978532655;0
0.4720662847011587;1
0.15708116334580957;0
0.33309462082432756;1
0.45639826997029564;1
0.3499323764616959;0
0.2616704564694185;1
0.42638283908892277;1
0.3460216207524559;0
0.20487349009929093;0
0.4860487943937864;1
0.3758412707374649;1
0.38275947438961616;1
0.42266501885042823;1
0.2213684528015661;0
0.10519890129199046;0
0.19867552198599353;0
0.159399793717739;0
0.27881553581277985;1
0.31944214910146873;0
0.5104728831704275;1
0.24741442590590826;1
0.16596533041621392;0
0.14681010487250973;0
0.25399673786566745;1
0.27851587194898497;1
0.3115885024650443;0
0.3097686189590619;0
0.46057966256209565;1
0.17049186632995508;1
0.18752269649902484;1
0.3025710242241485;1
0.1650228374783724;0
0.18692366325043405;0
0.2141786548357188;0
0.19614265699237052;0
0.22872968180154368;0
0.14607038440439463;0
0.4857959828121631;1
0.46344819812441795;0
0.4315627968098937;0
0.5397382467937327;0
0.11872329230774387;0
0.26667001784485084;0
0.21412311808387527;0
0.20626591549773957;0
0.2336665122528583;0
0.3314064240381043;1
0.1997411343509044;0
0.1914780630869187;1
0.2788279978736035;0
0.2985971984844736;0
0.12180392302037148;0
0.16903789412591366;0
0.15204074990881583;0
0.22128586040796766;0
0.19932394940842704;0
0.18074999299486855;0
0.18542685848158996;1
0.2478123581856568;1
0.1638602044224426;0
0.21378795988756438;1
0.15481665753094845;1
0.1477392162616982;0
0.1980168135176292;0
0.27902431311426446;1
0.23015989737298756;1
0.26898847814364707;0
0.1760282668034517;0
0.18151749044929907;1
0.2921155609329876;0
0.23429858043729235;0
0.2382761671576446;0
0.27852001305429436;1
0.2603820640194146;0
0.2211905193691946;1
0.1828875365959447;0
0.20940049021641083;0
0.3267626736599846;1
0.19285305752432294;1
0.23739643916156603;0
0.20964802678539812;0
0.2035895048849857;0
0.19531584671612096;0
0.20384935307438432;1
0.25319246382851207;1
0.12157061486244172;0
0.27640896113354696;0
0.30143072160580886;0
0.33325232477662614;0
0.347838154613641;1
0.3561723026430968;0
0.17813826109392444;0
0.5229620788590307;1
0.18832941973841905;0
0.19033651374155136;0
0.1196070134259232;0
0.1835675829703599;1
0.5197614152706527;1
0.1634073554845286;0
0.27389967438466073;0
0.34013231600060906;0
0.23851042626397337;0
0.15395085354794685;0
0.2997219454854516;0
0.3714075248065375;1
0.2553161669345736;0
0.1964299119812032;0
0.2553702470713144;0
0.2893971824874769;0
0.369685938578094;0
0.3524247102360353;1
0.2266742447624311;0
0.14441785512521893;0
0.24699999142223367;0
0.28436123443089856;0
0.3133051905406974;1
0.26489959580947475;0
0.34883111961361934;0
0.39688526215541303;0
0.3046928542745513;0
0.24498390053902305;0
0.4051099966314974;0
0.18782469703527852;0
0.16115100700749432;0
0.2801245546913354;0
0.2269823782852901;1
0.13605999600637553;0
0.42653067376911785;0
0.1877971095324185;0
0.2614751233025336;0
0.271709256914192;0
0.30138946106417214;0
0.4337400766414213;1
0.324189795149686;1
0.15724866347326114;1
0.4209039915506413;0
0.30553040355534855;0
0.19713698934542134;1
0.45375579877532174;1
0.4168516984883839;1
0.37017512705110045;1
0.25715536724714355;1
0.21115283701838788;1
0.18639123843094713;0
0.2747773622541532;0
0.11714726756336453;0
0.22632372131531323;0
0.32942969965701374;0
0.3069260963163012;0
0.4290446870405554;0
0.2785762176199474;0
0.27439673396498326;0
0.7802144186271863;1
0.47641286048355225;0
0.47946949579185705;0
0.47178561318507733;0
0.44506780795722506;0
0.43049510859266926;0
0.5382315504442834;0
0.46579669518092;0
0.2236405680104313;0
0.40152538776016394;0
0.40849705213439325;0
0.3527008284850894;0
0.13390991960042598;0
0.2300156392983306;0
0.18470718444773765;0
0.17388483698706045;0
0.2426921902031311;0
0.19745333830379624;0
0.14564055900509165;0
0.09298237128585392;0
0.19987959748827444;0
0.4236773863833521;0
0.2412024850098086;0
0.29528683824631147;0
0.1262338368832739;0
0.22455889806456036;0
0.22323724531056355;0
0.1473009388974826;0
0.14710874177310485;0
0.2893680456971332;0
0.186661705730399;0
0.13745901495355364;0
0.17755443690240152;0
0.16353620820755757;0
0.145632799671875;0
0.2175539231273183;0
0.2712843625393695;0
0.20897529796015316;0
0.16699077472053478;0
0.21240211268393164;0
0.19461505528038395;0
0.2594149989992586;0
0.19521699182274518;0
0.14864134903109216;0
0.11691203731797108;0
0.13432562011797186;0
0.24465168707541568;0
0.22621012615452463;0
0.2297260702131772;0
0.3269678616647694;0
0.136220592855592;0
0.1596404199853811;0
0.1516439772738611;0
0.24470890635108233;0
0.1246595433757747;0
0.19036143595047997;0
0.22906786759961964;1
0.14705999955098606;0
0.28795482598557937;0
0.25847047880342966;0
0.4212009739850229;1
0.2999771824361012;0
0.5115381535994954;0
0.2985470819360704;0
0.3942102797172755;0
0.4690288968584074;0
0.5923601674628141;0
0.23022289937049495;0
0.21597082045083074;0
0.35267897011913774;0
0.34505416618532947;0
0.33192089138381875;0
0.34014927279341917;1
0.39172133218995164;1
0.4755252627544889;0
0.3493130225460483;1
0.30662757794002415;0
0.2818552171986364;0
0.39065567542145774;0
0.460565260802625;1
0.4006494479994262;0
0.41663695663758704;1
0.39708483076335904;1
0.6540064533848072;1
0.5112320505943083;1
0.45802746208646616;1
0.4612335285841908;1
0.5667268115251038;0
0.40565227578107044;0
0.17132369630415661;0
0.1613307466994051;0
0.1450437985194339;0
0.17625141379250817;0
0.22649447552494498;0
0.3173733408116442;0
0.14449153445990734;0
0.1299135885022929;0
0.11323612686100887;1
0.19358129905498722;0
0.5453060007062902;1
0.46921689394497695;1
0.5690805308339084;0
0.42656797115185086;1
0.49888569078922035;1
0.5297251774080007;1
0.6059869711972706;1
0.43897952121323813;1
0.42575875708534944;0
0.622322635194964;1
0.5329479137850208;0
0.39691802134009835;1
0.4598504063867917;1
0.4800874880575133;0
0.5771388611931438;1
0.36116870905187826;1
0.37569874028774286;1
0.4089997472417217;0
0.5815993896128475;1
0.545910576430579;1
0.4626312607723295;0
0.5582581633328761;1
0.40270454948577494;0
0.4708958554258737;1
0.6546551327407052;1
0.449618657296695;0
0.45120304633560143;0
0.48892444603468016;1
0.5673406543971002;1
0.3833148643458258;1
0.494904401699215;1
0.656636138058999;1
0.44152716186722685;0
0.3755253441731043;0
0.6424341671406616;1
0.41675668720952047;0
0.4517707962518186;0
0.6202229678443143;1
0.6795459640030819;0
0.41213027142111414;0
0.5358947700750477;0
0.40154172403827976;1
0.25326568326882076;0
0.22557215178828569;0
0.19073804541289485;1
0.24633681323353926;0
0.22225163015318308;0
0.15299570403095147;1
0.28486410269732665;1
0.27032826096814333;0
0.20274620179852454;0
0.2112469309243752;0
0.18507697907646434;0
0.1370551763283064;0
0.2668744976063127;1
0.13282979484834978;0
0.19735496538353733;0
0.20624640288442928;1
0.44007887809241214;0
0.5217219140264369;0
0.47052255331247966;0
0.5279641219454505;0
0.45070949100343644;0
0.48613090712729357;0
0.5453152444665157;0
0.4482315246624549;1
0.6037360569284871;1
0.5180274123485711;1
0.30340961395802607;1
0.2650342571597558;0
0.14948193586897787;0
0.24054325685186695;0
0.17406069808697838;0
0.37906443744537865;1
0.21031079567164532;0
0.6174151463371333;0
0.4064045373317328;0
0.29867028255906836;0
0.5138078691083675;1
0.30809068445129173;1
0.20444106492317393;1
0.1795240091988564;0
0.45094682158186017;1
0.33765819342723036;0
0.8233067189242914;1
0.3268548253629135;0
0.5212854004585392;1
0.6082587841145157;1
0.4215829219580802;1
0.38738314953517344;1
0.2567460475127274;0
0.6985933646798477;1
0.47465228752832045;1
0.5350484182502698;1
0.3764141240238865;0
0.6862451999846464;1
0.23953172544471418;0
0.31383705863823697;0
0.2889406533582691;0
0.7544788442439541;1
0.28495148117439956;0
0.5812809615537671;0
0.2773188814779189;0
0.2599367743091108;0
0.6339846243801442;1
0.2427218131045587;0
0.4404207164784402;1
0.4327864272398057;0
0.3473728901073704;0
0.6209820616210779;1
0.2890439225102927;0
0.5510784549081759;1
0.3023806953749864;1
0.6458851435588235;1
0.28990503335823714;0
0.2821620783891745;0
0.6985816538040012;1
0.5587638804173142;1
0.3811486243401228;0
0.7805905741098813;1
0.45631398950320456;0
0.48544169568666734;1
0.3449798627562625;0
0.5609067088709284;1
0.3724035357401584;0
0.5530294275857487;1
0.5833952580870064;1
0.6142205280616326;1
0.4134896915806659;0
0.41498181737927375;0
0.23338776945819373;0
0.3486026859194268;0
0.5341732950124924;0
0.23794997270613108;0
0.23410645022245194;0
0.4674164935132968;1
0.6516647699510205;1
0.55810726014227;1
0.715270079580676;1
0.537408194458627;1
0.2552857553753101;0
0.602756845383152;1
0.2774383239124805;0
0.44349876980913405;1
0.33780027686882896;0
0.2441498515962175;0
0.4923445106297805;1
0.2942226161093078;0
0.24169594780860892;0
0.4255308127291024;0
0.25810270796906437;0
0.4905278393594997;1
0.1956823978541169;0
0.2975403447435571;1
0.3986418571013133;1
0.13602387317657344;0
0.1518027872545201;1
0.2163845590870796;0
0.2618590477863385;0
0.29518962935756543;1
0.31758461811938005;0
0.29721318413596975;1
0.15638858667663416;0
0.18465829132810557;1
0.21885303995163188;1
0.2608814525853862;0
0.16027754095481606;0
0.275621042852614;0
0.2396524449596872;0
0.32748363687352916;0
0.15644542615435386;0
0.23064690620222625;0
0.24575654877229597;0
0.3408996961787585;0
0.47056266927933615;1
0.6635956436465835;1
0.31181777820334766;0
0.3232486231751738;0
0.3173130031426238;0
0.45159582328259473;0
0.43478383817196675;0
0.414421957923398;0
0.4348898494083069;0
0.41126794088146057;0
0.312274134841343;0
0.25013141514142906;0
0.35618371997660336;0
0.619204823808139;1
0.26339703922095453;0
0.31793087695296895;0
0.37447497097673393;0
0.31563986043175407;0
0.3307947461737693;0
0.3628485145288917;0
0.26492841341850865;1
0.18519748565086408;0
0.39531862836270737;0
0.7161288982810593;1
0.7797714346011092;1
0.40778163084012364;0
0.43575509182519484;0
0.4677853492045802;0
0.1805618490699101;0
0.212342901710391;0
0.17614292073548563;0
0.1758029464373938;0
0.1450738312985794;0
0.2904543775206013;0
0.16371716741771694;0
0.3602179648786923;0
0.32263596989063426;0
0.3117446971413997;0
0.17840988298773447;0
0.16951807426345306;0
0.15367113849330885;0
0.18526086679209286;0
0.2002456308512154;0
0.2937557614322411;0
0.15368730312058299;0
0.24604059390053515;0
0.27892804508198094;1
0.14915807192945751;0
0.19192025625483108;0
0.3419495266418659;1
0.20915020312244312;1
0.234573474051433;1
0.14382256195745616;0
0.1897600069749148;0
0.14080742694907214;0
0.2818140954626314;0
0.10918476166325007;0
0.09999469504889938;0
0.4763751495799575;1
0.4972276387585556;0
0.4438641382500853;1
0.3057724033008402;0
0.5720019574408323;1
0.42429987682645115;0
0.2647164235836602;0
0.34288857948295176;1
0.4919329572996206;1
0.47382239866425346;0
0.6599097364091471;0
0.6881286368112073;1
0.1759374193557569;0
0.12256098145691015;0
0.18292765325676869;0
0.11200450061582069;0
0.1442829099058876;0
0.26921899681150796;0
0.4062442201006969;0
0.2680205622840014;0
0.28779650558920333;0
0.2423101847033672;1
0.23520679458634455;0
0.43353281072055233;1
0.29852482085759124;0
0.14983542031099195;0
0.4196429471627071;1
0.420156068933438;1
0.15791899279991614;0
0.34817437038032917;0
0.4099169627394972;1
0.1412779878913685;0
0.3289135446378237;0
0.353051222100214;0
0.382420847978655;0
0.2656487486133728;0
0.4128903851816759;1
0.32778547232270633;1
0.39528144161797385;1
0.334891838558236;0
0.3793427720717608;0
0.30946442560616033;0
0.40033202484078884;0
0.4706524566469674;0
0.6930069203463894;0
0.7203569465233434;0
0.7557560217553355;1
0.6276696614014972;1
0.2105417814736451;0
0.2819733381241758;0
0.17571314712789649;0
0.23033835471675163;0
0.15168055555078194;0
0.23787953216943825;0
0.23164087665213035;0
0.18527643098623195;0
0.2717072094678104;0
0.44937457488641863;0
0.14550861141096802;0
0.1636967595506376;0
0.15974616648684015;0
0.14684202833201576;0
0.13729603147115874;0
0.13012727096912147;0
0.2588553891874892;1
0.252157323229924;1
0.35888917879392707;0
0.21325600009547968;0
0.19905823651750398;1
0.18029866955110146;0
0.3203737112309582;1
0.43036892002799954;0
0.2873975889682931;0
0.2029136006623547;0
0.18337570074725182;0
0.24793129917477438;0
0.25741710062799006;1
0.2650546531853129;0
0.5096094743865988;1
0.1825638474963775;0
0.1721468248754565;0
0.2027860116098312;0
0.30385343190697967;0
0.16800272341783987;0
0.17264053914644525;0
0.22429927132014416;1
0.43037757288744133;0
0.3026723844006322;0
0.26847244683882127;1
0.18813702922468972;0
0.21750584214290253;0
0.17277048718207633;0
0.4815189443935978;0
0.37401037340054777;1
0.1949304173361025;0
0.2503572425930639;0
0.34551772286721705;0
0.17487730025537704;0
0.1955551185572174;0
0.1878487522652469;0
0.2485072241601177;0
0.2743759841659626;0
0.14021173430221612;0
0.16143915104763737;0
0.1962546098543015;1
0.2914253119006303;0
0.2718625848564641;1
0.2887956704404968;0
0.3875333041890661;1
0.3594527380030336;1
0.4004858980109983;1
0.27663368300863095;0
0.16909133154079667;0
0.1534437064525711;0
0.45475688881597376;0
0.41125728452122845;0
0.4857263344088358;0
0.5544030021019514;1
0.4210932996704106;0
0.4550589783979899;0
0.5937404714484174;1
0.568685767543318;0
0.3993332895164489;0
0.4839879381950282;0
0.3991941440646478;0
0.3421742118344719;0
0.4911331781327245;0
0.3991842517935631;0
0.5625241328677718;1
0.568243329300158;0
0.43237816713121147;0
0.5992814548939882;0
0.4280458005402149;1
0.19729717168710917;0
0.3129249328809393;0
0.10394620104736432;0
0.14653494542464326;0
0.19626480937299717;0
0.3488744808998891;0
0.23652801546175686;0
0.2679354756131939;0
0.2761749334616251;1
0.229813412523473;0
0.2607458822144982;0
0.2305536946728306;0
0.3665259773833853;1
0.23688568676386576;0
0.20802304637900357;0
0.23117882941873763;0
0.24424922469403582;1
0.36663448842410973;0
0.4420733566862095;0
0.24612689010119684;0
0.178703841447416;0
0.26272414029897717;0
0.41786255080867496;0
0.5655202067632644;1
0.22918029293345052;1
0.19560869120459537;0
0.24612696181916685;0
0.3047198665363492;1
0.19108490852466437;0
0.2016957046944758;0
0.2627175945770372;0
0.20325001377730406;0
0.14967849545887482;0
0.15556241697567297;0
0.2196824341599505;0
0.21608464822437054;0
0.2737421858760578;0
0.23106034836322004;0
0.20113058039812068;0
0.24406571657709836;0
0.259916424773452;1
0.33733072558009686;0
0.16823963811733578;0
0.20437252503832407;0
0.25098878113713324;0
0.17365677100974683;0
0.250742147964423;0
0.16794350620505202;0
0.16526104471484887;0
0.24008925467054174;1
0.33104349300043506;1
0.30501480467475905;1
0.4601301614712253;0
0.44526275680469796;1
0.5327738660970769;1
0.3679043506842286;0
0.3598157577776552;0
0.3978106485477231;1
0.4654010755691268;1
0.26223723817616;0
0.4937413247213606;1
0.4187102236692802;1
0.5145362842542155;1
0.5552584771042649;1
0.5365493123877785;1
0.5468544587655171;1
0.3904719937500887;0
0.3745198335599636;0
0.136639397656386;0
0.17005316749569788;0
0.16286188298149928;0
0.15627875458662033;0
0.12409070130735816;0
0.16675854629327255;0
0.20791008691148563;0
0.21292575557125273;1
0.3367186560704773;0
0.14539929204239782;0
0.14671317643157364;0
0.17322908702649384;0
0.2299550702334554;1
0.21916282819050592;1
0.26021725255277445;0
0.22684308944635947;1
0.46157294847361724;1
0.12959994163850672;0
0.33153495250085024;1
0.20164264293024722;0
0.3512757990442738;1
0.3934923069123681;1
0.4302072988705498;0
0.42153949942531366;1
0.46139971938538027;1
0.5108144242711322;0
0.26234059581098657;0
0.2929942188344727;0
0.3641026969345019;0
0.26694521894098083;0
0.22390699666269118;0
0.23549188092387346;0
0.15755603526221132;0
0.19503829934535347;0
0.2068843707209815;1
0.134566434306524;0
0.21186982563883008;0
0.20428232193872123;1
0.17051020084562898;0
0.1528472358136709;0
0.17519072704944008;0
0.28759391450348204;1
0.20570735823227912;0
0.3116763123410169;1
0.1823770372191144;0
0.30098040950722393;1
0.21528177340695817;1
0.22457427304072874;0
0.18798156165834912;0
0.16115185279312216;0
0.23961194960726245;0
0.2878484059735677;1
0.16336142023789102;0
0.1799158340531032;1
0.14722820491687255;0
0.1828600201186579;0
0.3511107466800587;1
0.20641281407274595;0
0.20414395745559963;0
0.20649121975481222;0
0.3077586580025265;1
0.19526075753678293;0
0.2717269600636383;1
0.22490770565684884;0
0.17868199628662285;1
0.33934754793463595;0
0.17988435996083205;0
0.2635885590637294;0
0.2957817382927675;0
0.25450742894268275;0
0.16416623245822565;0
0.13528689265632118;0
0.21837078845516694;0
0.17170975338983988;0
0.23277498589210885;0
0.18573268308483054;0
0.2815757352991429;1
0.2913827596039701;0
0.1888738346789594;1
0.2537209547687303;0
0.28541216074479686;0
0.17899934313509783;0
0.28464397395890445;0
0.21813429294854966;0
0.1833420058538484;0
0.15812527907630394;0
0.15497164734476365;0
0.18471684547847148;0
0.2426652987021478;0
0.16503571045365442;0
0.2021214462084091;0
0.24541901472108452;0
0.2747600388723079;0
0.1946008136675587;1
0.14863002685915144;0
0.16748182704155895;0
0.24803417024486976;0
0.24967396613781154;1
0.18203355945158564;0
0.20986725539366374;0
0.2571709652301125;0
0.27815368542397506;1
0.1946477041499777;0
0.38693086005904986;0
0.20178338506219737;1
0.25755048227468075;0
0.18623365405161646;0
0.26714606304412464;0
0.22929661634468165;0
0.1923087602311377;1
0.3453445685769273;0
0.4240070598862786;1
0.18265781735439604;0
0.32893835115375925;1
0.35308765332551917;1
0.5133154156332566;1
0.580318015127577;1
0.41729208201506707;0
0.2199162476405453;0
0.36583479580488615;0
0.20257395273338255;0
0.3633242630060685;0
0.7309252937168645;1
0.6611860346137154;1
0.4430206915047397;1
0.7810728569696748;0
0.7723625959507682;1
0.8264196781658297;1
0.7078805492608912;1
0.7202887919719055;1
0.7582482780030445;1
0.15371925955884572;0
0.3221398790069713;0
0.24738952803452213;0
0.5492014998129331;0
0.2496988344089081;0
0.4969802064583534;1
0.47318759080362627;1
0.4431868675824499;0
0.5335217317487844;1
0.5722855143171109;1
0.5512974610789985;1
0.47167972092324195;0
0.4497313948980852;0
0.49348596315115856;1
0.4638936942590831;1
0.46465600324724743;1
0.5396347250793695;0
0.17510583440369437;0
0.1421444084957967;0
0.22665005726304396;0
0.37242377633571466;0
0.7717224933948575;1
0.773555327896181;1
0.6777283509357287;0
0.7575981420504327;1
0.824819848769272;1
0.699192625994525;1
0.6155529511096628;1
0.8508965902889603;1
0.7797791238402306;1
0.8110106508023738;1
0.7063082428062436;1
0.797486099592788;1
0.8077766854453965;1
0.6278425542001363;1
0.7888628253174347;1
0.7412079878154375;1
0.6591264660427535;1
0.23827184164517806;0
0.3258033306753976;0
0.5734920201956183;1
0.6185014740330586;1
0.4699997433616977;0
0.4313497586314641;1
0.52939974817781;1
0.4816989255832521;1
0.47070660352827115;1
0.6601251557519845;1
0.416615851285331;1
0.35172371059279245;0
0.3214308604902626;0
0.17506025527542263;0
0.48532406960391294;1
0.23534791621987672;0
0.4124284896845048;1
0.24434951062581645;0
0.1964489095664254;0
0.22030935926473932;0
0.2671116615262709;1
0.23388832842110138;1
0.23306868839602465;1
0.18121714836378258;0
0.17304904930252624;0
0.19973026086384235;0
0.2525896123425988;0
0.43326088924948347;0
0.31401691839823204;0
0.24429505623944453;0
0.15284591400287986;0
0.39147521953345027;1
0.4415663683290547;0
0.5021209623678858;1
0.5556393548403933;1
0.479489268041071;0
0.6176244896105559;1
0.4636973762657855;0
0.6503805768602595;1
0.29939498868447917;0
0.32481841593408645;1
0.3893271690884232;0
0.2797048346658731;0
0.4571364535392207;0
0.5152380432358779;1
0.1446066286894668;0
0.13283264936571293;0
0.3317586506491295;0
0.29881711586974374;1
0.3730748114837958;1
0.31120529022173776;0
0.26489166801248293;0
0.18468758766982948;0
0.1789756616096185;0
0.2194362588029062;0
0.37541656470324336;0
0.19552056944583454;1
0.1461407500753473;1
0.18780640303947488;0
0.1444444220024666;0
0.14508937122007076;0
0.2996762483706281;1
0.24594458082825194;0
0.2054086046726418;0
0.22362019114715628;0
0.4942118576451577;1
0.25871700454942703;0
0.19549272833842182;0
0.34773723553851077;0
0.2847534145712989;0
0.20810503995508492;0
0.26463840266416594;1
0.20501686530247665;0
0.2078419131549053;1
0.18772865034185143;1
0.2839960219884958;0
0.26106194648753817;0
0.21163477379926354;1
0.22321442469573685;0
0.3236043983203843;0
0.24565292735948902;1
0.392000107508828;0
0.26730144365934316;1
0.2991303274737113;1
0.30841599129172365;0
0.43268419479995013;1
0.4940428852789453;1
0.2452038990529984;1
0.21087019976576354;0
0.3579557541335871;0
0.33966174557333545;1
0.31803998798818633;1
0.19524617267154548;1
0.3339460797052095;0
0.28222673846021634;1
0.3103824195643166;0
0.24197576132301185;0
0.2180896811019817;0
0.19556032585798067;0
0.2606151414690084;0
0.37324814598066647;0
0.2118035925079332;0
0.3066646162267617;1
0.30274970440522914;1
0.2684656880689033;1
0.2830445658210761;1
0.26206828011028777;0
0.2057737511557037;0
0.33213525128923344;0
0.29576491772219526;0
0.6570240539529862;1
0.40556760493666405;0
0.1814281466287062;0
0.14393702919873536;0
0.17505971801566927;0
0.21410973171244568;0
0.15912418285017485;0
0.12572040573870916;0
0.21000111106832386;0
0.18214400025588717;0
0.3089636925270362;0
0.4599765023889876;1
0.20894224714344456;0
0.15555403878238624;0
0.22151007061137024;0
0.21429761051258997;1
0.19101851555342886;0
0.13895524849543775;0
0.14235965511950513;0
0.44434710827833007;1
0.3615754388054835;1
0.13222481248393406;0
0.14810746781704323;0
0.3959062509646118;0
0.27407929877271264;0
0.3662087310181121;0
0.3900654891746861;0
0.44159104059912907;1
0.39652514426064434;1
0.48580517018710623;1
0.5099793157678958;0
0.5992251624281933;0
0.18164590615816498;0
0.27309408583105393;0
0.2497357606345449;0
0.19436907238769466;0
0.17195438609870906;0
0.20244121876010196;0
0.48082336550830473;1
0.33147196104811416;0
0.2229859528325704;0
0.2114846100880721;0
0.37149503231943287;0
0.8404398571608906;1
0.6311852411401522;1
0.7474351636722771;1
0.13644614388852644;0
0.26366353635902856;0
0.4057249874439735;0
0.7816267056995111;1
0.6864575482643511;1
0.21425765015553935;0
0.2663456238982166;1
0.26613078201701984;0
0.233168707278923;0
0.1891874361225254;1
0.2893674127508426;1
0.2551733290465455;1
0.19104158361961493;0
0.1808960151498233;0
0.29243994827540626;0
0.2853110699988787;0
0.21032925403914568;0
0.17853619320050096;1
0.2731640308446657;1
0.1386895529992552;0
0.31888972627497825;0
0.18252148271427293;0
0.3910979689811448;0
0.22249565972279484;1
0.2245542511590882;0
0.322339631778272;0
0.21893270515207006;0
0.1978668964109824;1
0.2912108206122537;1
0.368207542663026;1
0.16329065123940287;1
0.2579217797874287;1
0.43467779800020634;1
0.4953742825440489;0
0.4197896331219046;0
0.5075443316661946;0
0.2223051091391189;0
0.17391810854175246;0
0.2239655296581497;0
0.15402490267356828;0
0.22455844705945427;0
0.20751846824576098;0
0.527369354610492;0
0.41389650624865687;0
0.28644067741391205;1
0.33481605272894244;0
0.3405105914483745;0
0.6974163614200153;1
0.7434249847360552;1
0.658059376392884;1
0.48890132562192096;0
0.4417656900505912;0
0.41760958930594866;0
0.5461829078907849;0
0.3770648914895517;0
0.24155687487507976;0
0.20812270130763444;0
0.13095972513981102;0
0.20755609953588341;0
0.42524621483467134;0
0.25798071222476865;0
0.24654659111786903;0
0.21815944181009705;0
0.12335622274922262;0
0.1794680430911902;0
0.17174350597773438;0
0.1734893480912242;0
0.23307208691645392;1
0.24471304908733987;0
0.20533116087752237;0
0.4837983171875716;1
0.2255539917743993;1
0.20984098739460205;0
0.35872350409329856;1
0.3389379372749051;0
0.23694447331398355;1
0.30665465418242993;1
0.2673108895946294;1
0.2605547827505368;0
0.3491719693263782;1
0.1459326115281821;1
0.294185502188535;0
0.246815973733757;0
0.20004531476636234;1
0.49745225823850026;0
0.24873710956537945;0
0.21950389724698302;0
0.20908419981131166;0
0.30896965873101423;0
0.3013414653188113;1
0.2734265853370274;0
0.19691018418155926;1
0.3252878277325881;1
0.21304532114108213;0
0.206773564146583;0
0.18524013248412716;0
0.21087357677496021;0
0.26760798757744075;1
0.26892081628470793;0
0.24759580864575867;0
0.30119735395227537;0
0.2161647752562361;0
0.2564820120589967;0
0.527065176777761;1
0.49867410161546855;1
0.513811074832914;1
0.5707281478722565;1
0.3411041648944745;0
0.5039286786413741;0
0.17296119561577522;0
0.15785570974066923;0
0.14986310368058528;0
0.12743171244089216;0
0.1532099990543411;0
0.20551427161572416;0
0.1719726019905844;0
0.14923813429244107;0
0.4359666645403191;0
0.3863279401826988;0
0.5382033907379777;1
0.5456288142580551;1
0.5700988069673139;1
0.49394896933443405;1
0.6788970230806844;1
0.32247662090539686;0
0.27255774694281404;0
0.40048712336579495;0
0.236830343870282;0
0.37414752440352583;0
0.4881437757162829;1
0.34339869308041926;0
0.4986687412218373;1
0.3738591205775496;1
0.35206753867841956;1
0.4089595967826916;1
0.276661777668217;0
0.5293323351635658;1
