pred;y01
0.1817673425224039;0
0.197188452266696;0
0.12305706999065799;0
0.15323296374567658;0
0.3086234460740936;0
0.2195760472352661;0
0.20115770286632262;0
0.23686590565302587;0
0.3244701708075401;1
0.1557016217427355;0
0.16561464860225844;0
0.23187157366040234;0
0.24454525804183536;1
0.2623198131923701;1
0.16368476170939006;0
0.22646950247382897;1
0.24381263911661238;0
0.3659724141675014;1
0.18429592962265295;1
0.13911451068675484;0
0.1355140442004962;0
0.17642600514743037;0
0.15690274791137002;1
0.19691224893678444;1
0.11184670472630241;1
0.185659582394704;1
0.18688038033296736;0
0.28703079783322605;0
0.3735666418520188;1
0.1869968498721916;1
0.26127612115587906;0
0.2737540419770119;0
0.22420674924595926;0
0.35278168976405083;0
0.3228865596506036;0
0.327531438673574;0
0.3358001216826861;1
0.25191098543064677;1
0.3044698626763843;1
0.27418555724536775;0
0.3619359649119114;0
0.18017607156511461;0
0.15295271224185372;0
0.2053461129880208;0
0.33235977045193793;1
0.34325162378260415;1
0.3610862939464827;1
0.26149732349567867;0
0.35900144610426105;1
0.264677062156007;1
0.28115033937563094;1
0.36818535756594917;0
0.2742597867131593;0
0.3057083282287287;0
0.316754321604321;0
0.45069066850806516;0
0.3804568234453061;1
0.16988323416971232;0
0.30914763674988294;0
0.283010331450622;1
0.41658130851077624;1
0.24889461307619298;0
0.1680047019525185;1
0.32391493983888764;0
0.15789297751478626;0
0.3970368335086429;0
0.18310356298395794;0
0.18664183005182963;0
0.17947342333043945;0
0.14587090665404392;0
0.1266578286065171;0
0.1494781029254925;0
0.18440371556760063;1
0.16541839433482974;0
0.3415738950670441;0
0.3378477501727024;1
0.2513892352930632;0
0.2892061484657935;0
0.35744701825439706;0
0.469651490164149;1
0.2691420401160248;1
0.3158008325752102;0
0.5217029819938632;1
0.35368375620336034;1
0.2995735993214415;1
0.2974383813699397;1
0.32753201749057226;1
0.39366053289835234;1
0.38993016858031;1
0.2931980139861061;1
0.49628613587061554;1
0.33733423646174543;1
0.5174286558024818;1
0.25239418915185685;0
0.34397736836727244;0
0.5048141984773595;1
0.39158592842170153;0
0.3292246697676248;1
0.31344464141945216;1
0.3685235381817297;0
0.30343489789159095;1
0.3505565817820026;0
0.35873861859774486;1
0.2706920245858446;0
0.3372378412382168;1
0.5439399676196909;0
0.3175357325759815;1
0.3669461679232228;1
0.216100189580823;1
0.3365458672298849;0
0.38341247800476347;0
0.33079102633224416;0
0.38703834537149495;0
0.2649091964982932;0
0.17141618483065696;0
0.12816802814371972;0
0.4924110635037959;1
0.282853254124982;1
0.27866316447639405;0
0.31315376282453306;1
0.4028908116150136;1
0.391514261780019;1
0.38134581564864417;1
0.33395772502820653;1
0.3469952219989619;0
0.37065067396616813;1
0.3971251813818428;0
0.2553885528150086;1
0.277537311718125;0
0.3637682758880785;1
0.19302738294797755;0
0.4019760940907463;1
0.3706497134981966;1
0.4114025554126491;1
0.3742273160347841;0
0.35484377363904585;0
0.17394041706036062;0
0.1179392126356742;0
0.16790967049254893;0
0.378591974701529;1
0.264756088701996;1
0.30647022376846605;0
0.1797035892294053;1
0.20335047556340569;1
0.192171734673155;0
0.2888092334703663;0
0.1617343696930074;0
0.32483342239130614;0
0.22775120855796033;0
0.30051040972047444;0
0.18184168110196625;0
0.3275505060269471;0
0.22574854591430762;0
0.25256994959661755;1
0.44714450294608404;0
0.37440061960722304;0
0.3624557724847972;0
0.20837016560482968;0
0.1420033391735037;0
0.14928141011118956;0
0.160737738701436;0
0.2011416637262044;0
0.2116314710399121;0
0.37914888953071824;1
0.23043203228891368;0
0.30096211184337096;0
0.4808818785850942;1
0.43480197527508907;1
0.5009435375099938;1
0.39167669591645604;0
0.4594112541483875;1
0.3764056237621919;1
0.45918861527432814;1
0.35297081744370024;0
0.4696567176616284;1
0.4274809879679416;1
0.5559597900697364;1
0.46606324584330344;1
0.4999482446515695;1
0.4738968886248663;0
0.3811458109181786;0
0.44345049254662267;1
0.39505046908725877;1
0.4578247111332059;1
0.363542815008434;1
0.2930419413517503;1
0.29951827274432274;1
0.45201232251878526;1
0.5702546127150047;1
0.5402543882372499;1
0.4672962002611326;1
0.4797104998755441;0
0.6431368970029324;1
0.46569225024442396;1
0.47160611226835425;0
0.3690054316127632;1
0.7109445023534872;1
0.7704726447472323;1
0.557342698708742;1
0.6331221961949164;0
0.5284201207971522;0
0.5011126626627203;1
0.6289283618764133;1
0.46131796520238966;1
0.6170066838870193;1
0.4614501471922049;0
0.36058970654223094;1
0.47949104506244283;1
0.2914669782797461;0
0.4211988630186919;0
0.265916669712181;0
0.19927764292461855;0
0.1933893478369851;0
0.1565416101562574;0
0.1881620883814155;0
0.17133842292107168;0
0.1879758686499508;0
0.566162965033272;1
0.3237119005721383;0
0.15908279725367253;0
0.1994248945516219;0
0.17974986881684202;1
0.39530356025636165;0
0.21139196647472894;0
0.28192077757031986;1
0.29942361279590535;0
0.23130248727905636;0
0.18876126812508962;0
0.15778730362118196;0
0.384282532252333;1
0.17191175302911396;0
0.25087419931540855;1
0.23737768766438377;0
0.2695420567843385;0
0.26979972664385116;0
0.33750830532457915;1
0.2414081100558349;0
0.29603505700827265;0
0.37201577799112545;1
0.24117637105538564;0
0.16515233927216097;1
0.14383333355091965;0
0.127004950548008;0
0.35289313674940886;0
0.3634099098355577;0
0.1199171949196934;0
0.2572630405294519;0
0.2604744503546375;0
0.1546281610909682;0
0.17844486443727758;0
0.26788900174568375;0
0.21347760695362036;0
0.12568692401542758;0
0.14796373842741775;0
0.19750646194247146;0
0.2582427120229614;0
0.18305565647754088;0
0.16448562587127052;0
0.21635370078360994;0
0.17343555858347298;0
0.17048196054474418;0
0.12373515713303343;0
0.15694995604682951;0
0.19925732783702677;0
0.14666716804746052;0
0.2123644139034832;0
0.1165076888654485;0
0.2920026009642177;0
0.23775253389555234;0
0.14052532933827053;0
0.2594967115843039;0
0.2051277463512852;0
0.14357271074357947;0
0.12489326715097071;1
0.24800191353566475;0
0.17489162412400025;0
0.18392340915348737;1
0.1949485199356184;0
0.25862848882502165;0
0.14169558323894735;0
0.32144957645971906;0
0.3651717148172129;0
0.2636451521870198;0
0.252553593527153;0
0.3156847546629615;1
0.3318551900471568;0
0.3238936528930608;0
0.3376979679126962;0
0.1947093081983137;0
0.14315372148133307;0
0.23722555625374994;0
0.19412887431833006;0
0.2200544048805754;0
0.1936573149692642;0
0.4010849249955517;1
0.3884165426411558;1
0.1452089885489227;1
0.22021071728046074;0
0.1808825341690289;0
0.267218423025424;1
0.1719746439267556;1
0.15426477377823364;0
0.32008513060661486;0
0.1975852832045215;0
0.1358154156442514;0
0.17233239805174566;0
0.2818959675340739;0
0.1822993269170205;0
0.18405010893903004;0
0.33018523353133983;0
0.25587398069302053;1
0.3194771116790198;1
0.25929207118237296;0
0.26784414456389566;1
0.17890764619256808;1
0.1460068358085067;0
0.1639711594611582;0
0.3238381133759103;1
0.15460781441726817;0
0.19061730149637804;1
0.2968541051805799;1
0.19515068720462897;1
0.25695966277719606;0
0.2095035032777725;0
0.24169726266360456;0
0.2252556149429752;0
0.24260473734025748;0
0.19227371272862556;0
0.18505703887314348;0
0.3659855634845593;0
0.3186711533669148;0
0.16948577763238537;0
0.16019301120500345;0
0.23375007190141536;0
0.2271382923510535;0
0.21931065980790876;0
0.32285161316577865;0
0.1939454222934715;0
0.24062699087968983;0
0.2019852713423817;0
0.16452613812283515;0
0.20721811485963196;0
0.19475403691472948;0
0.15350555632524165;0
0.2350016238550684;0
0.2160183952356066;0
0.14917665622731435;0
0.18678092850614994;0
0.20417879314146622;0
0.2970515164194932;1
0.14156429898091866;0
0.16336626896134088;0
0.21576114090191562;0
0.1989928646729375;0
0.2071603852835906;0
0.26293998594619133;0
0.17193184635555406;0
0.2132983641651091;0
0.3074852258090693;0
0.1474936028781961;0
0.20452763506334232;0
0.12634160074470485;0
0.18420174462545608;1
0.13366439537019228;0
0.2397490542944771;0
0.2044027638679883;1
0.23550153108650534;0
0.13267309811148664;1
0.1957840656536136;1
0.14694237317049438;0
0.2700987595939204;0
0.11824102903184056;1
0.23158532359054218;1
0.12797730829584322;0
0.29818655576550684;0
0.1463934823664807;1
0.32502296281540555;0
0.4441240464919749;1
0.1485856095553969;0
0.14071327029044003;0
0.2991280423591083;1
0.39614688960867905;0
0.45559061033292714;0
0.24393214859240728;0
0.4900914182809958;1
0.6772714033030197;1
0.6873616784262144;0
0.356399349080935;0
0.6749582011259729;0
0.6672106854614073;0
0.6596583435308806;1
0.6598782071653736;0
0.7272425649009903;0
0.8060720416384258;0
0.6081034903961656;0
0.757616965654463;0
0.5618736364100019;0
0.6464390664720089;0
0.5812608451768766;0
0.4338694768564881;0
0.5300186527306239;0
0.4537159144329017;0
0.6514447846239717;0
0.6469078043449554;0
0.47769882846142453;0
0.6318807408690215;0
0.698183674609606;0
0.5244443982927053;0
0.5318567497191735;0
0.37056200399043515;0
0.20563044679943598;0
0.35680845926463034;0
0.3265319613217176;0
0.16451299680373474;0
0.28390499688544635;0
0.2866163869546367;0
0.3280158569302506;0
0.541027227517428;1
0.15751609898474184;0
0.16907451894437714;0
0.3446083896405448;0
0.33646417002889106;0
0.4056973472842735;0
0.4161489529931482;0
0.30091450743010406;0
0.4109271572390077;0
0.2614631187126925;0
0.4909749698514531;0
0.4696522096688846;0
0.39156720045395466;0
0.37021416553512987;0
0.3571774932627447;0
0.4019381434715154;0
0.3624061578828984;0
0.4229833565371324;0
0.32026590177719694;0
0.4746743576366229;0
0.2730477473510194;0
0.3856609853941123;0
0.10097687469052681;0
0.1468530663314056;0
0.13123274010177968;0
0.12849507025372073;0
0.1551536608486673;0
0.1309995190671608;0
0.13041188476467702;0
0.14962735202350413;0
0.11739144333466073;0
0.1417964516627353;0
0.19269995195385903;0
0.14287459140311198;0
0.15627977057068593;0
0.2325728503951599;0
0.1387530473036777;0
0.12948788288349444;0
0.20396311978759876;1
0.19541775156417146;0
0.22766343937207553;1
0.21979282628851277;0
0.11452419925600843;0
0.16203391792409466;0
0.0884796391380295;0
0.24443261710026973;0
0.1300722890845169;0
0.11586308756342652;0
0.30067822616462864;0
0.10512688592967372;0
0.10500628600580884;0
0.17225012117707578;0
0.1125730017395078;0
0.14248386336842206;0
0.21781722419939487;1
0.2226921347017671;0
0.21402161478355886;0
0.23483505133191254;0
0.2507759976700995;0
0.33765125427832443;1
0.14097409607653824;1
0.16201531222542206;0
0.3682087732717717;0
0.41680740398980903;0
0.0870317465595737;0
0.4480614437873839;1
0.26694230443385675;1
0.21827988924877295;1
0.26473356729438163;0
0.12059880342860349;0
0.1256301487001422;0
0.09584715230381768;0
0.1596987422700198;1
0.1724772522113315;0
0.15411957094689643;0
0.1624378670141806;0
0.19976214496071582;1
0.11586209504639833;0
0.1306860072328653;0
0.17467061662867195;0
0.1657557419243165;1
0.1293579569595094;0
0.16183643597955238;0
0.10504132871006983;0
0.16918370239777825;0
0.2376286013329522;1
0.13950573148959342;0
0.1835559030741571;0
0.2748716372139544;0
0.19891533187506857;0
0.23979246940246388;1
0.1726424530097268;0
0.3138091622827992;1
0.1536556235068795;0
0.12435872619571095;0
0.09967032126628883;0
0.27874533367078963;1
0.21856710960995668;1
0.15064780006341308;0
0.24379994126732782;1
0.16993798453453027;0
0.8775285038209473;1
0.7007503906910861;0
0.7683474516459828;1
0.6840788985583178;1
0.8222852627931888;1
0.7740906081891789;1
0.786593179737657;1
0.7325837793358148;1
0.7809004982362813;1
0.7410361087470126;1
0.7385071138579856;1
0.8012368573905319;1
0.7382256262860812;1
0.7630154517216672;1
0.8549557496524015;1
0.656514152452341;1
0.7837350919211962;0
0.7667777002723256;1
0.8305132097333111;1
0.7070801121108924;1
0.8120859035707119;1
0.7708236825318203;1
0.5004857097175169;1
0.7308300278564112;1
0.8145807954211715;1
0.8777385529758985;1
0.7884263221791546;1
0.6709349407357104;1
0.8359442489443363;1
0.8727043000319511;1
0.8210423837838565;1
0.8177977173088223;1
0.6541880901716501;1
0.7795667663972266;1
0.6073618974642923;1
0.7715253185705067;1
0.735248182760074;1
0.8916336129833571;1
0.9016990238911036;1
0.7505152645207495;1
0.8015590188920302;1
0.8675569622250483;1
0.7717973693590536;1
0.6862480959388628;1
0.8956275594522297;1
0.5543759976007374;1
0.7803311975335698;1
0.691558825721022;1
0.7745212569290375;1
0.7065746045006899;1
0.7767062927283738;1
0.8006444161091255;1
0.8394603386564777;1
0.7753564337699779;1
0.8169347971569194;1
0.7306835950398844;1
0.6519362278651359;1
0.7092033033096047;1
0.5825977424037119;1
0.8026722037055574;1
0.7466730520016384;1
0.6075229928309572;1
0.7846942289785521;1
0.7254611525759;1
0.8333518792262888;1
0.825557176978895;1
0.7488369076613287;1
0.7535367290868555;1
0.6545411764460174;1
0.7928372101712444;1
0.817168581348859;1
0.5806951535044431;1
0.6792053799562429;1
0.859801655548871;1
0.22782624450325747;0
0.2511639468972365;0
0.26182839495331106;0
0.1045431373204023;0
0.08747884135452944;0
0.24060343424911185;1
0.30418704581782563;0
0.13396521683167248;0
0.25641052427364275;0
0.18308149409070754;0
0.1870097732812202;0
0.09097557528343836;0
0.757302758935911;1
0.7445978297858369;1
0.7670057484924043;1
0.8036144215730968;1
0.6254143395607875;0
0.678091542696943;0
0.6651803730230867;0
0.7458630209602846;0
0.7418885492073356;1
0.8083761874468547;0
0.6527355579183745;0
0.6360526184034717;0
0.6657459563834162;0
0.6971012444842504;0
0.8098041728032682;1
0.6789859282019339;0
0.8041543036096888;1
0.8975082198359068;1
0.76865096846382;1
0.8244932085003988;1
0.7841041012425358;1
0.7760211259357914;1
0.7168772918565887;1
0.8961659233879182;1
0.8376148639001594;1
0.7881806630480603;1
0.5778097769699289;1
0.6983142046179691;1
0.47917179604318627;1
0.8735410624272154;1
0.8584557090803908;1
0.6989875777119361;1
0.735234839202142;0
0.8423011294527812;1
0.7277692402835805;0
0.8177912811080175;1
0.6494722521071444;1
0.22800693354785903;1
0.1541875592237033;0
0.2980936489564138;0
0.22549042891179774;0
0.2853226091924893;0
0.25297361481156916;0
0.33032802276138074;1
0.21992770789381558;0
0.1697818633711125;0
0.19516805366721188;0
0.27460733009850025;1
0.19844886386361815;0
0.15481120758390846;0
0.1593069572392716;0
0.2357385214396004;0
0.17289564723641637;0
0.1632784728922718;0
0.23393197665734633;0
0.211983991842859;0
0.20934801118411614;0
0.23599860405900547;0
0.2207372747952109;0
0.281574509758039;0
0.5536942995228895;1
0.4036726647703157;1
0.496606148933484;1
0.41766888459475093;0
0.34961468620319563;0
0.3399989367136546;1
0.499149609744067;1
0.2870576118763559;0
0.46004326664770995;1
0.40336021167170827;1
0.2969545983947166;0
0.4697135848427985;0
0.33501408348650896;1
0.20721865360449337;0
0.45751001355780335;1
0.4272171748358384;1
0.16428566685852597;1
0.4266643535583475;1
0.38179930385663874;0
0.30724081979161066;1
0.291597417778946;0
0.3308732862739849;0
0.37556869761548606;1
0.3079609000963425;0
0.3231587673635965;0
0.3136656147721211;0
0.3222017685657575;0
0.24000522750577544;0
0.43210530704967953;0
0.27159928803278754;0
0.3581543604176914;1
0.38585338896876564;0
0.3614205831885198;1
0.31738540474038424;1
0.4275482330466056;1
0.4508919807107299;1
0.44307115283536297;1
0.5687730779939106;1
0.3234698022138131;1
0.4147768430154565;1
0.3479024029854908;0
0.41922262384291514;1
0.35707898534134214;1
0.434703292900929;0
0.3769652559476086;1
0.35611758349871997;0
0.29379036872135555;0
0.3514410725934916;0
0.38853535395681016;1
0.2965610004343384;0
0.49815600852147246;1
0.4604522535831372;1
0.5256921014383706;1
0.4019014469351561;1
0.36638977335383044;1
0.3514474628810413;0
0.4283145063212835;0
0.5792510473292665;1
0.47060462119395663;1
0.3538771461445987;0
0.2959439178306762;0
0.4409267623588019;0
0.4520256074316644;1
0.3868985867480382;0
0.37084833310439075;0
0.31725312238654796;1
0.333899059945509;0
0.3110567210058228;0
0.3112689193163163;0
0.3984745082413903;0
0.41418294420850926;0
0.4715611431685601;0
0.38798873901265823;0
0.3867323056493839;0
0.3750973588612553;0
0.434762028739102;1
0.2749273166223853;0
0.2943113607803904;0
0.3677602584091276;0
0.4707831011472066;0
0.43756678575845614;0
0.41623364518120837;0
0.3549870807211558;0
0.2864683173591321;0
0.28702310291487665;0
0.34959789325914487;1
0.4295737331111457;1
0.23445477042110346;0
0.2713347092676368;0
0.33362357742854415;0
0.2744879073152817;0
0.40950750904159583;1
0.37985705701184597;1
0.3569210191396508;0
0.29160975143291856;0
0.4729222639621367;1
0.3700207248950324;0
0.2813201144729797;1
0.2962484031082504;1
0.2997567148519761;0
0.3325468302571729;0
0.43279262937056473;1
0.3209033062903626;0
0.29208742513210134;0
0.2861032939989325;1
0.3444726859711119;0
0.3174292519596701;0
0.36271343197493755;0
0.257966315650902;0
0.3485681472736314;1
0.3453554652653783;0
0.37617291341568915;1
0.3399624563578413;0
0.2643175896062225;0
0.14766918726528486;0
0.3026829774601436;0
0.1987775977886849;0
0.15838800894277805;0
0.22252443973247463;0
0.25370014749041825;0
0.22460493712147864;0
0.3708299660185768;0
0.3011142678374072;1
0.4190038142919117;0
0.21557506378058805;0
0.30683177149692126;1
0.17980674154728854;0
0.22279959037363517;0
0.15218825584823964;0
0.1814513468658134;0
0.2713999702793941;1
0.14616417307515947;0
0.11480797726891585;0
0.2968872545112609;1
0.2735153654268313;0
0.23599566863723992;1
0.262173593910131;1
0.28287310035819785;0
0.2895741755280711;1
0.29014121261497244;0
0.2407487388720779;0
0.34372905855387154;0
0.18466078865719665;0
0.224797180281571;0
0.2997442051066442;0
0.23901563616666513;1
0.17229909180019976;0
0.16623925772156417;0
0.40078562815349833;1
0.23279968062575113;0
0.19467927370220767;0
0.3067398819070373;0
0.2530395002723158;0
0.3941819107092458;0
0.1826010449161947;0
0.1770123465742842;0
0.16742368331443389;1
0.2542456000873184;0
0.1987582426443522;0
0.2531408197237851;1
0.5182229398103895;1
0.21751046295733034;0
0.1961497121806458;1
0.2704769432538577;1
0.2318270828201372;0
0.2605574243915992;1
0.2470370997805423;0
0.5481600193866278;1
0.29090622778367714;1
0.5926067243746383;1
0.5742328984904341;1
0.37406512542133435;1
0.43944789800268985;1
0.39567522101669106;0
0.49377824447378565;0
0.3606399581076898;0
0.36616865149717326;0
0.3989869256033271;1
0.5472757473505072;1
0.56220919256313;1
0.5363840452072532;1
0.6265480377229813;0
0.23478987086641756;0
0.40452854311345515;1
0.43524275857302214;1
0.40892649982197127;1
0.5310747437475172;1
0.30879416100225343;1
0.41661521920986505;0
0.510482571112698;1
0.37809156722336795;0
0.3030113458660872;0
0.3167110934752706;0
0.46246338914446594;1
0.3714285526227342;0
0.321673428829296;0
0.7151076685624399;1
0.2824444291500489;0
0.5901981531593139;1
0.3062005161518942;0
0.3869790830806321;0
0.41056769809944127;0
0.588039418234453;1
0.4706881470160744;0
0.49383082474888296;0
0.3298825355923269;0
0.3860407011564594;0
0.38218611592872953;0
0.4499377698001744;0
0.4819276022064891;1
0.6978815248078117;1
0.3137953860437514;0
0.2769432666663786;0
0.4157266334925528;0
0.6502871325322084;1
0.40123966830228736;1
0.3800230001100042;1
0.42104323625865087;0
0.36940065272796724;0
0.3260734110288725;0
0.3903916811870593;1
0.3769206656540462;0
0.4075200402600736;0
0.40071841718283396;0
0.3391871224079492;0
0.5204006469614688;1
0.4227978723693312;0
0.5571152273739532;0
0.3573730224187092;0
0.3880399907684219;0
0.3974784804223908;0
0.3045420958145517;0
0.3678311269600674;1
0.6117076695758507;1
0.42824318688057467;0
0.4858848955309342;0
0.5580219031642479;0
0.46899600975515954;1
0.6296075869972648;1
0.5196639596721129;1
0.44294328040869074;1
0.5544117899941947;1
0.5237468677597177;0
0.858282834129828;1
0.3107746629015614;0
0.3444724982312044;0
0.4407415452969698;0
0.33728834363127685;0
0.38863403224336335;0
0.5836937746450632;1
0.5207479685204625;1
0.433862291814365;0
0.45602552077810715;1
0.25249531353861326;0
0.4775553401929515;0
0.5316697858037696;1
0.606651811089;0
0.5532067071043351;1
0.4328990978339796;0
0.40420312993504587;1
0.5531954425050651;0
0.3660411168334443;0
0.5290407795593306;1
0.4185723191549703;0
0.3946283278090452;1
0.46545595159946723;1
0.3798398330429567;1
0.24111546865639552;1
0.5858142878847284;1
0.4631814310724718;1
0.27237410285304653;0
0.37392489612993535;1
0.25751578040259526;1
0.34914178861747913;1
0.19945509052472782;1
0.4744823299332447;1
0.2485922018007969;0
0.38489903781459517;1
0.2722185112754769;1
0.25380402603019114;1
0.302947173260375;1
0.25785746765503753;1
0.29577988193533394;1
0.28760083281901594;1
0.22608840990668347;1
0.21987706653698472;1
0.13671908455798149;0
0.1676685964260139;0
0.12281420784476871;0
0.20569629780780768;0
0.2031939302688219;0
0.16991227158708613;0
0.15698725893204837;0
0.09914160076869762;0
0.23007728059151597;0
0.24789224964538642;0
0.10919033932732256;0
0.15940466340013568;0
0.3862058019893191;0
0.14999616180130243;0
0.20517463165747185;0
0.21083664853295803;0
0.122727550309367;0
0.20024361267423685;0
0.2779766380170765;0
0.1879064977618788;0
0.4708328307144056;0
0.4398420315335858;0
0.5841474134953187;0
0.28437288672861183;0
0.4239662786971234;0
0.6318607793900127;0
0.44256692670231607;0
0.14280225169930064;0
0.2979896929634071;0
0.6258384002110929;0
0.5920379965924218;0
0.4013068122997987;0
0.5489840640844321;0
0.6017758647708624;0
0.6478579751924193;0
0.7458945300041079;0
0.5777197840215579;0
0.6456366577642701;0
0.33646090741207657;0
0.659809037382045;0
0.6026087180718861;0
0.6374889703680006;1
0.7196595290129353;1
0.332988002146713;0
0.5064509960064092;0
0.4242174380365469;0
0.2539294743474994;0
0.5089989529457549;0
0.38415682061579537;0
0.49713825525495775;0
0.22624850501451055;0
0.6938548535936306;0
0.5744975069590222;0
0.3557483206005931;0
0.5786425156763425;0
0.517815675768421;0
0.5986823483020769;0
0.15293397542306342;0
0.7275362562977574;1
0.6270751263204835;1
0.7066129587491212;1
0.5154798279998826;0
0.7675593778391463;1
0.4582140270648244;0
0.36855585986377826;1
0.6266688500713063;1
0.29239369054700914;0
0.6544198491683464;0
0.591473394004947;0
0.6560308486580861;0
0.5980732890011619;0
0.6225666429593035;0
0.5684098715087473;0
0.7169907325558668;0
0.3446716036936571;0
0.23361651002988412;0
0.40211859932330973;0
0.3131329625635062;0
0.3919145819069856;1
0.3687036803700662;0
0.4180635209280969;0
0.2444242946009954;0
0.2631575663031703;0
0.30606670957920207;0
0.37397116940998015;0
0.4341589241062709;0
0.3910453249930287;0
0.3818197197666825;0
0.33060629086158166;0
0.785822930758608;1
0.8147805637681866;1
0.6846418890790555;1
0.8254487824364918;1
0.7392731358867698;1
0.5627045067755532;1
0.7139159340344489;1
0.8127363126264349;1
0.7149142498101515;1
0.8373080336452909;1
0.8209017050287697;1
0.7653209700875284;1
0.7574604590643904;1
0.8060477631165469;1
0.8706129994460011;1
0.7993289292136969;1
0.686413259042672;1
0.734251823308656;0
0.7854646302149473;1
0.23957059500388836;1
0.8229570745551407;1
0.7802350106055453;1
0.7363682238716427;1
0.7437040497180462;1
0.7039497199610744;1
0.8390414911255315;1
0.8712647774030334;1
0.8474408400044258;1
0.9107962409395174;1
0.6381530136389089;1
0.8693966555845475;1
0.8472606675922683;1
0.744399666272462;1
0.7396689852107937;1
0.8640000251343615;1
0.8499706257108569;1
0.7646916878358758;1
0.6887570459066032;1
0.6920824673808602;1
0.806037339929421;1
0.7912647675506291;1
0.6936541294658478;1
0.8405218213612629;1
0.8582608816576293;1
0.5084809749470554;1
0.7827920439595389;1
0.7969468986075224;1
0.8280968277455358;1
0.8994471798431865;1
0.8426075522017209;1
0.6460482793013744;1
0.866089037426343;1
0.6975485405425359;1
0.8233202594816434;1
0.7813942539800958;1
0.9060366867684223;1
0.8219406118218466;1
0.7202680318301722;1
0.7414842783752471;1
0.7530741767742466;1
0.6331215153987754;1
0.8489163786927989;1
0.750568047029933;1
0.7823383341677705;1
0.7064132084808312;1
0.681963387429423;1
0.8144452667763742;1
0.855521635693227;1
0.8552248905995249;1
0.8140913898155796;1
0.7934781831183277;1
0.8928915225630413;1
0.7070070927862281;1
0.7999408976514456;1
0.8009986275493401;1
0.7860809109286756;1
0.7521805263390345;0
0.8307025043306624;0
0.852236980242777;1
0.754371527643871;0
0.739805360242949;1
0.7674252785261942;1
0.8258211353254916;1
0.8244734891391459;1
0.8049359451130215;1
0.7127277026262974;1
0.8042902254186121;1
0.8183587791129338;1
0.8482828770308104;1
0.7915989351084031;1
0.8787936816193822;1
0.7247530916514104;1
0.6847675096187116;1
0.7222452584093311;1
0.8319536308744742;1
0.14880035132932137;0
0.19965682341274538;0
0.18180609573734002;1
0.16808091884096235;0
0.18612131680811983;0
0.35240636140139503;1
0.20299009643015795;0
0.2396046565061406;1
0.22952458576272552;0
0.11433211226493686;0
0.14135615420902004;0
0.1423178387130083;0
0.2972469850187495;1
0.28796236544961124;0
0.11851752032935654;0
0.11206380310656844;0
0.14256442936352698;0
0.2603744351066253;0
0.17518264570599004;0
0.271750630155221;1
0.13017153486687952;0
0.23541426618374237;0
0.146130707536811;0
0.12547713556106793;1
0.1451685352955022;0
0.20027340839586713;0
0.1394928854192778;0
0.13479791019130044;0
0.11579617740825264;0
0.11731977746142128;0
0.28054111227748535;0
0.20719517191722356;1
0.15131135114147612;0
0.16005212049111958;0
0.13559661933412173;1
0.20925701232583996;1
0.16112835712591952;0
0.18305797181116637;0
0.1423654683523336;0
0.7624350120089259;1
0.5078318771648606;0
0.6799077588012864;0
0.4061385997729269;0
0.6193413640872402;1
0.8329123838484057;1
0.8418329512330419;1
0.5111689689854537;1
0.8119024644881254;1
0.7335031757095717;0
0.800452938050928;1
0.8688943521325262;1
0.8101926253518105;0
0.8532934969653537;0
0.8378928971618259;0
0.8108690731378893;1
0.4432829655640144;1
0.7875882894629093;1
0.780326073169585;1
0.7893404178856925;1
0.7260515617459785;1
0.6236218176938627;1
0.8432056425677346;1
0.7914404605273497;0
0.6537984565537552;1
0.719438348498457;1
0.5174081576802111;1
0.7713837951361998;1
0.5084560681833047;0
0.8354733908630609;0
0.5326007503814164;1
0.7843387684633848;1
0.7316139784029431;1
0.5995486729873211;0
0.7576130157094989;1
0.6860650978627183;1
0.7491997191092457;1
0.7630222450152747;1
0.864458803509497;1
0.7324839491928873;1
0.44174656340626794;1
0.21745892729293176;0
0.3855597095737331;1
0.35544607456401056;0
0.35537749250015577;0
0.3435127208213855;0
0.42684376039241984;0
0.17387682602189333;0
0.22839241932834403;0
0.24140805701451998;0
0.20647019854952497;0
0.13863910438139346;0
0.23365105196180203;0
0.1805569355244651;0
0.17462271289128622;0
0.17173419285807928;0
0.5080954319279956;0
0.2643696347246158;0
0.2770237750965167;0
0.3246925657216831;0
0.2270153375710056;0
0.3162894534065468;0
0.26700715965086563;0
0.40300375894326396;0
0.3489208459483137;0
0.27854807931340236;0
0.41002575968683447;1
0.3277589039491071;0
0.18586893734134274;0
0.17368540450622813;0
0.12938903536035784;0
0.3138982762573768;1
0.34447687543749544;0
0.312518327715361;0
0.32358992118241076;1
0.4719892043635983;1
0.4224898193530722;0
0.24783331153200822;1
0.31022732277398835;1
0.20041765769273356;0
0.2543528065215705;0
0.24468295563539705;0
0.13980334867811467;0
0.19204010059627305;0
0.2048819597774658;0
0.29349085172974676;0
0.18966938831364571;0
0.32846086522493223;0
0.33327853637876925;0
0.28112595298725246;0
0.22446613724062875;1
0.5383728209679781;1
0.23629599168963403;0
0.27946734529696937;1
0.27921469893865375;1
0.2754593855566656;0
0.32281189129805504;0
0.24913620417717833;0
0.2146939672424758;0
0.35765245635722603;0
0.20938242006411947;0
0.26758119219471144;0
0.25231760767856126;0
0.28629657622456317;0
0.22892536080445322;0
0.32621651742231433;0
0.21595713152443466;0
0.33681799349642155;0
0.16890965964988164;0
0.35012440359160757;0
0.20980937479925113;0
0.28680151664426407;1
0.36176186906555363;0
0.21382074691092903;0
0.23319316419113922;0
0.22395381629817834;0
0.18460330088969742;0
0.1886685066332719;0
0.12694843141513856;0
0.13486478241839656;0
0.36450434317779373;1
0.23220731966135227;1
0.22070938292764536;0
0.21736634945018427;1
0.19582841369253512;0
0.46171160498476616;0
0.3216951689094776;0
0.309260160936181;0
0.14057584107508278;0
0.16837311725515147;0
0.1590049427981071;0
0.49431097218006476;1
0.7450728076865313;1
0.7426810297769145;0
0.7634866381644533;1
0.7572947362750735;1
0.7801040443890179;1
0.8252786479548818;0
0.5151555858642691;0
0.7134409458633624;1
0.7672529178912165;1
0.8101421861236445;1
0.661128890258708;1
0.5998993365528046;1
0.7773242188259287;1
0.7113405936756392;1
0.6913771349295084;1
0.683878435737103;0
0.818878810440085;1
0.7265800984659126;1
0.880885377795653;1
0.8154609812803107;1
0.7510028887253763;1
0.8094668216979543;1
0.5192324209868556;1
0.8911962017503562;1
0.8304433849285665;1
0.7053742857601709;1
0.7399842695598465;1
0.7140268914922021;1
0.8415593154666883;1
0.7934705080279663;1
0.7809210228649713;1
0.7513483210211045;1
0.5883768256847756;1
0.7503013712867171;1
0.6273706484644774;1
0.8370587459567335;1
0.8175634654220475;0
0.8851605131066038;1
0.8640772257294242;0
0.8937544171111493;1
0.7087208285298706;1
0.8197986025071307;1
0.5669366552354042;1
0.8004686984921078;1
0.7007085709866531;1
0.8142132662919708;1
0.7626570988040197;1
0.5661042072281665;1
0.7836723618979945;1
0.36079005152075433;0
0.3158359799452606;0
0.49079311213014176;0
0.29401938678172024;0
0.29212840217377145;0
0.32466876964406366;0
0.4031081344021141;0
0.4201800396230562;0
0.5680161051825234;0
0.656121704808143;1
0.6146424255753223;0
0.7959566076915349;0
0.649768463326521;0
0.35274604820041155;0
0.29761161680316917;0
0.2923357054174235;0
0.2923553204918494;0
0.46516510708267667;0
0.15639639893038773;0
0.11229662857148263;0
0.46511626009650175;0
0.15549145556157667;0
0.18525794579258933;0
0.4620924799741837;1
0.4714778938278448;1
0.2539397810671867;0
0.3301382975038886;0
0.3397648265900949;0
0.2847202397726033;0
0.2958159055656139;0
0.478155757083176;1
0.30099545899904645;0
0.2237528563858612;0
0.3878117823880291;0
0.30553465764682236;0
0.2649480178785925;0
0.42943711835735704;1
0.2523361623476494;0
0.33898907640557363;0
0.3928811271490252;0
0.4761182474850354;1
0.46502336597830973;1
0.48557618158035043;0
0.16703496508798454;1
0.1305632202611302;0
0.15220633149491622;0
0.11699527305109994;0
0.21420871680318948;1
0.15706947825672013;0
0.19040387439476222;0
0.14130848411019997;0
0.32426242696111224;0
0.18690762331574276;0
0.23605176649783471;0
0.26966931525147403;0
0.2736331778534388;1
0.3100400962106171;0
0.24006640397437132;0
0.22746207738260574;0
0.25459620670476885;0
0.3301641459674343;0
0.3392117035895089;0
0.17239257882842657;0
0.21759296116057247;0
0.31479682850192786;0
0.2955121733812691;0
0.32175240804243443;0
0.1795196043851176;0
0.16984571275238144;0
0.2510692564533821;0
0.42827617601779905;0
0.21688813397283535;0
0.1646843406200301;0
0.5068733863273043;0
0.7910571315200856;1
0.7116523013738992;0
0.833722185088667;1
0.6230652939287673;0
0.8409016635415559;0
0.42497694989783;0
0.3919633024718701;0
0.3479254287421092;0
0.7432773786094091;1
0.7155816282118467;1
0.7480312023837022;1
0.7766770314286975;1
0.7973420805160569;1
0.7357181721834809;1
0.8009813965918593;1
0.8496034986205075;1
0.7723567304586786;1
0.743657710981799;1
0.8146406911872797;1
0.8511187858616462;1
0.3456316921538501;0
0.7019397922306115;1
0.7747958205835561;1
0.7720377582852437;1
0.6778261329838744;1
0.5382493794508965;1
0.8148986170382343;1
0.769965523433612;1
0.21562663226107634;0
0.3156491961230785;0
0.16580230942409074;0
0.37542717595698705;0
0.1760100150545724;1
0.24392652464737868;0
0.2922419471466979;0
0.18246334763113586;0
0.22214931020133974;0
0.2496434770825241;0
0.2502287132851795;0
0.20278195204284233;0
0.48528194896642557;1
0.23607515845405475;0
0.28686551632018503;0
0.10650720764029852;0
0.24560456107413917;0
0.2566773727574252;0
0.2076509305477635;0
0.39876198610897007;0
0.3473401561889466;0
0.3648827190291017;0
0.1655818394175338;1
0.10680804415103641;0
0.16900848209674144;0
0.2671858158387114;0
0.14164183936435013;0
0.18453363467719658;0
0.4199867929955739;0
0.1991752441782005;0
0.2143728734281178;0
0.23466485031219655;0
0.16873139053389158;0
0.21225530573455254;0
0.11161608476759914;0
0.17010313666831536;0
0.125633451619009;0
0.17999681809809348;0
0.19827049011169331;0
0.33607898132979347;0
0.21227901562004114;0
0.17279897100760383;0
0.25884456417046864;0
0.30714651059457554;0
0.2911026043746562;0
0.2968036510461972;0
0.2174833641495877;0
0.17560364204131945;0
0.22199475961461837;0
0.1421069942280451;0
0.13229593779684373;0
0.1569573803769992;0
0.11115191441919296;0
0.1563854595374181;0
0.227980723849745;0
0.22307081485550748;0
0.21327890941823607;0
0.18178899205311208;0
0.21915505806539376;0
0.26907976876487416;0
0.16807972854300324;0
0.17189188425131968;0
0.267924055451744;0
0.25002134190089004;0
0.3172577422404034;0
0.35912404630508604;0
0.14388344027369207;0
0.2048162056638904;0
0.3504634535319921;0
0.3039605663428931;1
0.17709910277701865;0
0.40699388464864017;0
0.27626641844216315;1
0.22202576041932684;1
0.7972436347894392;1
0.7646125933957924;1
0.47154296148806124;1
0.4223040621522233;0
0.5690682949790462;0
0.5743039111286405;1
0.37438145629764125;0
0.3086360470912068;0
0.17185177966576404;0
0.203001220440316;0
0.22547206252578988;0
0.4049762681323701;0
0.3016730268125741;1
0.13642342105119973;0
0.2208686708307085;0
0.432952828368728;0
0.44277275494571094;0
0.1881886669548016;0
0.31171154244091537;1
0.30317700003368975;0
0.20883867776593634;0
0.3058743089994565;0
0.25605186034469907;0
0.1882226342458583;0
0.21263700201486144;0
0.3197936391376365;0
0.23007221191007693;0
0.26836858260621116;0
0.4153707255255564;1
0.30085771239563075;1
0.37539989502935933;1
0.3290622986649665;1
0.36622306073839755;1
0.26394736048304984;0
0.281466282200797;0
0.2462224612591443;0
0.18981911422845898;0
0.17657310722231323;0
0.32154953021660243;0
0.2503681589004005;0
0.3919255237579406;0
0.2579865083472479;0
0.40013060150750807;0
0.3910441066308243;0
0.32045235353886625;0
0.39701321199590045;0
0.2511279812338174;0
0.2063842342904499;0
0.4345888578172877;0
0.3413274200074582;0
0.2907760436155325;0
0.38441472537631943;0
0.2984600183032155;0
0.5331456166765176;0
0.33950148768859023;0
0.27885001920528085;0
0.26354022073184136;0
0.3589066491642832;0
0.2993421035148427;0
0.19651594556134078;0
0.29459125162528854;0
0.20051176535656243;0
0.3287055238329688;0
0.37105332808494407;0
0.2879612672833551;0
0.34731016903938416;0
0.2402292844884504;0
0.4305694291628804;0
0.3056217578576377;0
0.2607463833609817;0
0.4002755429776485;1
0.33913442367488944;1
0.3989658531992263;1
0.5603201640441358;1
0.5113265769343788;1
0.34270987395419683;1
0.40056884032620477;1
0.38156567377956163;0
0.31912977626365446;0
0.4077652390006076;0
0.4611517966965649;0
0.3916930346103287;1
0.34300872518682746;1
0.482273755352934;1
0.3723939139006006;0
0.6087715545642003;1
0.35340544056387185;1
0.3741906229296611;0
0.3059266024600836;1
0.32608893003263373;1
0.40008078465771313;1
0.48619065399681566;1
0.3294514908789758;0
0.4188976327388392;1
0.34857821923631943;0
0.23066397357383292;0
0.3711015227080685;1
0.34860658008135254;1
0.34458913839764443;0
0.3378275576691193;1
0.340186096571568;0
0.34739334079379586;0
0.30961389556038277;0
0.3523080753463726;0
0.326076517003762;0
0.2290949645955229;0
0.25311918377368453;0
0.15805454272390157;0
0.38891166518280573;0
0.4250804567101619;0
0.4647109373784191;0
0.41550334623582014;1
0.4703906592838556;1
0.40515714158205335;0
0.25799414335241083;0
0.19495166726155197;0
0.17570486316157582;0
0.16500692890937022;0
0.14175489387021467;0
0.2623459438763937;0
0.28024060032098924;0
0.29460780076504567;0
0.26134434726953215;0
0.14901346822614003;0
0.23707126600689718;0
0.36939966593903006;0
0.20926808323203558;0
0.2454639027484071;0
0.2534948084979484;0
0.7271832414470172;1
0.33409704319412276;0
0.33971669953080186;1
0.2403949223631431;0
0.13603424535122635;0
0.1635132330442884;0
0.4242209658290835;0
0.19124182937572468;0
0.16038019592408312;0
0.1783943538358745;0
0.20219196935191347;0
0.15895503730480104;0
0.1934519585306079;0
0.1881248073532488;0
0.15824403061332537;0
0.18886294482686283;1
0.13841605602265325;0
0.12525882765888469;0
0.14461092006649834;0
0.13856273060033647;0
0.157560717337633;0
0.1901201295651976;0
0.2116671360023409;0
0.2350808844890513;0
0.22826176658792033;0
0.16890311719860815;0
0.17418304690511283;0
0.14646376303756103;0
0.17841858622776982;0
0.20244715665206095;1
0.1457020080856081;0
0.25016926824150515;1
0.15650457968781056;0
0.31262327192653333;1
0.19851552476211531;0
0.16810447914809457;0
0.3882741792060145;1
0.2336928826818269;0
0.30834174144769766;1
0.31880544459428634;1
0.19041562057975378;0
0.19687627937510543;0
0.45097440061250793;0
0.5233478835392176;0
0.5810609788891385;0
0.3110663541825037;0
0.21601415591678885;1
0.34770550034859854;0
0.23393458576751966;0
0.5213339748363267;1
0.16631816575456282;0
0.3410480520989011;1
0.47485088238583284;1
0.3013625121022599;0
0.26289772210572937;1
0.3997664911633557;1
0.32303174802157875;0
0.18788064149662864;0
0.49371158624079386;1
0.35607902092259935;1
0.3469976008523189;1
0.3992879981773418;1
0.23176579852015666;0
0.12000441553339253;0
0.20474812899625708;0
0.16487996514689435;0
0.2863488834515373;1
0.32960807654792007;0
0.5653773684353196;1
0.24625659442039122;1
0.1878997519329584;0
0.16133269546148693;0
0.26272748083550096;1
0.26193683514295096;1
0.31289074434764913;0
0.3282220034792042;0
0.4917232455108492;1
0.1663594849875151;1
0.1866682805306171;1
0.27919304048279914;1
0.15400104228561065;0
0.18952217461349993;0
0.21619422930207777;0
0.19895714807169138;0
0.2400223027659305;0
0.1430064017778829;0
0.45875446071930354;1
0.4242004905332438;0
0.4107405853577219;0
0.512057987829691;0
0.096909509874749;0
0.2845873973761597;0
0.21108806957173415;0
0.20130072668017693;0
0.23030724910924188;0
0.3387947698713404;1
0.19937219201436837;0
0.1771532502828325;1
0.306100604576961;0
0.2977703564329611;0
0.10882715708173056;0
0.18068874833561138;0
0.1478259776419419;0
0.2186715974096025;0
0.20884107272366387;0
0.18792417402731168;0
0.17607631046728417;1
0.25626295534005655;1
0.1544331192453268;0
0.21473048017942137;1
0.14575462171337478;1
0.13588966137331895;0
0.2079951479874177;0
0.2906260066767586;1
0.24703781153093388;1
0.26821739725054655;0
0.1782375772393341;0
0.17321958181838334;1
0.2832268308962229;0
0.22837516827255652;0
0.2508101667567285;0
0.27826015254089265;1
0.26297118720243157;0
0.2288444065284679;1
0.17553342531005126;0
0.18346747129985425;0
0.3425896076895635;1
0.1923022496021099;1
0.2473306525856069;0
0.19769975782738008;0
0.1972353315789122;0
0.16882440036358243;0
0.23737083772305353;1
0.2510771217643089;1
0.11213644217713024;0
0.2786506762057311;0
0.28405309804676476;0
0.31717022618927093;0
0.37255151781876983;1
0.3410466835863525;0
0.17764245278590762;0
0.5389022295531668;1
0.2084352169996702;0
0.19445843021746348;0
0.10978769062053712;0
0.1503703918649348;1
0.5078387928946895;1
0.16254598589287342;0
0.29244106089125377;0
0.3521601397866212;0
0.2205904734294237;0
0.15502218227040246;0
0.2907919925562837;0
0.4288655090875926;1
0.2530401613407561;0
0.22295421234719257;0
0.2720215056315903;0
0.32423871947252336;0
0.3819085727328656;0
0.3238008818926426;1
0.2154797916814596;0
0.14117805829348326;0
0.2542993972209936;0
0.2534505401874255;0
0.35423923062488955;1
0.28126331978756236;0
0.3786405741900838;0
0.4077112599383429;0
0.28233649576639575;0
0.24214151441780926;0
0.3793382038254013;0
0.19239304417325476;0
0.12593419231227512;0
0.3147389123949751;0
0.2609883261616304;1
0.1417854363825895;0
0.4870336886660081;0
0.17317715098295258;0
0.27320828024147414;0
0.2644259188087448;0
0.28103356110825506;0
0.45006941713330295;1
0.3174708380464755;1
0.133449679367452;1
0.40973670099297627;0
0.29518135833771564;0
0.1636745412914621;1
0.4473689435861124;1
0.4158597395309078;1
0.36287961229245513;1
0.25281023633637556;1
0.1946562337369788;1
0.1855239784895845;0
0.27999608678380095;0
0.12288394607725789;0
0.22427000211081555;0
0.28307044242911716;0
0.32263484856102076;0
0.45645560460611534;0
0.2720229576146752;0
0.2607328253735727;0
0.8054001554415888;1
0.46472931834889303;0
0.4156129720086106;0
0.47167492927743154;0
0.46044112197512;0
0.43498240686889167;0
0.5431249259441956;0
0.5090058962015003;0
0.21184906227254016;0
0.4349065178943023;0
0.3765856333915402;0
0.4002269348009793;0
0.14477936922514997;0
0.2544109791152977;0
0.1906855033691481;0
0.1841761487680124;0
0.26603658755179066;0
0.20070956450229083;0
0.15292434022769724;0
0.08117002553762472;0
0.21182198001518726;0
0.4514582984580473;0
0.2502922877470325;0
0.34133776900008894;0
0.12022892039709983;0
0.23877074530995107;0
0.25504702235804433;0
0.1566743492158719;0
0.1501704275294115;0
0.2945857192639442;0
0.21362704573163374;0
0.1437026493010018;0
0.16738866881365014;0
0.1557202884228611;0
0.15472963324109185;0
0.22946254217445505;0
0.3062287239862683;0
0.23273051581944706;0
0.15148304958760778;0
0.25435988640670837;0
0.2197972498292919;0
0.3003672605326221;0
0.19321868047860535;0
0.16442561835569164;0
0.11694801957690154;0
0.16058941310033453;0
0.21050406070843414;0
0.23246851445074015;0
0.23974596545080573;0
0.3553993029353158;0
0.1301196275360046;0
0.16403011405412626;0
0.1362928196892326;0
0.2559779752140221;0
0.12015836872799332;0
0.17520269202063132;0
0.22583358702754824;1
0.1318065320918539;0
0.29767378301586767;0
0.276205216036503;0
0.41300508675646197;1
0.31232041833983376;0
0.5191862354295523;0
0.30156420937045564;0
0.379619989470235;0
0.4380316363755384;0
0.5933726459278593;0
0.24007601494611053;0
0.23892171152433983;0
0.3558559710938901;0
0.3254228981824425;0
0.34269091488841685;0
0.3352441071883189;1
0.43192895335276943;1
0.4949823264910665;0
0.31774473298518846;1
0.34917544399579864;0
0.2821238259490915;0
0.38389329896931823;0
0.4677242009126493;1
0.4249343219832377;0
0.415867346505141;1
0.39682537016591285;1
0.6773601208201082;1
0.5691879843391174;1
0.4465029809744531;1
0.45810227626756606;1
0.5784319811774651;0
0.40620630451684864;0
0.16143651423048783;0
0.15902814143963695;0
0.11834742123417859;0
0.16954773960689407;0
0.23755896828653528;0
0.30670952598282586;0
0.1420727715366696;0
0.1361523394170608;0
0.11341459210637483;1
0.18822483452100927;0
0.5642847991805557;1
0.5199391238614772;1
0.5920827331394017;0
0.45122910283299045;1
0.504149775574655;1
0.5705652305331489;1
0.6633801240891973;1
0.4938775483407673;1
0.4736130768020777;0
0.6477938190828756;1
0.5774387242596879;0
0.46935939067514204;1
0.5078261082903427;1
0.5196321032614087;0
0.6252951271182694;1
0.3779936570123327;1
0.4071025428195793;1
0.38651653775332395;0
0.6329649562593986;1
0.6051177637149963;1
0.44615281108190785;0
0.5977970017267791;1
0.40843626044998116;0
0.531569046999902;1
0.6953818230803516;1
0.4874327528951592;0
0.48291250399140095;0
0.5148269051306427;1
0.642812740827547;1
0.45616360121536126;1
0.5196927039483941;1
0.7059168073476157;1
0.4935827652330937;0
0.4127195942249143;0
0.6909065282477037;1
0.4413169749202854;0
0.4814706543811243;0
0.6393854433278645;1
0.716571297338642;0
0.42912639740744196;0
0.5506413094107281;0
0.44226200929421194;1
0.2771567907339686;0
0.2714229105754612;0
0.18939149503469976;1
0.26172186020550714;0
0.2132486940892289;0
0.14094802637887024;1
0.28075205042185564;1
0.31470738810241633;0
0.2021976942267494;0
0.2324332869939713;0
0.19171205217995696;0
0.1229388594721721;0
0.26661750033961507;1
0.13003623801076672;0
0.21453950395041838;0
0.21830142960386345;1
0.5003412744039362;0
0.5581642199111084;0
0.5025086807681355;0
0.5754700498079267;0
0.4556661870238635;0
0.5298520567635008;0
0.5531213537486519;0
0.47755091244824344;1
0.604561579855323;1
0.5217474008724721;1
0.3226706608272509;1
0.2585161108897145;0
0.142171285098914;0
0.25154365113638866;0
0.1735974602826892;0
0.41785462630094256;1
0.2194272775329151;0
0.6396307625261222;0
0.423133698696653;0
0.32238503725762974;0
0.5686655461200053;1
0.3410143148043127;1
0.21467601620637786;1
0.1711569626874915;0
0.44898723188620104;1
0.359044417369198;0
0.8326197622904153;1
0.28183127379226225;0
0.5305873794825404;1
0.6265497271318126;1
0.43809088529971085;1
0.37669847500850145;1
0.245869936195348;0
0.7012532166888191;1
0.475059818451639;1
0.5940403197129195;1
0.37707360628852865;0
0.6786625312648199;1
0.214523043019851;0
0.31191523734851145;0
0.2622216243047645;0
0.7512577143917925;1
0.28104763576730063;0
0.6266138928019571;0
0.2875753439245531;0
0.26980297919581436;0
0.6501609255294833;1
0.25195347112390687;0
0.453333624322459;1
0.42494482309316534;0
0.34326907150446545;0
0.6335414488069445;1
0.27192432170030517;0
0.5750428748221638;1
0.2878977915749496;1
0.6519078483947761;1
0.26640842865777226;0
0.29019678080305306;0
0.7323122676663072;1
0.5826511525025623;1
0.355956498434269;0
0.7790925399152514;1
0.44108841332877785;0
0.45415228164879673;1
0.32226235127781705;0
0.5696123123243768;1
0.37807456422184404;0
0.58183721052901;1
0.6019912338683401;1
0.6143625533103464;1
0.42484651080653435;0
0.40194986570676144;0
0.23202922763020276;0
0.3041704242121619;0
0.5620296869849349;0
0.18708840953654257;0
0.21402054837239406;0
0.48350198016916923;1
0.6552454830949102;1
0.5866110388021677;1
0.7269375361329896;1
0.5662276907302822;1
0.23163972069753977;0
0.6368389999553875;1
0.24285127546163626;0
0.4606217172953243;1
0.3130116741630692;0
0.21660343830166337;0
0.49189912146568815;1
0.2992295093201602;0
0.21426164116297786;0
0.4248772450423683;0
0.23739107608372356;0
0.49028809314048266;1
0.1892468454403518;0
0.30247440938686193;1
0.4555479026796248;1
0.12983467080949446;0
0.11511651568686555;1
0.1932649181136838;0
0.2569413935347477;0
0.328280660811764;1
0.3384524983621447;0
0.3299426432009943;1
0.15065680397773082;0
0.1756584205848308;1
0.1556961074443633;1
0.2724406238887546;0
0.15965220635317406;0
0.2772520939476799;0
0.2552390396582426;0
0.30823321598079195;0
0.15247538272773017;0
0.2244891785222886;0
0.2427991814327379;0
0.33269894378190773;0
0.4988216455339452;1
0.6668371004717457;1
0.29427964796090256;0
0.30225164032574675;0
0.29127022699260424;0
0.4124701609343705;0
0.4138496960048198;0
0.4111611501498611;0
0.43448100327156164;0
0.42769664693986437;0
0.305351484628632;0
0.266204955315983;0
0.36713974809628924;0
0.6309964449019316;1
0.3129688141304656;0
0.3210396593191598;0
0.4189819357167969;0
0.29390556183417826;0
0.33085236366479454;0
0.3310797849241994;0
0.2901918047433744;1
0.19812883544476978;0
0.3927783775136355;0
0.6870897708563439;1
0.7767229120535781;1
0.4061183878687572;0
0.4293610139401498;0
0.48116851660185345;0
0.20202802495189567;0
0.20655909140000864;0
0.16937518381225128;0
0.16733045772290317;0
0.1410821469775137;0
0.2962496269397023;0
0.16513366003543142;0
0.37026731262826446;0
0.3041015379504983;0
0.3169339947162491;0
0.17973409551801545;0
0.17529143779186684;0
0.14266673676977795;0
0.173618425362538;0
0.18080427085809705;0
0.30531669809795053;0
0.1605328075993611;0
0.23078954225677456;0
0.25792485232602985;1
0.12704329032316544;0
0.18153929980802877;0
0.38220159128320563;1
0.19985903154188944;1
0.19271078258452518;1
0.13101221869159685;0
0.188254801779673;0
0.13575478573183364;0
0.29037147989985485;0
0.10891757259298082;0
0.0854068899925281;0
0.4772494471743436;1
0.5606143115374772;0
0.44437551522535107;1
0.31762561591080635;0
0.5671196381835193;1
0.43259727777406465;0
0.25095170112450277;0
0.3578986243373631;1
0.455472418099666;1
0.5234690987824974;0
0.6538712630650361;0
0.6859179150936574;1
0.14315675847095405;0
0.1045045970844156;0
0.17464220218123266;0
0.11625006567433319;0
0.13983220881782008;0
0.27703538372105546;0
0.4373027727015059;0
0.2731211522721323;0
0.30088562767301724;0
0.21715131967592058;1
0.24289558754873122;0
0.42086642414101577;1
0.28366194884474943;0
0.1280033060963685;0
0.45770370182042514;1
0.4494774497757739;1
0.15225561310157373;0
0.3262967936927753;0
0.39852623269029064;1
0.12584766003760361;0
0.3039614405006756;0
0.33779703232748587;0
0.40968098073707593;0
0.28284676504687617;0
0.41107296050450504;1
0.32698343130375584;1
0.40719693653808964;1
0.3504541699514551;0
0.38514578086251394;0
0.2952958407852508;0
0.37253188324648906;0
0.47302582528176074;0
0.6781878181340598;0
0.6893849673034163;0
0.7782473017399636;1
0.5910908832222063;1
0.20062063115270873;0
0.26922314936124064;0
0.1710441311283362;0
0.2546545221740771;0
0.14885864635799326;0
0.24250577672879994;0
0.2308037540353283;0
0.18059263061977668;0
0.2593605314861256;0
0.43478183565081047;0
0.1446667783753463;0
0.15227105546344052;0
0.12313387994309838;0
0.10730636582466868;0
0.11041438444884476;0
0.130002503744372;0
0.268060302383783;1
0.2456386704390098;1
0.3757473251406189;0
0.21330001051101152;0
0.19689352747364794;1
0.17810990304607718;0
0.3108340513358258;1
0.4076980321566958;0
0.2692770934460069;0
0.1858712463727749;0
0.1743956517921462;0
0.2547967239027896;0
0.25363214993719424;1
0.2626269736432542;0
0.5189984384556318;1
0.17418819125130125;0
0.16657911317172425;0
0.2052047412180032;0
0.2919289164028109;0
0.15876491264985376;0
0.1934324420093099;0
0.231991138382336;1
0.40122439431622553;0
0.29377670271406686;0
0.2534133716572013;1
0.18593292901511405;0
0.21739024864236253;0
0.1933853878400321;0
0.5105419104627658;0
0.39062345976945834;1
0.18901960487513922;0
0.24507690707899257;0
0.34438587257584313;0
0.1655668560637919;0
0.19196175927987502;0
0.19047978720084285;0
0.2335774994558928;0
0.2702102341697187;0
0.13592033995124989;0
0.16045692216345542;0
0.2021951294321322;1
0.2776526431916165;0
0.260646829488588;1
0.2831440088986985;0
0.3622260896322046;1
0.3477007063438187;1
0.3978932131717793;1
0.2703248727435294;0
0.13886739422081598;0
0.11430562952577095;0
0.5096708784901357;0
0.4411519624038394;0
0.4866070936437884;0
0.562363806018018;1
0.4183700352017811;0
0.43780487870407714;0
0.5752781161173867;1
0.616407418777894;0
0.39515749768345826;0
0.4941652452316806;0
0.3643826441281737;0
0.33280640247845067;0
0.5141542858749973;0
0.40020048446366063;0
0.546949506003915;1
0.5790868306944145;0
0.49747111496387825;0
0.5986594154571903;0
0.47054176814309345;1
0.16715074227450633;0
0.3248615599904188;0
0.1115548971819263;0
0.10698548778035503;0
0.2009510795660152;0
0.34270961849976683;0
0.2448285153520293;0
0.26970651620363106;0
0.2240492999517232;1
0.20263793004583594;0
0.24677877191485384;0
0.22587615752494372;0
0.3710199409577115;1
0.2323388414932715;0
0.19385234333564746;0
0.2230758097963043;0
0.2361558669225369;1
0.35161931853697465;0
0.4749639316092378;0
0.23937330650491515;0
0.16893966214392733;0
0.2600590195712878;0
0.4021930546595557;0
0.5818561182051131;1
0.21702021893898696;1
0.20345397965715556;0
0.2271768692824447;0
0.3151516352067523;1
0.19978748206359392;0
0.18886938929378738;0
0.2486529309115827;0
0.18034515734090087;0
0.12392514355837504;0
0.13672188380639258;0
0.2104286320135612;0
0.20448852805942322;0
0.2794325137357724;0
0.2356304438474951;0
0.19257307546395735;0
0.25111447152237326;0
0.2406232470642205;1
0.326921490788995;0
0.17065630139863083;0
0.1967896928008975;0
0.2524648321454201;0
0.18242612058619917;0
0.24874385750611913;0
0.16643938902900662;0
0.15312232461512382;0
0.237976741496973;1
0.32170363616514275;1
0.29899727207916726;1
0.4995452645452971;0
0.4571462219721723;1
0.5191253370104666;1
0.3474629061021036;0
0.3763576893945846;0
0.4359652923814699;1
0.46707924366724696;1
0.24126813803706237;0
0.5172544462583863;1
0.43048947990998326;1
0.5457991919176546;1
0.5751945153178516;1
0.5489102135810316;1
0.5869756140205542;1
0.31575378679756894;0
0.35576654356450144;0
0.11669999169723369;0
0.173382989540887;0
0.16632423616845646;0
0.12450689737228092;0
0.11343957024854501;0
0.17919070361086523;0
0.21516673385933166;0
0.18776757444305403;1
0.3561868193178297;0
0.1157469916667211;0
0.1411420222662611;0
0.1795524348761872;0
0.23810088678446384;1
0.22879836770814854;1
0.206272056749141;0
0.24753282840098229;1
0.49183968565673253;1
0.14378075822229625;0
0.3136111844699315;1
0.17858156909777617;0
0.32498824806195425;1
0.3939061531171037;1
0.42134649125997337;0
0.47617705806163246;1
0.5175679180493666;1
0.5292843039932523;0
0.2781498116831678;0
0.2824490681213142;0
0.3966373388519137;0
0.26290309866654954;0
0.2165054474325406;0
0.22275931090410578;0
0.13833811439962418;0
0.18437826066544366;0
0.1986528695449466;1
0.1291135481373476;0
0.2142506272891527;0
0.21991729700117324;1
0.1617774314789303;0
0.14144129959025104;0
0.16930931336595406;0
0.2818362801306308;1
0.20623999161568035;0
0.3174937398559052;1
0.1803509068858685;0
0.3287723935896656;1
0.21517675326640132;1
0.21430291709988392;0
0.17802227948365137;0
0.14295509401819018;0
0.23760867928110962;0
0.2921052098829653;1
0.1542603701227388;0
0.19148323019103658;1
0.13577910704870957;0
0.1795309052007323;0
0.37729152127732474;1
0.2000632886616908;0
0.17575728810871122;0
0.21177001882043972;0
0.32118304776723217;1
0.18696584707030578;0
0.2723899792072422;1
0.23252713033105452;0
0.1937062600481188;1
0.3476562666436509;0
0.17649275077639925;0
0.24076876136789954;0
0.25880476923153656;0
0.30749310494637966;0
0.1409104038040247;0
0.10272992482426518;0
0.21865550335681797;0
0.13649587523457737;0
0.2601431962629889;0
0.16480082814402708;0
0.2819990539369569;1
0.3019896228685212;0
0.1903862654758602;1
0.26246165151882855;0
0.2665043080394124;0
0.16161649561765243;0
0.31257518728007616;0
0.2227886422128915;0
0.1863097574046798;0
0.14052944837091796;0
0.14978297148637587;0
0.17840449469746095;0
0.2561715952015112;0
0.15716651153937805;0
0.1902019268088527;0
0.2562250695381804;0
0.2528417642443009;0
0.18253136132119832;1
0.14845921146177138;0
0.1614527410110201;0
0.2427022028283458;0
0.2510517538420352;1
0.16954244810272087;0
0.1985894497737607;0
0.2500669793506718;0
0.286121858252396;1
0.21063666589512647;0
0.39848031377115006;0
0.2122699891100456;1
0.27448549732755173;0
0.15872931325467604;0
0.2805047110140153;0
0.2538755781374553;0
0.21031750842313937;1
0.3568382658448128;0
0.41915675620917137;1
0.1837422499079474;0
0.3681849276686092;1
0.38510572125786025;1
0.4764602267250337;1
0.5622681827097096;1
0.3891985043733964;0
0.232404952979523;0
0.358602001017293;0
0.21921182861590868;0
0.3741313988476864;0
0.715315814655311;1
0.7120870296511496;1
0.4353506758288254;1
0.7732673766096929;0
0.7606103660901546;1
0.8294582034884243;1
0.7121034286468189;1
0.6799008713564133;1
0.7563642819307849;1
0.1422182012932764;0
0.3467062693873371;0
0.28761166079074785;0
0.5646339957113004;0
0.28128788062276033;0
0.49890372259956495;1
0.48966945243858406;1
0.43067998087991466;0
0.5726132182982531;1
0.5644163629483934;1
0.5660301599096026;1
0.47164031715067256;0
0.44002837267640654;0
0.5157006044061874;1
0.4833638375556229;1
0.4963539783318238;1
0.5649560201244062;0
0.18295842938923698;0
0.134653459532097;0
0.2258278661969413;0
0.380254853097177;0
0.7744785250130651;1
0.7361483945631718;1
0.6438206159508084;0
0.7362413949534878;1
0.8583110654760611;1
0.7254656255103408;1
0.5672953803077694;1
0.8178325861691896;1
0.7866222210815497;1
0.8167132554588072;1
0.6968826170688571;1
0.7891622274002933;1
0.7934673478222541;1
0.6343838527984081;1
0.7551993768534547;1
0.7067369001559031;1
0.6609305827373652;1
0.2296199492022844;0
0.3342934151104004;0
0.5635429675063437;1
0.6093168282193534;1
0.45452312083614854;0
0.43751822933060763;1
0.5130620017464763;1
0.4498299457314237;1
0.4631614712721262;1
0.6360418143123706;1
0.41383354971461334;1
0.3246868099280073;0
0.32573721461721333;0
0.17814112728768033;0
0.4803608565226041;1
0.23668317675293643;0
0.38838596308249396;1
0.2362885012222983;0
0.20725773674738054;0
0.20509659091844762;0
0.26901368201394976;1
0.22188862510617843;1
0.2422923254723065;1
0.14062926523739344;0
0.12654005730259368;0
0.16619459352622307;0
0.21147278455089008;0
0.4159764074977456;0
0.32858368974887386;0
0.22300330719078995;0
0.13939422907240784;0
0.38038382283083866;1
0.4227802521052601;0
0.5097691506040639;1
0.5437878419618365;1
0.4558533858416768;0
0.5839719711234018;1
0.4281935158296074;0
0.7046055245512309;1
0.2821786185502309;0
0.29630755239097367;1
0.38762250738301574;0
0.296140351893381;0
0.4148921153089948;0
0.524224558156215;1
0.1406774271083307;0
0.12520113919502884;0
0.30770169755966026;0
0.29639580505636964;1
0.3685275027608242;1
0.283624440806996;0
0.3084237096217508;0
0.15976157037015087;0
0.1555250401921721;0
0.20753006864535645;0
0.4004661084353056;0
0.17999324738313133;1
0.1033414540582433;1
0.15998438989314426;0
0.10978567717979205;0
0.11938898177662685;0
0.33545485885935106;1
0.2554765519078716;0
0.16779386120357104;0
0.1749831018463096;0
0.5063680801924487;1
0.23769972807557765;0
0.18161478352883917;0
0.37160562708488104;0
0.2912374198507504;0
0.21569518986698666;0
0.2255676280643615;1
0.1980925091520474;0
0.21859349202218487;1
0.17631809860976508;1
0.28789641907973773;0
0.28004107575415277;0
0.22568264596479937;1
0.2310193176716232;0
0.3568159112592783;0
0.24140319876991534;1
0.4209995628767303;0
0.2669153770310592;1
0.2870284524753533;1
0.2852758239279989;0
0.4269568647271216;1
0.5179425892732781;1
0.256336878301452;1
0.21536070646456232;0
0.36914344627319823;0
0.3797241107209384;1
0.30895151945850413;1
0.22623907921194747;1
0.33031476369589763;0
0.3054619843165145;1
0.3072718463757929;0
0.2445378754472259;0
0.22523132208576038;0
0.1955618657656484;0
0.2777205705828753;0
0.4112153974609622;0
0.1861346256638958;0
0.2891236761838007;1
0.26617504126202673;1
0.2599775973638634;1
0.2796583188187228;1
0.28786456447027203;0
0.22726610780761852;0
0.3183850118886313;0
0.3112703239657658;0
0.6309163121066389;1
0.37012602530661465;0
0.19850857018873805;0
0.13239641346980527;0
0.1676394110074975;0
0.20601480708558564;0
0.1425396204971155;0
0.11827546246206602;0
0.22092452770727747;0
0.18160725407945502;0
0.3001933195693159;0
0.43282605905246296;1
0.2102124854284014;0
0.1590741573780939;0
0.2059991615079699;0
0.22375750939742464;1
0.16279943340190844;0
0.12799285178249606;0
0.13560027456289597;0
0.41349344221496254;1
0.33830802971804397;1
0.13867916860980117;0
0.14860988983433895;0
0.38647092211364464;0
0.28122828157293256;0
0.3601388598728401;0
0.3774027549780903;0
0.43367154871260616;1
0.3796964455997427;1
0.4704672797781706;1
0.5487070285031598;0
0.6376104640477955;0
0.1581720214554154;0
0.29993864684991267;0
0.26424604174913646;0
0.1644674061621386;0
0.15666318933198667;0
0.19404366241422588;0
0.5249519678616789;1
0.3099818327146585;0
0.23550946230986528;0
0.22309279644946214;0
0.4028771483479768;0
0.8573590669280629;1
0.6499190359100672;1
0.7303187872342327;1
0.13139127544967605;0
0.25219258790064186;0
0.4018544883355336;0
0.7820753077473706;1
0.6555090279371351;1
0.20967343735854171;0
0.2667615488419987;1
0.2686053145374945;0
0.22509599728401744;0
0.17893461523271698;1
0.2883134204691931;1
0.2663172773312005;1
0.2015398913675425;0
0.16580312071350226;0
0.2900787903505825;0
0.29694949854913666;0
0.19658386888193083;0
0.1738951357426374;1
0.2626550606406235;1
0.13557261658034328;0
0.3203348196312901;0
0.17297316686836317;0
0.4130400839715639;0
0.21358491612376773;1
0.22884980983822734;0
0.340062063802169;0
0.2169735616847239;0
0.19010703681860522;1
0.30938770378447933;1
0.3943569832933958;1
0.16716100297510633;1
0.2585293431028698;1
0.45538870708977347;1
0.509339281003357;0
0.4273391478829243;0
0.533706407964913;0
0.2593804215721814;0
0.12308242424484446;0
0.20887082118533065;0
0.12394926296553241;0
0.25322161061136544;0
0.17041969307680713;0
0.5521707217352324;0
0.42746985950228117;0
0.3119601457742063;1
0.3407363827706829;0
0.3170084634181474;0
0.6958540989853771;1
0.7384936742109433;1
0.6351582717417618;1
0.45227767344121467;0
0.445120384501784;0
0.40120098432252027;0
0.5630077588543797;0
0.3781738863321106;0
0.27591466435154866;0
0.23065002307380492;0
0.11509609294144153;0
0.22831952891175497;0
0.43060752903272576;0
0.2529759052555683;0
0.2382936697673345;0
0.210217109753268;0
0.11960067327826991;0
0.1808439786632156;0
0.1647054987411534;0
0.15662157434868368;0
0.21720447203374701;1
0.2675143364133621;0
0.19669691716037835;0
0.5142004022247868;1
0.18446277129160335;1
0.20943973230234064;0
0.37011554730911017;1
0.3726727471140958;0
0.2640547783051704;1
0.3223584290019032;1
0.276597897854636;1
0.27205119140257394;0
0.37736678341157964;1
0.13822130093251783;1
0.2964590938331097;0
0.2576039354389615;0
0.21833915136079954;1
0.5414185907709246;0
0.22032998496477557;0
0.22815382338735296;0
0.20871148146433577;0
0.26914434396620485;0
0.314100349308763;1
0.29164318371926595;0
0.1934564360532564;1
0.3434337291922142;1
0.20708767651935214;0
0.2097436304750164;0
0.1542907380917433;0
0.22074844575002645;0
0.29203322359056194;1
0.23989025367415928;0
0.2429561367386937;0
0.26703405734464203;0
0.20654649895450364;0
0.2397765013299774;0
0.5440360425596087;1
0.5161144865607283;1
0.5629704539111556;1
0.6041090004844982;1
0.30687992622634386;0
0.5286880855708527;0
0.1535040432073528;0
0.13931897902941756;0
0.13553518598581374;0
0.10762400446987157;0
0.12892166082232276;0
0.17308318841264544;0
0.16045574942789304;0
0.11989251442758418;0
0.48099415004320156;0
0.4023913047874291;0
0.581981173201271;1
0.5506480121408855;1
0.5772475981833013;1
0.48858681025968315;1
0.6838623493699921;1
0.325210490926629;0
0.27080933459840617;0
0.39599759273053053;0
0.23564745665981524;0
0.3961944934844178;0
0.49610182334730724;1
0.3187298691091783;0
0.5146351484097828;1
0.3757276856749818;1
0.3560573118736608;1
0.39378575850099734;1
0.2603825104717584;0
0.546637906417352;1
