pred;y01
0.13905959390441497;0
0.12313312569397432;0
0.13189567823991252;0
0.13877240797939722;0
0.34448797225536637;0
0.2200690145844106;0
0.1745487704098616;0
0.200860473832754;0
0.368146156707013;1
0.12447646180673526;0
0.14173481164657664;0
0.25964224060180774;0
0.185410522122544;1
0.2571480047638132;1
0.17145215162734656;0
0.2650459209088799;0
0.20097160887251211;1
0.14383964627568932;0
0.13607145233723741;0
0.1678050383215218;0
0.1416247593618069;1
0.17618081665643623;1
0.12625618480864467;1
0.18759519607758837;1
0.15499443392292883;0
0.32105416787123736;0
0.5065415558323039;1
0.201425350336147;1
0.1858369362468197;0
0.22293602422562056;0
0.18941264391576276;0
0.35668619979436544;0
0.2823433670367136;0
0.40392806794635416;0
0.29027433397510644;1
0.32185365919834313;1
0.4314552614423084;1
0.3714307815346296;0
0.3748394338955212;0
0.17474532037642893;0
0.16598967621442334;0
0.18134839162823077;0
0.3614503390615852;1
0.3819982421843437;1
0.33048384489389415;1
0.319720049042009;0
0.3764120282514068;1
0.2420476360014516;1
0.2979984935952856;1
0.4258342290123584;0
0.26780348232840584;0
0.2653486273851413;0
0.34556571981549167;0
0.4187854254176549;0
0.4338077131442856;1
0.19596332134265143;0
0.22061539747928804;0
0.35296124969809295;1
0.49360082079106643;1
0.22706413166858574;0
0.16864795378043215;1
0.40541501901374494;0
0.1576011778571727;0
0.4836653811205172;0
0.17428020687057788;0
0.2039951025115556;0
0.19781711335575242;0
0.12624365297042922;0
0.1305468703694865;0
0.163220997765951;0
0.11999991484557958;1
0.173364899703309;0
0.27984761517194884;0
0.33604520876267646;1
0.21682819247981477;0
0.26050763458820936;0
0.3484384920282275;0
0.5090209017238974;1
0.2507632158981616;1
0.28088092566614337;0
0.6149506482601693;1
0.3566418275337492;1
0.42351651867781337;1
0.3778952069069629;1
0.3734986030889724;1
0.46075728552492096;1
0.46753948293329173;1
0.32515993277329514;1
0.5793723943072977;1
0.34651149697780503;1
0.539338981131774;1
0.2900106487197246;0
0.32214072766999013;0
0.5114166496006246;1
0.4325278820685524;0
0.32167438820796834;1
0.376390062632616;0
0.31712295770103843;1
0.3564106659361355;0
0.20460294072036894;0
0.3700823687490016;1
0.43933469389186053;1
0.20133486626968541;1
0.39091973065554214;0
0.40188833250958217;0
0.327086476815151;0
0.24241539303628593;0
0.15634174084266228;0
0.13227970387452248;0
0.5177190803228146;1
0.24304894074171718;1
0.4617156603263594;1
0.3929845744700309;1
0.38135525746003873;0
0.4603831848644647;1
0.3464541277457274;1
0.27319385812562386;0
0.3160780064956574;1
0.3775431962755404;0
0.3572001019172912;0
0.11935271076799339;0
0.08872955179975425;0
0.33379023443488787;1
0.1712832540890304;1
0.20135815277881405;1
0.247982699101571;0
0.2227622281896605;0
0.1549628527163614;0
0.22144672177066035;0
0.16854723761420043;0
0.29413438179717377;0
0.2818163130006198;0
0.28017160532685914;1
0.1929049724171618;0
0.13314522405751664;0
0.19220103799046362;0
0.40140214174759964;1
0.2559711896473558;0
0.5554327536440505;1
0.5224211763352474;1
0.5340986670264488;1
0.3824871906174581;0
0.512945620530581;1
0.3902440975807658;1
0.5536999643392883;1
0.608913336865861;1
0.46775923615644144;0
0.48446151653467745;1
0.4543349637775327;1
0.4478141133625338;1
0.26559402684502126;1
0.35765975887137463;1
0.43284695705683013;1
0.6008167361733044;1
0.5114986592539181;1
0.4907468002739116;0
0.7004182264063368;1
0.4259372922620106;1
0.405607930079047;0
0.3612413566440396;1
0.6149756879968611;1
0.7334182922779185;1
0.5161037948759134;1
0.5970256227907674;0
0.6014013631384749;0
0.7364494718905553;1
0.47181868598237214;1
0.6760369978467894;1
0.3319992297837912;0
0.35658914868390684;1
0.3565621333446137;0
0.1351101212899666;0
0.22372074058192146;0
0.1759558587934796;0
0.1994837621540409;0
0.20359405934862881;0
0.2060938602168544;0
0.18839671648957268;1
0.4158595838329285;0
0.16221565767163137;0
0.23029192489458442;1
0.23489238476023183;0
0.3025155309820761;0
0.21337230764224172;0
0.1428027817503298;0
0.3002968513739038;1
0.17933792016719924;0
0.25332115636539343;1
0.16434666809919996;0
0.2577810572293762;0
0.22181432762988318;0
0.304944018599968;1
0.19319807089625365;0
0.3299167747887276;0
0.30072033804730763;1
0.22390155199094375;0
0.12611589152943453;1
0.41998653255892465;0
0.3383807404177795;0
0.18701861360546895;0
0.11758094457593307;0
0.1278644452085942;0
0.22323665644057702;0
0.09959090984999075;0
0.08056108080330165;0
0.17553331348340365;0
0.15838114122079597;0
0.13059192062743255;0
0.16674501188999846;0
0.1621813291080607;0
0.1207874415381184;0
0.10404631607779172;0
0.1391134967605663;0
0.22759707691764022;0
0.24027667455080978;0
0.17984089011918208;0
0.12653333077552187;0
0.23843206071050882;0
0.1968180789387526;0
0.088230484879828;1
0.12284072404580446;0
0.14085573264545748;1
0.15804759775648075;0
0.20616953990033415;0
0.12285266522717665;0
0.3840608035043346;0
0.41986895526373874;0
0.30411427408579106;0
0.3426778831676674;0
0.12711502928136578;0
0.12427578010519712;0
0.19760637999125907;0
0.18261518366047388;0
0.19647911314710614;0
0.13173161721045012;0
0.10873195691201733;1
0.2115143762725861;0
0.27077817691569295;1
0.20499898796623992;1
0.13241430590296183;0
0.27105235962576935;0
0.1918175124542148;0
0.16674328475232858;0
0.131828184151025;0
0.1980213397048013;0
0.2971211890609789;1
0.3807830886291114;0
0.2760883086688274;1
0.21678528356411075;1
0.2325810786182309;0
0.24134081489306342;1
0.14430248059563447;0
0.19644360205038827;1
0.31411659035099554;1
0.21367823286825055;1
0.18688038755741007;0
0.18453672735460624;0
0.21075102637018234;0
0.22091740764333043;0
0.19344202048278164;0
0.17887894930689063;0
0.3020656005676938;0
0.11317688404149226;0
0.11619700440096502;0
0.22065053731816373;0
0.15312396323642583;0
0.32606416718787573;0
0.21995755266455966;0
0.13432392419913483;0
0.13768112903246374;0
0.17224909950391545;0
0.13743777861350231;0
0.19196062873139372;0
0.18398895713561345;0
0.1315378284908332;0
0.17604978871562804;0
0.24262202513813014;0
0.17806860634624727;0
0.24762756726191995;0
0.14137219032147347;0
0.2252876844123308;0
0.13095543662910042;0
0.09858441095079029;0
0.21035334695292976;1
0.1930617202480736;0
0.21249183695966012;0
0.2041161306520144;1
0.22166431715195703;0
0.16961189671149887;1
0.2600047743476868;0
0.1147874162001925;1
0.21049148657642583;1
0.18938642889386842;0
0.3310281252961908;0
0.14928771483463807;1
0.256136612580306;0
0.33688788266411057;1
0.2588430178494242;0
0.16538200418422785;0
0.364346207662436;0
0.45722776331098486;0
0.17818416975687007;0
0.3429983597132514;0
0.7132787080331436;0
0.7741472033537237;0
0.6989104555231401;0
0.5823627939583487;0
0.6931075192337488;0
0.3664192675058277;0
0.4026686249033593;0
0.6495194486813505;0
0.37268927010965125;0
0.6291216946320859;0
0.7297166910725664;0
0.45164922809602187;0
0.2920599377679694;0
0.23488565897902752;0
0.2724730160199082;0
0.10339391249549544;0
0.2068540065867374;0
0.24734766831576763;0
0.3189970176736608;0
0.3471802147193188;0
0.3314238521563821;0
0.4657901832127957;0
0.43563033678612634;0
0.3697734309621576;0
0.48282825982113736;0
0.21306631940194903;0
0.4354504821952335;0
0.4680017392089063;0
0.42674722350099875;0
0.38353781624946154;0
0.4214863208739539;0
0.43243545628647306;0
0.35390510400531766;0
0.29154800965465255;0
0.41130972879686495;0
0.050556565489835274;0
0.07715531923530597;0
0.08076573487412121;0
0.14555850495216083;0
0.0719270896196697;0
0.059950746699918345;0
0.09755705449341075;0
0.1393350137899098;0
0.1457897792430257;0
0.1559655576220482;0
0.12602202570243523;0
0.15978945998246943;0
0.07985144562689485;0
0.23715991832168148;0
0.23902295564761372;1
0.18801253279211483;0
0.1039536278214222;0
0.21139525521186672;0
0.1218774809998155;0
0.2046387941711844;0
0.17340248977314754;0
0.24082174931424574;0
0.10125888397524099;0
0.13229551017263397;0
0.17645437874529005;0
0.16072813373822595;0
0.15454293421734824;0
0.33109369650295356;0
0.2449939260905144;0
0.35129124910494053;1
0.24003361192267617;1
0.1456883138546041;0
0.2920760333851897;0
0.2777957142963752;0
0.2344496132433921;1
0.2625085015391438;1
0.15197591191962082;0
0.12407940977394259;0
0.09134662142744501;0
0.11000162943515074;0
0.1629095509745415;0
0.14489232314637587;1
0.12533994159160156;0
0.1635891691271255;0
0.11655115638600204;1
0.14877459868293147;0
0.13695241809495212;0
0.14098191445707012;0
0.2032070980888708;1
0.16322445541953368;0
0.21743487090452382;0
0.15813342848267;0
0.17815873908763902;1
0.13188590503260755;0
0.22675536178215547;1
0.13858750243996593;0
0.13942375227883727;0
0.22177999475483484;1
0.261244128826575;1
0.1198063342015366;0
0.18070657355769074;1
0.14090330873260443;0
0.6422803940298957;0
0.7720610767768479;1
0.8274550745805341;1
0.8434343059044931;1
0.7654390119610619;1
0.7381522127958655;1
0.7208833055387226;1
0.8230793966053499;1
0.7096434678799333;1
0.7427331037725453;1
0.9196540645454092;1
0.8260284137862393;1
0.7066978313800134;1
0.7709819349015722;1
0.6841577357281348;1
0.7635353789053948;1
0.6403953730152954;1
0.8768329810460066;1
0.8318999578341698;1
0.8269260668914354;1
0.9315573099100563;1
0.7316172695936969;1
0.8301439247319359;1
0.7774825018284577;1
0.9466761901171197;1
0.5025401755639207;1
0.7915704101134897;1
0.6833422598895749;1
0.8057427993790398;1
0.7556353255102756;1
0.78679975598517;1
0.8156133925465825;1
0.6171848147446459;1
0.648885639235888;1
0.5389585101327471;1
0.7939995698708441;1
0.7126359860229824;1
0.8197784348413437;1
0.7260543916387193;1
0.8439361648970926;1
0.7823729369773921;1
0.7647791888138534;1
0.8309806029525232;1
0.8828049174465114;1
0.7296406033005023;1
0.8601238993678006;1
0.25396344369974055;0
0.2228174234798113;0
0.2588381255044458;0
0.08490938236572289;0
0.10253038348468245;0
0.2704887449765912;0
0.21805293040949097;0
0.30298560761573984;0
0.12708974122502925;0
0.172482442043172;0
0.14749383541315517;0
0.7395790410584807;1
0.7510449261657789;1
0.6550026687973627;0
0.6412895734225157;0
0.7580933117671619;0
0.7638905097798303;1
0.7549448629606786;0
0.6439460594551706;0
0.6321215906360695;0
0.7358904280707269;1
0.9240338956631796;1
0.7589932615616936;1
0.8634478909375622;1
0.7712299426341525;1
0.716778764349336;1
0.9548542851293195;1
0.5936102855556855;1
0.6209128958822406;1
0.8176133581365496;1
0.8963089170703185;1
0.774478480771999;1
0.7267833645773834;0
0.8550404318798074;1
0.627171647605298;0
0.802149169339873;1
0.7387908934504791;1
0.17402370742820664;0
0.30645339676033195;0
0.2288928483633931;0
0.32660018928254014;0
0.20435600049256403;0
0.2590115212484906;1
0.18964576647135054;0
0.26381181947772187;0
0.17943314257340637;0
0.28258327668416694;0
0.5792047191366215;1
0.6069422333932936;1
0.3307632374534367;0
0.2599716092749476;0
0.5198079472606422;1
0.2141286219939441;0
0.1765678396541107;0
0.4076020877405888;1
0.1429408379207416;1
0.5256129265911833;1
0.20040208576494895;0
0.3294081057871849;0
0.24846608349985178;0
0.39409746110907756;0
0.2835913179611156;0
0.3720415590094452;1
0.35277329602456386;1
0.3365277444341668;1
0.41076803071323836;1
0.41698668044809484;1
0.47334803851957197;1
0.6073738594776383;1
0.45842153546249403;1
0.47063323132991175;1
0.28365474837641413;0
0.4321636867085422;1
0.39627742050880954;1
0.4422602874957596;0
0.3480730421428584;1
0.44792962805088055;0
0.3886224230011291;0
0.3596568020461864;1
0.2919755241081195;0
0.5285598012424795;1
0.49626764243582644;1
0.41849935930325477;0
0.3854838835441047;0
0.6087408054057808;1
0.5137923336284729;1
0.47683499006447005;0
0.5848233658221602;1
0.426787775484233;0
0.2599767685079419;1
0.3254002557971238;0
0.39045672613443067;0
0.4740920198286748;0
0.3607290702109089;0
0.3863564853211914;0
0.38073866721325517;0
0.38869776324601724;1
0.35280646399588045;0
0.3552376003633374;0
0.3206453626407875;0
0.5220587720653544;0
0.374880941406651;0
0.23679296525784865;0
0.27635079956156006;0
0.21708068692726606;0
0.2932682408544004;0
0.3707626492906865;0
0.30640965700436396;0
0.4745684361313099;1
0.3640479005153309;1
0.22413549969664806;0
0.5013252404573495;1
0.4213344301379911;0
0.33421539901105174;1
0.3535889611604695;1
0.3227891205149181;0
0.35617263429576895;0
0.49831482273322153;1
0.4104148754701491;0
0.35015923059027865;0
0.3034077283991924;1
0.3041297051467553;0
0.3986455544039833;0
0.37987140098610434;0
0.23352462847497107;0
0.300029335826491;1
0.301947810230898;0
0.3713463324099976;1
0.38769534549234136;0
0.15005920971416456;0
0.18988399232485662;0
0.2705524045601848;0
0.310220899797529;0
0.28278108420724934;0
0.27967170695435883;0
0.3869245181176463;1
0.22057774533475352;0
0.08690242819012506;0
0.08994726200203736;0
0.26058347184854147;1
0.12951003079402432;0
0.09970410638288489;0
0.31106874383403116;1
0.29467932285260917;0
0.28918517157046103;1
0.24379549898279482;0
0.18930261120584385;0
0.34858048798334634;0
0.1864932448829105;0
0.182621966416988;0
0.20733328919734448;0
0.20056297432256553;1
0.1633697006668895;0
0.46477591044520694;1
0.29247094870932117;0
0.2160858576777133;0
0.2915276875427488;0
0.17994700663744287;0
0.22528290506234494;1
0.6592289491161417;1
0.25877267285962585;0
0.1883990858489216;1
0.2938803886690564;1
0.26429062103401413;0
0.32041672536684135;1
0.1969347488299105;0
0.6592390826867135;1
0.28277961263924695;1
0.5996962237141301;1
0.36782785811664803;1
0.5210700934783304;1
0.40789211676679554;0
0.5402868389405745;0
0.3535889242267129;0
0.3962613258089299;0
0.6898806354150901;1
0.5608812288039984;1
0.6646293362721583;1
0.27116093974860783;0
0.5067093455766478;1
0.3146762265646377;1
0.5569853392526555;0
0.4515679946150136;0
0.5360258660890705;1
0.3338603561213192;0
0.34650239527249443;0
0.7980330736403294;1
0.35606472863007854;0
0.3992152159686898;0
0.5935550659070856;1
0.4691741439031072;0
0.41439578977054164;0
0.38769808992357163;0
0.6633574059559122;1
0.27183801607612745;0
0.5279001014466147;0
0.46077680167980806;1
0.4384745599926091;0
0.44676298353455235;0
0.39849581284999275;0
0.6378785249646953;0
0.3936972465745987;0
0.44308901798823314;0
0.5682502857031098;1
0.47896341794206676;0
0.7135589453725578;1
0.6157567917568981;1
0.5219933063972989;1
0.6034959764879678;0
0.8682348338041858;1
0.34384152231877696;0
0.6723976976117861;1
0.27332362870848176;0
0.44522729618818435;0
0.43530685534804897;1
0.6137133392781385;0
0.5599051850539642;1
0.5232970301093826;1
0.5296818022009456;1
0.584681509590539;1
0.37449958184248644;0
0.42696715323176276;1
0.28543144476418586;1
0.1721806123486627;1
0.19812202013111183;0
0.2896231806395836;1
0.2835584458668385;1
0.24224386323388636;1
0.210788668271502;1
0.0985806857441156;0
0.18814243963361688;0
0.12154071544220957;0
0.22411390769729087;0
0.09319169672155757;0
0.1171508363136256;0
0.07736432984965325;0
0.17174391571456848;0
0.2165660143439346;0
0.1342789278495793;0
0.1281382440476359;0
0.3527041009729112;0
0.13361360876746645;0
0.21166300550608463;0
0.21298250937079224;0
0.07759125923861429;0
0.2141540420746607;0
0.22245611472285387;0
0.3553451530174287;0
0.38374987754369444;0
0.5354269085800205;0
0.26477441884306097;0
0.5333726844535408;0
0.5133050953818264;0
0.4252168550853149;0
0.5487163262370797;0
0.41627288669832196;0
0.7811072061856458;0
0.46712946815430695;0
0.572878551594828;0
0.2886411239735432;0
0.546542044988473;0
0.7484523163382152;1
0.46626932516286757;0
0.5124977053200227;0
0.43391990555708926;0
0.597728706694326;0
0.34914447256536474;0
0.6287907935992912;0
0.5445657137349629;0
0.6449955953243373;1
0.6925941477704909;1
0.415179327846616;0
0.6465788066794583;1
0.1731831567115117;0
0.6881065732747451;0
0.7218538103909613;0
0.3413163804701106;0
0.26545281923939973;0
0.24891098192028746;0
0.5199420496632425;1
0.2994172376104168;0
0.2508939353710937;0
0.3012653642126979;0
0.7802176566168338;1
0.8983273917398774;1
0.6816537116118412;1
0.8037996619440095;1
0.743753407050215;1
0.7802398425483145;1
0.8529057089462538;1
0.7128945759769537;1
0.8354854516691745;1
0.7630779199814937;1
0.927106669035033;1
0.7651600915272462;1
0.6878296808256753;1
0.7226537045505703;0
0.710281298175418;1
0.2529239315468691;1
0.7329044893666556;1
0.7272959277484042;1
0.826458801867759;1
0.6121402816279882;1
0.9315716587217551;1
0.7028509483929718;1
0.8284913128391432;1
0.859854145675066;1
0.7832709185388355;1
0.6211505420967538;1
0.727582116583589;1
0.8347579363449996;1
0.7388274382469746;1
0.8236714518409646;1
0.8361621411317467;1
0.8623705265417998;1
0.836627320213097;1
0.6732705288517217;1
0.7274096758487504;1
0.7726783215026549;1
0.9209771239042641;1
0.8615635540394055;1
0.7932562483962399;1
0.6850517065466848;1
0.6556545831331636;1
0.765061711682698;1
0.7968722009198175;1
0.7901931149470679;1
0.6605216038502613;1
0.8401090846904548;1
0.829605488338341;1
0.7669966303135167;1
0.816551149334834;1
0.787925635432641;1
0.7904355304070331;1
0.738718971366436;0
0.8892025875358511;0
0.7989847169602948;1
0.6591234821996053;0
0.8968922336452663;1
0.8862752711636014;1
0.8264722608911221;1
0.7437990845754126;1
0.7970837395257678;1
0.8409447460707307;1
0.8508436992224985;1
0.7184271962741352;1
0.7737467874386199;1
0.7247802936013902;1
0.7833254887589185;1
0.8013567348556117;1
0.1284049701807013;0
0.19526426567442137;0
0.16207078659861998;1
0.18610563138082933;0
0.1974765421836454;0
0.4661443745591027;1
0.14915827963185485;0
0.2771324800555978;1
0.23856412164053414;0
0.11441871473709748;0
0.15774361314489432;0
0.1367549272280575;0
0.3027697316237955;1
0.3203631457672751;0
0.14320627490859975;0
0.126576053119677;0
0.1357923210090831;0
0.2317508705431379;0
0.15508484419746804;0
0.29513068318804575;1
0.1042824919742683;0
0.2070531660306124;0
0.1325133142754794;0
0.12406828978967513;1
0.14818865059021072;0
0.1934556392939043;0
0.1360479208116231;0
0.14092748504333572;0
0.11025358703703056;0
0.1435840847041713;0
0.29904104578775953;0
0.20743416773459838;1
0.1663268344878835;0
0.19531991597653459;0
0.14860633093306172;1
0.21022651498647987;1
0.18073135537801754;0
0.18380444705265753;0
0.12481767382523486;0
0.7606008734676599;1
0.5274821283749422;0
0.7561815292194947;0
0.8114886237247706;1
0.4946435786108443;1
0.8684314003909522;1
0.7296450447624482;0
0.7640670326768654;0
0.8515960624842933;0
0.7718900813297497;1
0.8073180181249635;1
0.7974808500165584;1
0.8206180591060582;1
0.7901653494922706;1
0.7318018341796821;1
0.48497171624972835;1
0.8867030955854768;1
0.809485202957802;0
0.45734179228848987;1
0.8316870324953614;1
0.5955355716417762;0
0.6648806552285145;1
0.7601093179044914;1
0.6962681626939885;1
0.7299359297082252;1
0.4765995646960222;1
0.24405342158447835;0
0.35225984791925025;1
0.2867479508805172;0
0.36093674949669746;0
0.4991453962272276;0
0.13902249192694718;0
0.18645858849126773;0
0.18247791455031642;0
0.12216816787703827;0
0.22398694617155396;0
0.25362951456839805;0
0.19962202976551707;0
0.15590908616910854;0
0.14847885126174223;0
0.4899721686602433;0
0.35865264547009534;0
0.26606137260157553;0
0.2836319746875218;0
0.37427067452487806;0
0.4104760686513934;0
0.4680992030535001;1
0.26011080901146044;0
0.20245149662092762;0
0.1442512265190473;0
0.1273712041525576;0
0.25639631013222874;1
0.3337925756636986;0
0.2729853506863758;0
0.39468601062001263;1
0.4416684425078183;1
0.38088332668813935;0
0.23192975757957338;1
0.3149678585485282;1
0.20461657903077332;0
0.22408546664474802;0
0.20267841869478628;0
0.179656385312581;0
0.12769312114234058;0
0.18933879097132697;0
0.1543378618473503;0
0.32714407926878375;0
0.3283760928081898;0
0.5213359771399627;1
0.3100321293978478;1
0.2661764064395127;0
0.23595720211948937;0
0.2520423819900519;0
0.22809654838784216;0
0.28549378691139105;0
0.2673041531635793;0
0.14727134417809265;0
0.2157895464029021;0
0.3159812481577271;0
0.14794616723517537;0
0.313879972097548;0
0.44842033060358066;0
0.24317724991114795;0
0.13353741223508883;0
0.18008465850680422;0
0.120157420238993;0
0.17010234693227724;0
0.11531151692003166;0
0.5442265856903286;1
0.6863296522251667;0
0.735324290240671;1
0.5035447022934464;0
0.8172349102431876;1
0.7654772830859957;1
0.7444897595940443;1
0.6131715382357675;0
0.7916620297180615;1
0.45492964936234725;1
0.9307453761917415;1
0.9123240989401616;1
0.6900997227203014;1
0.7949565391554562;1
0.7640782553360569;1
0.5192675620373374;1
0.7414523063988966;1
0.5493437171233324;1
0.8606186551487199;1
0.8182400596209782;0
0.8188690189453739;0
0.9056128021538178;1
0.6638387421958443;1
0.6951583721834839;1
0.7952513935120611;1
0.7632001620683484;1
0.34678805099030324;0
0.30345868575429574;0
0.37700988917841766;0
0.4442178272424405;0
0.38818778498294;0
0.8449766959384284;0
0.4231028609910878;0
0.11454209855758272;0
0.5112227017510614;0
0.17376666377992148;0
0.23001253400077354;0
0.4249481748235585;1
0.4456747993828263;1
0.24028502809287472;0
0.2859743131164978;0
0.34002656469889675;0
0.1996807524065645;0
0.23862686604017283;0
0.3405141190015452;0
0.1538482706085287;0
0.4094952701310965;0
0.2990452269966092;0
0.23692750386186737;0
0.4522266929088913;1
0.1836174057555899;0
0.46389443635402905;1
0.5504946188779634;0
0.17625620848021056;1
0.13426880241563252;0
0.16202728879709463;0
0.09447578370472863;0
0.15978621743396793;1
0.17776743300298348;0
0.18046828341904364;0
0.12936183629316292;0
0.29688764871457335;0
0.16628991376354707;0
0.24389594862200836;0
0.24905382553939465;0
0.3476226710787154;1
0.3561459427396371;0
0.2491142526095396;0
0.14558138064897397;0
0.3224731559737981;0
0.29906011250495435;0
0.2770560907535576;0
0.2578678073008379;0
0.383702047492862;0
0.20906846577832303;0
0.14855445323158814;0
0.4511861252892647;0
0.668106783247678;0
0.8949797345832846;0
0.45943900572041024;0
0.35503102195470493;0
0.6932614681593219;1
0.6872520204832597;1
0.8219883622624159;1
0.83393237953161;1
0.6800938490811161;1
0.7748821765564748;1
0.7739220340965346;1
0.8446814243784667;1
0.8084923156871585;1
0.807859319140207;1
0.7325421379066924;1
0.8265409859853423;1
0.17153720014101326;0
0.19993318881216726;0
0.12878229780950043;0
0.24734735240767666;0
0.12074553593347509;1
0.2381253626367709;0
0.21758702030110377;0
0.13390912705865615;0
0.22894964827495126;0
0.23543374890271077;0
0.21843889663490132;0
0.20182849642997522;0
0.3961534404613964;1
0.2126885380364425;0
0.1854141810477009;0
0.2220163930325301;0
0.19261406935615036;0
0.14186866962075403;0
0.26294465104575715;0
0.3961616754172081;0
0.08595575594133108;0
0.15160367901042449;0
0.2921407270334624;0
0.1484188194833402;0
0.17612570582549128;0
0.19941888143757444;0
0.19678116449400843;0
0.2285267686617095;0
0.14613342554727832;0
0.24235815689737197;0
0.10174949794014863;0
0.1650470603365289;0
0.12884573032688845;0
0.1610299044327717;0
0.22212440613471515;0
0.27414356286080255;0
0.2255442426631402;0
0.1651413556199206;0
0.2868098031308875;0
0.3028705929084804;0
0.3065438349849796;0
0.3041720189064341;0
0.18796458673522543;0
0.1520806273880807;0
0.15755309850611804;0
0.11897834456177334;0
0.11021687343952559;0
0.1297972458443964;0
0.10473444187381929;0
0.14252290726085998;0
0.24764089046068946;0
0.1999185384718014;0
0.23987607427526747;0
0.2312029786371678;0
0.21683297155788242;0
0.267443232894362;0
0.26529122722299725;0
0.2622342634689365;0
0.37694044464364207;0
0.20828316928172377;0
0.3617685563800855;0
0.12935721273110873;0
0.2385938736016552;1
0.21324609047920196;1
0.4093503004733213;0
0.36497238553891204;0
0.3058135029004434;1
0.31854359456479214;1
0.3436295666249591;0
0.25229877207963924;0
0.36715532689117325;0
0.3524762064338651;1
0.3940914946425485;1
0.3721844521083119;1
0.30673698892327833;0
0.253150609722988;0
0.18399841271469647;0
0.13691028402783073;0
0.3442564588796646;0
0.370562912136354;0
0.26908397360398034;0
0.36981856412700365;0
0.2353076021649929;0
0.2048137383007937;0
0.4418545409517266;0
0.30666019928084065;0
0.24400270572975363;0
0.32548954177430295;0
0.5331909088750825;0
0.24187703303573352;0
0.3233578971061715;0
0.41379708320264413;0
0.3071640798492674;0
0.29279374891509935;0
0.3684224893672761;0
0.32090453653083156;0
0.4056074354921115;1
0.5124920634580632;1
0.46180275901867995;1
0.3137464961139515;0
0.4740550711878508;0
0.49832737649996905;1
0.6010265349128932;1
0.3640364320483458;0
0.319631162035113;1
0.4041506524407131;1
0.30679087967106417;0
0.3956093000650552;1
0.4186402555410554;0
0.22917009428869553;0
0.3601000940561688;0
0.3518496217162805;1
0.3164349203999273;0
0.30968898660104033;0
0.35735926016055475;0
0.3062725539666083;0
0.271250456154846;0
0.5745153941198212;1
0.15970392476705322;0
0.11202577185750844;0
0.1530524170586115;0
0.12036589738523226;0
0.3803390220525805;0
0.19331813376871504;0
0.20994149972653142;0
0.11985813775908222;0
0.1852899929602006;0
0.14501272194585704;0
0.1458408442108627;0
0.18261719255924508;0
0.7253654416062266;1
0.22356128484232998;1
0.24187123167593652;0
0.12612735798496694;0
0.14848356648679872;0
0.4630634732088963;0
0.12213946636736313;0
0.17063845473291042;0
0.23677782300411893;0
0.16349684194119138;0
0.16755991026899641;0
0.14447904108891185;0
0.13628336024321705;0
0.1664461414628556;1
0.11152316986427295;0
0.10475934131326407;0
0.12917258957133207;0
0.11345157030074432;0
0.1616066307669594;0
0.2089984014241177;0
0.22690104046718346;0
0.2355469025734873;0
0.24963949097574695;0
0.16604312202459903;0
0.19248958684803902;0
0.12591733952885661;0
0.1890985050228392;0
0.20131237214664788;1
0.1399703285895855;0
0.28034865403773956;1
0.12310862605482774;0
0.37525918151584486;1
0.20135605666523274;0
0.15465159101738468;0
0.4426851041763267;1
0.2858084219322381;0
0.33822233286769376;1
0.32455282903213656;1
0.16602054394467125;0
0.19219513065895835;0
0.3917636436846757;0
0.20021308639463978;1
0.4156892699102386;0
0.4677218660777678;1
0.14195617901156446;0
0.35559766118006064;1
0.4748776790921949;1
0.33243586690465826;0
0.36903887436534694;1
0.44055115654476323;1
0.3328831012572249;0
0.42925440314773317;1
0.19434435836532343;0
0.10731329463756611;0
0.16190359891674716;0
0.25734666571981385;1
0.39797913227533016;0
0.49252063625216275;1
0.19552823968083416;0
0.22828968897454618;1
0.2047658339964431;1
0.3570511020526982;0
0.3026787947671754;0
0.45481720364730377;1
0.1829230918126983;1
0.22096001881114744;1
0.3406300749490636;1
0.13983695635126028;0
0.16443026513840858;0
0.24041947482742757;0
0.17795947105039092;0
0.22759410326907586;0
0.14418534615455655;0
0.13419046582015134;0
0.24215512331689903;0
0.22637474344205297;0
0.2229513602638242;0
0.23825676520094877;0
0.32176284860480736;1
0.19909067482727916;0
0.16453823827067893;1
0.31701180361544135;0
0.34041507035389185;0
0.0967527026595933;0
0.153484788734639;0
0.14949034712514275;0
0.20752740504604558;0
0.15321411953899935;0
0.16109036897961862;0
0.16717005979557567;1
0.2652430199420513;1
0.15399315178628564;0
0.21292682855731668;1
0.13319969354191935;1
0.14528193623251806;0
0.2316043397133627;0
0.3254775161484108;1
0.28719619657279594;1
0.3150897106129347;0
0.201716501159515;0
0.19120232546943075;1
0.31232602373993124;0
0.2198172073547054;0
0.2784161709739438;0
0.3255704853363943;1
0.2894791970944277;0
0.23408047478011834;1
0.18337263405278176;0
0.17081910820097107;0
0.3579697581636043;1
0.19643650938242163;1
0.2076731933297865;0
0.2523022681323083;0
0.21690089949540048;0
0.15859157546841637;0
0.25884031850139827;1
0.2876237933079491;1
0.2638474844817185;0
0.2964182349606246;0
0.32740602710474814;0
0.17118358427516112;0
0.19175568671169174;1
0.12738194570698227;0
0.3455409878034381;0
0.36239171956167104;0
0.09678093977019782;0
0.3743102643209139;0
0.3588621853169628;1
0.300776426554993;0
0.28712629474617685;0
0.3859926310612497;0
0.4526577056142099;1
0.2632966406191782;0
0.3751337914559695;1
0.35231676058250905;0
0.44876502243564276;0
0.2906386458763678;0
0.4576815472986654;0
0.17072124939769368;0
0.17657198412497113;0
0.40297767351121255;0
0.23423540678641905;1
0.48141236833044443;0
0.3064119399774131;0
0.29308435665321897;0
0.30868349999345135;0
0.4850922622123309;1
0.41586122587285373;1
0.4458444836182696;0
0.23570679433861544;1
0.4933198697566582;1
0.41573119942742714;1
0.2914452827621902;1
0.2368912483465172;1
0.21793944400823942;0
0.3158980626631097;0
0.08535586657767544;0
0.32066281643004424;0
0.2854551757632899;0
0.21373035759695685;0
0.45659875091240715;0
0.37083753931242736;0
0.5238430696881486;0
0.160092984619774;0
0.38036770862553554;0
0.1162061551680933;0
0.1630268178774407;0
0.15481149114611403;0
0.11837514602482532;0
0.22189424421022017;0
0.1592837355790702;0
0.10173943061759017;0
0.07443232507613008;0
0.15533255828171605;0
0.35483508480367276;0
0.16283636114953187;0
0.2968494204711529;0
0.13560583321492717;0
0.14638561383137028;0
0.20577291885509963;0
0.11595090149069026;0
0.17671636310112465;0
0.22993157378934415;0
0.19552085115768164;0
0.15352449354577202;0
0.1238915776423952;0
0.16182665127398832;0
0.1587007397152508;0
0.15140250340606046;0
0.1709033570628171;0
0.11742837818360484;0
0.0978336412542594;0
0.19324237094691207;0
0.1785986304362756;0
0.26235879792478867;0
0.17171355097157548;0
0.1395724731877001;0
0.13233067217504746;0
0.19764745727335764;0
0.21447852030744904;0
0.29279192501905743;0
0.12355508663051275;0
0.15703795095216838;0
0.31372980135117945;0
0.12435094370592095;0
0.18882411944468405;0
0.21606328199469543;1
0.12640789692891344;0
0.21018081174305434;0
0.27504976406948634;0
0.40132967773280387;0
0.3770363412385694;0
0.44568967159901696;0
0.4483229373642908;0
0.20504835406455094;0
0.24772935141340197;0
0.39291050704329206;0
0.2920293834973296;0
0.2669066604025515;0
0.27505274952053327;1
0.37667546266209;1
0.33911156804802933;0
0.42056645907467854;1
0.38889898551052116;0
0.34966810290955114;1
0.7082083514397558;1
0.6013842685002421;1
0.5817352374525624;0
0.4171341585695929;0
0.1910288682833521;0
0.21583739470031305;0
0.2554960024878373;0
0.13029334384778105;0
0.13174042753581555;0
0.15974039047930813;1
0.13324445058465073;0
0.17647734383975328;0
0.17909096109625788;0
0.13878929288119043;1
0.25474736270767107;0
0.14781267987454624;0
0.19482510152455074;1
0.13078878528788251;0
0.18102369495670373;0
0.30789798580953254;0
0.2210235320610549;1
0.08493187815239737;0
0.26442212147997224;1
0.243086237822212;1
0.2301532217156431;0
0.15955116262744648;0
0.15163755152883865;0
0.12539213861971843;0
0.34856221444646857;1
0.12330541627078138;0
0.6682985029414719;0
0.3987777322142167;0
0.246864547585264;0
0.1333192461693917;0
0.3614082282874168;0
0.8050765287692504;1
0.30575387963795264;0
0.46547915500700415;1
0.3991672004237866;1
0.5813010384843946;1
0.18192379538899744;0
0.25854998634296045;0
0.5825957442385624;0
0.21715365252604696;0
0.3822410949401029;1
0.3409457592304176;0
0.2640415814506515;0
0.26151429046213187;0
0.2901705786268376;1
0.27788533733462706;0
0.40145572547734243;0
0.5822662707764383;1
0.3088172859450714;0
0.3986053344512429;1
0.5072573867261367;1
0.5896374359837471;1
0.4271538709521953;1
0.23869042644430227;0
0.2318671188883605;0
0.20246680938637668;0
0.2166519034363778;0
0.2518929684428097;1
0.37371603013017596;1
0.11429852210448495;0
0.25426610931310023;1
0.21220189223036334;0
0.24869396671077185;0
0.3329561793939983;0
0.31076514634464336;1
0.11685939596053586;0
0.3099273206081957;1
0.26002888867230217;0
0.1447930765594492;0
0.36949353455398404;0
0.14728464387791673;0
0.25123888302488406;0
0.3010841069373625;0
0.22589043325559374;0
0.3603287908838079;0
0.31481205998181183;0
0.5719916523750761;0
0.23583148198537884;0
0.3391838244213326;0
0.6167757777073756;1
0.1847191830947634;0
0.2897190007615262;0
0.21824909064274736;0
0.3049536514869037;0
0.7431087181435662;1
0.766022073641711;1
0.42366492185922716;0
0.435834605831576;0
0.13914893882277835;0
0.3331567355459321;0
0.4517426156899281;0
0.34390295224103457;0
0.40002440054738536;0
0.1548030033797159;0
0.13724226819420446;0
0.1603774268629354;0
0.32187124108592574;0
0.132265029863749;0
0.12409517311886778;0
0.22570342149420838;0
0.3110991871683778;1
0.2508490846839602;1
0.11599528898017518;0
0.25725867003427616;0
0.27257515637494284;0
0.10108409237023963;0
0.13893411925677351;0
0.4181878376871433;1
0.32993098054241926;0
0.5999955100838001;1
0.48256545356087976;0
0.7788602247724388;0
0.13540202891993605;0
0.10082794666465876;0
0.16920622883008932;0
0.09058409955427552;0
0.14447347046092793;0
0.24160397678768009;0
0.40835213324662234;0
0.3307224814797219;0
0.29714381683845437;1
0.3121335949912159;0
0.4689604357020358;1
0.2794470006065223;0
0.19375097235041458;0
0.5366188616224559;1
0.5013520547025093;1
0.19984067944845613;0
0.39435671021135005;0
0.43951923331014664;1
0.29431918122782486;0
0.19995915319852411;0
0.45863049952437746;1
0.4461652201088149;1
0.431535805191769;1
0.3731321804474741;0
0.6376765330393378;0
0.7082306207921435;0
0.6323644870537642;0
0.7493181896404716;1
0.2789813904800273;0
0.15778302611429554;0
0.20581552727408092;0
0.1647428947258713;0
0.28045802860206903;0
0.1522009351050607;0
0.17329055659705242;0
0.14727436003203798;0
0.11934539652539014;0
0.11133447082211051;0
0.1490985781716906;0
0.32334112071075366;1
0.4237632890944104;0
0.22017661790041873;0
0.22643626785697893;1
0.15487661260007463;0
0.4943906989030167;0
0.17030857332226926;0
0.21478793362440368;0
0.2794191579413635;1
0.2960750195730252;0
0.6562465526807184;1
0.20190427103380332;0
0.16946823390639537;0
0.18241573256070517;0
0.3401400695415412;0
0.25610295084221857;1
0.3077366413942442;1
0.2208269471249367;0
0.37426767782195314;1
0.21354184003427643;0
0.19640834018401035;0
0.22126584576365282;0
0.14899709605853348;0
0.1552120955500457;1
0.28312227309758864;0
0.3010214594423709;0
0.43177225777231043;1
0.4534273364047831;1
0.3903162994169995;0
0.1298126532425546;0
0.1298925028769;0
0.42117089957392917;0
0.5071416260222514;0
0.3427571988386514;0
0.38973275474583413;0
0.7163265981402889;1
0.45187755852322575;0
0.4574692229545776;0
0.3760151306270887;0
0.4128688082100492;0
0.37066833351275663;0
0.6427463680008988;1
0.6685289522816865;0
0.16808878985537062;0
0.4282468900989563;0
0.09930925656850759;0
0.1292107369369021;0
0.20515771104780461;0
0.3676875742772998;0
0.27876820130512486;0
0.22755694383214764;1
0.15906679451373792;0
0.2531170795705763;0
0.24913525996951383;0
0.18346596187974928;0
0.23433147453601078;0
0.37551764961867634;0
0.4849783774578269;0
0.2693672687510381;0
0.46234553696807734;0
0.6691775011416444;1
0.29337684780417883;1
0.19805813973678824;0
0.34428024375666216;1
0.1624556761618497;0
0.19795161277270104;0
0.31702749992178625;0
0.17987475065381378;0
0.12654327125177509;0
0.13707462508838075;0
0.22015632405670427;0
0.18125811115970844;0
0.2579936732319699;0
0.3110906427469914;1
0.17210949625599323;0
0.18974654029044086;0
0.25913987679257056;0
0.2790867800939996;0
0.18800711131973624;0
0.24024040762506318;1
0.35478143352059327;1
0.46030315339306105;0
0.4532972916289609;1
0.29774094012841673;0
0.4423043682271669;0
0.4989111948029754;1
0.4603212537579844;1
0.6220266229403755;1
0.5139553963374848;1
0.6621012254708271;1
0.5449934809388031;1
0.6269056339213164;1
0.19330266184422412;0
0.18731397649992215;0
0.13759429239221477;0
0.1168580420478668;0
0.14531733367605373;0
0.2252759462870369;1
0.37598299809872904;0
0.11438032780578476;0
0.19684309077653742;0
0.15726183680440942;0
0.15937574462842496;1
0.22618636931862504;0
0.10064946734885169;0
0.18922649720039683;0
0.35403186166179645;1
0.35023568056733445;1
0.47665776929598846;0
0.48511019121660165;1
0.5581027861886017;1
0.2812819841154757;0
0.32190700147518003;0
0.2724554042111239;0
0.2516263360087319;0
0.2578174354556249;0
0.1530061865831356;0
0.19592146147678685;0
0.22340858819830006;1
0.12550688862606668;0
0.1851065625016098;0
0.2069645356163856;1
0.18730825862879297;0
0.13146666025021664;0
0.1885883606891398;0
0.3119390161983185;1
0.23291082455971018;0
0.3383528464039915;1
0.17179324364629744;0
0.3425018096671722;1
0.21835660806003518;1
0.23580026863504247;0
0.21372572377892357;0
0.11941608810537314;0
0.28091408852560923;0
0.32305134274805336;1
0.14487871347624276;0
0.17164098245559406;1
0.11946204389551615;0
0.19580947967481555;0
0.37071935293545916;1
0.19439873392823662;0
0.2178765286374471;0
0.23134474146252498;0
0.3588429529524752;1
0.1749364844282803;0
0.284846644757008;1
0.2925371075996568;0
0.15731214359625;1
0.39514861055169326;0
0.19119536946394655;0
0.2994767623683756;0
0.3745911398759478;0
0.21259244263875843;0
0.1211767402725219;0
0.11132458834264344;0
0.18916003840965914;0
0.14293079514366536;0
0.20712031947344944;0
0.1454211666462728;0
0.22426511854169331;1
0.1907470886861136;0
0.2915882864646833;0
0.23864466625111164;0
0.1848867448616535;0
0.13821786263336577;0
0.14833011078564753;0
0.18497858368511916;0
0.2910090201442533;0
0.13826951624722905;0
0.20092313170744328;0
0.25278959556649877;0
0.2745677139459452;0
0.17891340356985133;1
0.17493799647512137;0
0.18615955620458174;0
0.29755777332357874;0
0.3047542862356946;1
0.19586039165606922;0
0.1963607657608348;0
0.2864360678731127;0
0.3349060356496206;1
0.16631182607832073;0
0.35645798056319816;0
0.22619794064277493;1
0.39277781176692145;0
0.13772245534864552;0
0.1893011279523469;0
0.1701342866429803;1
0.3298002984023954;0
0.41766873390624293;1
0.31069896578582507;1
0.6551646219390344;1
0.4321800053965869;0
0.210542547769231;0
0.41715146088084765;0
0.7202516706485099;1
0.48229791186052595;1
0.6879180984379811;0
0.7346710135007906;1
0.7587947604436883;1
0.7055041831349798;1
0.6538943692035638;1
0.7926101492407014;1
0.12124681839512513;0
0.4250987596993302;0
0.2452453357821778;0
0.3740402769580753;1
0.38928515698063915;1
0.36608457583684756;0
0.31713976721235226;0
0.13974046112442426;0
0.1471991595979667;0
0.22238887589584075;0
0.7725924303340267;1
0.6801640796014914;1
0.5012008175361918;0
0.7173739786229553;1
0.8863730980968997;1
0.8326680105385698;1
0.5813493764672744;1
0.7919089491494918;1
0.8112046669837719;1
0.785270437095714;1
0.7487788965307047;1
0.6621925359842551;1
0.6788730706558876;1
0.2832567484526056;0
0.6618770127975162;1
0.5501595691958769;1
0.3486564625337528;0
0.17838144301930547;0
0.1687136242737954;0
0.21900199730179334;0
0.31723361293465074;1
0.2649812527380409;1
0.16323524543862147;0
0.15016142559077136;0
0.19270142826217446;0
0.19594252326206518;0
0.3602913876668223;0
0.2185631509246641;0
0.11774938844307804;0
0.45952924086535923;1
0.6327450633749512;1
0.6601960740783506;1
0.3631007944583996;1
0.2727364105397285;0
0.5946916513607415;1
0.13309277455255458;0
0.2791127487727433;0
0.263734191012228;0
0.1692517929710379;0
0.15759577157477836;0
0.17610153340020399;0
0.40797444365686997;0
0.14529293674311858;1
0.13733728987840738;1
0.14017143492758843;0
0.1210534280964747;0
0.11861813069855588;0
0.3661671587774922;1
0.2733454667792744;0
0.14819858282052523;0
0.16833112569187209;0
0.5684881691360395;1
0.15158537862412402;0
0.26445867002984896;0
0.20952565501541945;0
0.21827732743709813;0
0.2696871852767425;1
0.24393007488746016;0
0.2186394572892534;1
0.21035123901830616;0
0.27569887411819155;0
0.23679901260953193;1
0.4889553201064859;0
0.3432731843858497;1
0.27277365319042784;0
0.26756206260249993;1
0.23027378627308276;0
0.46863888952917815;0
0.265172785837445;1
0.3359956420011973;0
0.33664576635249316;1
0.37146572366321984;0
0.20944343469515025;0
0.16957321180922832;0
0.3110469281341394;1
0.3166939764046318;1
0.25091684678993864;0
0.1738663346667059;0
0.6354317560225369;1
0.1980766114351155;0
0.12983223724071838;0
0.18216640986916094;0
0.22364662849066685;0
0.16417231750358816;0
0.1152181894202785;0
0.23501919588193967;0
0.16835940888985407;0
0.33490021189209523;0
0.43649035859585045;1
0.24512382058142176;0
0.13678211151439457;0
0.1806032881788892;0
0.19006144748626141;1
0.17343458251273675;0
0.13029155307395596;0
0.13507681150562073;0
0.38361558881993596;1
0.13498428227841963;0
0.14538416075632113;0
0.3905604318931239;0
0.31698271183093585;0
0.5187667940304339;1
0.3520053253321543;1
0.47479131188724827;1
0.6136704711314465;0
0.17513225200778954;0
0.2884244160521249;0
0.2651125596944093;0
0.15186706334010255;0
0.15297332001107733;0
0.17133019460567173;0
0.5121960471739329;1
0.3448436473387227;0
0.2001299585711284;0
0.28466620449756597;0
0.689278045668084;1
0.2516825673351705;0
0.3340684232886825;0
0.7072364119930964;1
0.2706439536437809;0
0.29983295571770935;1
0.31003392291530957;0
0.23108444945944637;0
0.18845307074047585;1
0.2871217481969658;1
0.24092681770269833;1
0.2254604869771412;0
0.16183374326568065;0
0.3227890498149093;0
0.32689649269119103;0
0.1922962530255307;0
0.1664603460974148;1
0.35582692021088336;1
0.14526390060114758;0
0.3816939360448559;0
0.16828630037896916;0
0.4128185003800421;0
0.21067653315033594;1
0.18671639556989475;0
0.3256251377260295;0
0.2393749338914405;0
0.20518806184913266;1
0.32765840923858736;1
0.4296376804779693;1
0.17464187114217347;1
0.27357134568094305;1
0.32182097203888066;1
0.36948626932365136;0
0.587148542922072;0
0.21407859267752868;0
0.18702943154644716;0
0.21169986020735532;0
0.1201004705539755;0
0.26519468214245145;0
0.1885437619027518;0
0.602208030286018;0
0.4481193648855919;0
0.29439551193437397;1
0.41143442121084395;0
0.682537365127809;1
0.37870477116597623;0
0.220560638933828;0
0.21824170778270807;0
0.12863361349014227;0
0.15461681305815442;0
0.3448019449804891;0
0.18711295047357115;0
0.1507155899247806;0
0.16398981283435224;0
0.0979767251672365;0
0.2988453529880262;1
0.23359822569778244;0
0.42966362408842074;1
0.16701754313788372;1
0.17800965313955186;0
0.2761862500373971;0
0.26250354522738967;1
0.3006169260319772;1
0.20298192663361922;1
0.2566205085736847;0
0.3286675432800155;1
0.14617618495680307;1
0.21861130570667406;0
0.2197621789225597;0
0.23356852403893263;0
0.3727520844322282;0
0.33573797318619253;1
0.25589216098115686;0
0.1758408027830554;1
0.35307218601391815;1
0.1830204902313308;0
0.19619606942833545;0
0.18204783173336006;0
0.24804884280340975;0
0.28395244464349995;1
0.2652154640594165;0
0.2786888493290102;0
0.30809679083280916;0
0.17349727547437435;0
0.2735040651173862;0
0.44895217458015535;1
0.4700144179327092;1
0.3872323118344121;0
0.2030157534117428;0
0.1358533040975922;0
0.10121682646585367;0
0.11748253942858593;0
0.13884050766163636;0
0.20106694313246498;0
0.1628223917374483;0
0.1410399132608427;0
0.43139557098351;0
0.37821733381487005;0
0.71051832111235;1
0.4879127685319797;1
0.52497340004253;1
0.516325171410858;1
0.7033806222873719;1
0.3652121010290492;0
0.4133695731888678;0
0.4140801813745816;1
0.4894693692695982;1
0.41786952184523196;1
0.3850664325940348;1
0.2113864057669112;0
0.4644842633872706;1
