pred;y01
0.0015845519606796552;0
0.00019943296561557037;0
0.27343257053580206;0
0.011424426507271096;0
0.0027408448617158567;0
0.003002732790598901;0
0.2882326029941648;1
0.00012443673896812366;0
0.004102841200556879;0
0.011863194894742989;0
0.4346341981718981;0
0.055361329105971996;0
0.9663866848446553;0
0.1232224334442533;1
0.9756899593748901;0
0.00027177830803341553;0
0.4833364460937545;1
0.3521139810172503;0
0.39014153493749565;1
0.02372203608772052;0
0.00014137161845856032;0
0.46154276882997364;0
0.1761061084885423;0
0.15500180825275522;1
0.3277661205204435;0
0.7249661873081037;0
0.04352085190585804;0
0.20412634695893295;0
0.004982102781389254;0
0.02981864560183365;0
0.07998418783947565;1
0.6137594942202518;0
0.33177031962443015;0
0.0029831881737337157;0
0.5584793918428295;1
0.003053290565256451;0
0.010215594483554587;0
0.009239005809023848;0
0.03460017505192554;0
0.006360080956823412;0
0.9515644241420115;0
0.37931962002126696;0
0.33846549066435266;1
0.9285879725129377;0
0.00253429159500283;0
0.8164318118678666;1
0.1094948626454539;1
0.00455385043357563;0
0.004577264331355745;0
0.1779459675599216;0
0.06109915364312764;0
0.03939929951014288;0
0.04296257246346356;0
0.005709830502627427;0
0.9250587447227779;1
0.010751347131248406;0
0.0020679039721788776;0
0.01039151025804014;0
0.052582536785959845;1
0.01120234036405573;0
0.0068903351882878645;0
0.003349551043514603;0
0.43744280425759047;0
0.024021706922152435;0
0.011644346062981651;0
0.09407399098244723;0
0.02458257199616666;1
0.9321914812711436;0
0.06015665031465358;0
0.006759645948706428;0
0.003612558545588739;0
0.020833676256196868;0
0.91084873055138;0
0.6360869490425535;0
0.01468417805173353;0
0.03694084240531387;0
0.011379531956480452;0
0.053236196862543404;0
0.008294192410544507;0
0.30170429929877707;0
0.16099079019367493;0
0.5814286403920299;0
0.0273193643266018;0
0.12401648032861606;0
0.03173874623911739;0
0.35650460575856185;0
0.44745649182320735;0
0.05195102153461849;0
0.06851519505047879;0
0.7280534374880351;0
0.31548982932103636;0
0.3293457550248536;0
0.062013672107573185;0
0.5675002316873178;0
0.0015616406731514116;0
0.02513085882084425;0
0.022430567948547305;0
0.07538232019714326;0
0.005977602174092067;0
0.0035007570973151344;0
0.24419255800553144;0
0.39609278107943385;0
0.20297777820765764;0
0.0007282397839461822;0
0.06178103156505374;0
0.047666074653113226;0
0.01129712949235794;0
0.2953527341996115;1
0.001977418826787358;0
0.8371806823308455;0
0.5158206847049004;0
0.007434080883263308;0
0.0067619308340872725;0
0.1103754547447256;0
0.6181404607707964;0
0.05443898113091202;0
0.2842954479962515;0
0.01207466599948764;0
0.2880138744760986;0
0.008358355929206293;0
0.01276227516707331;0
0.6364125578076117;1
0.01107038229749034;0
0.32627906273508983;1
0.0014388114103216195;0
0.23128730859191496;1
0.9703744406084956;0
0.003406507643450561;0
0.2258944893195774;1
0.01553175546751337;0
0.1209385701127655;1
0.3925717342280732;1
0.40078893956199063;0
0.10333907315732456;0
0.13534923962580112;1
0.05752148186472463;1
0.052403143306657095;1
0.0068538815011718315;0
0.6320212896360516;0
0.0904777524436415;0
0.007521185607916188;0
0.9312737553636913;0
0.9759702930502869;0
0.22512393074346582;0
0.01003200462860254;0
0.01105258388414624;0
0.012219207606242193;0
0.2540312379055516;1
0.025493919073658066;0
0.658691452089898;1
0.09843019354397933;0
0.08622658923889702;0
0.5314028869779792;0
0.08763491341712662;0
0.004553173419151522;0
0.008307431614312532;0
0.009427418899611052;0
0.9679970268941466;0
0.015169345076249804;1
0.16041897516597023;1
0.20848092953706968;0
0.006164031654121005;1
0.03249181349717397;1
0.7725578699983795;0
0.10532066532293986;0
0.5275251811710441;1
0.20529781519433654;1
0.053186409984002564;0
0.27350594299766984;0
0.07197958590470631;1
0.022431390344743386;0
0.04807889648289169;0
0.8709646905495142;0
0.28819235607887833;1
0.0894345827059614;0
0.43561199683160523;1
0.001184032790737682;0
0.013217840875303281;0
0.2818789286549674;1
0.07804484338196686;1
0.09943479056142762;0
0.04181795943113762;0
0.9665861927757564;0
0.2472865265675708;0
0.010348531529420125;0
0.061820551413913544;0
0.4011765177784277;1
0.0010229869724524801;0
0.00010687266347142365;0
0.1788276934643903;0
0.01138037852835426;0
0.01993464274661334;0
0.8379156638448012;0
0.011169943866459824;0
0.005416184208666059;0
0.008501538093512428;0
0.014010621229369852;0
0.04289376984561206;0
0.36585049658485286;0
0.006026112295841795;0
0.011486544003842546;0
0.00789594101841116;0
0.05842170463544746;1
0.011182729641907058;0
0.6901992068979229;0
0.1658595535468793;1
0.00765653644461181;0
0.002840020009446734;0
0.1493421130280997;0
0.1889243683319217;1
0.14969943425452956;0
0.3850043109818011;1
0.014109182525463362;0
0.8239822710230222;1
0.8160165913107895;1
0.4919489100787481;0
0.005158252614500218;0
0.002540083881221106;0
0.6581076008983526;0
0.16763873099631704;1
0.0012354250790674202;0
0.35089367596041493;1
0.0020079263007864233;0
0.004483729936783488;0
0.12877204989655816;1
0.014259698401343276;0
0.00040830421162170547;0
0.9242090313515977;0
0.2060907069728757;1
0.00606709845955587;0
0.016833810074616876;1
0.025848496344300975;0
0.21112493634331417;0
0.004480384205758112;0
0.006687152055431375;0
0.01841724494091902;0
0.9339272252284332;0
0.0011988880191503596;0
0.9297248090260001;0
0.003740027748366562;0
0.012072147577116776;0
0.10138067091337184;0
0.011739299378731022;0
0.5123379114860159;1
0.005957785056410218;0
0.2671557423775519;0
0.1510216494839133;0
0.07057616534997112;1
0.9789510486913616;0
0.0531755209682096;0
0.15083349807028584;0
0.16321400528037186;1
0.014681300529374936;0
0.009975296508336602;0
0.04786575291958125;0
0.9781571875097659;0
0.16155814096050927;0
0.003770865205938232;0
0.12338505069001425;0
0.002754279381185877;0
0.01132075028147834;0
0.007167004018576979;0
0.22401656382665044;0
0.08139248089094404;0
0.028333749456914133;0
0.08761773275444357;0
0.5231656836209361;1
0.9346000210706409;0
0.9187106876675675;0
0.159341360975479;0
0.5005907393162485;1
0.3720509736052366;0
0.0019980560111164526;0
0.7057951563220488;0
0.2604592296545332;0
0.011096908936339609;0
0.004308952930230663;0
0.005741544015985253;0
0.087775933748744;0
0.3700752110046215;1
0.02615478735128603;0
0.739338763490313;0
0.0021391772691389706;1
0.3066828248323798;1
0.06863835540235613;1
0.031030961880453508;0
0.015453821510799642;0
0.40030038998586437;0
0.32001026429260476;0
0.8144675992415945;0
0.0022133878667155078;1
0.029789158607072208;1
0.09787588781147882;0
0.02969355482062394;0
0.007045481932822067;0
0.7840552968858391;0
0.025136909437869764;1
0.026315595018940364;0
0.20250934373724883;0
0.005923953985270859;0
0.21754170051533814;1
0.09226204284781708;1
0.6251866776309206;1
0.14943906499090026;1
0.6886235706777137;1
0.05755062136621126;0
0.09684985592306378;0
0.0775042246090452;1
0.6707040099116638;0
0.001612644600413727;1
0.04166871700610398;1
0.024479617408111005;0
0.025120131316072807;0
0.24448170910710124;0
0.0719959160208315;0
0.8453998149808557;1
0.28739375808030954;0
0.9740720066390918;0
0.014950718478838533;0
0.27695506287962623;0
0.0012293229317294396;0
