pred;y01
0.5874177065661635;1
0.8943468728097735;1
0.6203533484239735;1
0.7096934878923201;1
0.6203736134889729;0
0.5846703621560374;0
0.5672982468908147;0
0.7493063107058215;0
0.6305561841718417;1
0.5639074107164356;0
0.7543402588376915;0
0.8164942109155362;0
0.47902258517823737;0
0.6290469820985869;0
0.6419782544426402;0
0.49948853478595234;0
0.5365510637866231;0
0.26623303662407233;0
0.5234579938900871;0
0.449877082322349;0
0.7984917691989836;0
0.673893971374191;0
0.4718992294418203;0
0.6176678800012704;0
0.6227343222028499;0
0.5756880903720895;0
0.3379784422393355;0
0.8742193787639932;1
0.8919191611235582;0
0.9156242910789242;1
0.7960696004427951;1
0.7910345015317068;1
0.8648298627075928;1
0.8115562172659485;1
0.7484081879107856;1
0.6742498441985978;1
0.7531548061817819;1
0.7920970887894717;1
0.8029909282771526;1
0.95211373554952;1
0.8524364900941926;1
0.9680731555421911;1
0.804712618562986;1
0.7340079232801288;0
0.7215784032339778;1
0.7824668171940994;1
0.9250796180279514;1
0.7851139994215817;1
0.8267994045984413;1
0.8503989615425227;1
0.8019664164184535;1
0.9159213553484383;1
0.8352141548027104;1
0.807765848163878;1
0.8030431394529998;1
0.956178560922425;1
0.9131424546920223;1
0.9273156642086774;1
0.8321605323783055;1
0.8592167354930852;1
0.8212276848949466;1
0.7358173490797038;1
0.8371428908471542;1
0.8361991934952318;1
0.894556549860701;1
0.8592348756511745;1
0.7426677768789077;1
0.7748479531886261;1
0.8689678546719297;1
0.7415538171273774;1
0.8414494868450452;1
0.9010889239477754;1
0.8317183518080112;1
0.7988424923669691;1
0.7537570183754081;1
0.7851603619739976;1
0.8313558216232092;1
0.8598391625805543;1
0.625584559446543;1
0.7990768181091639;1
0.8723652092893133;1
0.8572988859246168;1
0.7518484474301123;1
0.4624426086766361;1
0.7001464686665563;1
0.9565310130971479;1
0.8485228942632517;1
0.7696307379101465;1
0.9628879248827601;1
0.5679168443100668;1
0.7490711832174278;1
0.6530925506079972;1
0.7359506982825796;1
0.716070759411606;1
0.8031931765253892;1
0.6993677934541643;1
0.5857769920460718;1
0.8931751289947907;1
0.6388991640681796;1
0.8036455393941343;1
0.7427232854481376;1
0.7496725663525051;1
0.7332523771782969;1
0.7119226455964927;1
0.7810884770500099;1
0.7165197087470048;0
0.6186475087942876;0
0.7051178069233871;0
0.7252023456743467;0
0.7985485665756645;1
0.9658857755510681;0
0.6267236306133951;0
0.7932076677119235;0
0.6927235592698974;0
0.7215782379710338;0
0.7846322955621072;1
0.7367590214431988;0
0.8262275481955799;1
0.8633622083620356;1
0.5809083083388793;1
0.817142610728852;1
0.7911543679867117;1
0.786367160840769;1
0.7932994265397741;1
0.8788083965522494;1
0.8026660161479212;1
0.6586645632006588;1
0.7948201045924578;1
0.43632873729871613;1
0.9556513828511501;1
0.8019998301155559;1
0.926900612285995;1
0.8575608003581522;1
0.754193811719633;0
0.7857296300370681;1
0.4166916302888907;0
0.7853544170924923;1
0.9975694912823845;1
0.4593175854695775;0
0.46627962653642396;0
0.6854191824857115;0
0.18023363192325095;0
0.3866374370842017;0
0.5994618086429983;0
0.4624345336116195;0
0.19822991445419821;0
0.3828738978657075;0
0.5116136386091716;0
0.5551641156446081;0
0.5302443906266994;0
0.49171013476973036;0
0.8030597331914359;0
0.6741134406048678;0
0.7093604923429315;0
0.5780326444885733;0
0.6104084922080367;0
0.25221397158021325;0
0.4630414823833986;0
0.47452242732011934;0
0.7368246882665331;1
0.7845830744122158;1
0.3467492582091895;0
0.7304984153502636;0
0.5507409970389672;0
0.11831432407953921;0
0.5315102903357688;0
0.18695965876555684;0
0.4263293822627299;0
0.3186826858729779;0
0.6648558332231611;0
0.08217331780941357;0
0.35339187376303094;0
0.48105353655077515;0
0.5823196785508873;0
0.5181232508338336;0
0.17752921015239687;0
0.895420651672763;1
0.799407841660248;1
0.7287557405626307;1
0.4817379298680938;0
0.7317437575620511;1
0.551273692535259;0
0.9845306775685349;1
0.7238933807434772;1
0.46094318508812904;0
0.5328332076816003;0
0.5878495624987521;0
0.6735055788572755;0
0.40059517319902105;0
0.62073075855463;0
0.6278567815204475;0
0.4668596030185876;0
0.8671712582222783;1
0.8175337258159947;1
0.815947039883792;1
0.5375415461777545;1
0.783328880068683;1
0.893104291621235;1
0.7692835228370561;1
0.7370693580132005;1
0.6139306434732861;1
0.8181391834027699;1
0.7450448394610755;1
0.8106074937659679;1
0.7963228673389867;1
0.6654745631446664;1
0.9206613684031888;1
0.6848507669844249;1
0.7868243431235383;1
0.752991710364691;0
0.7084554096000384;1
0.32508487164215144;1
0.7624170169674389;1
0.7851024015195166;1
0.7191329027884773;1
0.8107786685379159;1
0.8098957567384963;1
0.8166899676099347;1
0.793923388041816;1
0.8697415803764669;1
0.8515127610778903;1
0.5821391778892409;1
0.9098317425523065;1
0.7496076433215191;1
0.8681536658999803;1
0.8857003405165058;1
0.8591970193138423;1
0.8673150312964233;1
0.7561496007551033;1
0.6420860675921048;1
0.8189693618651601;1
0.8738295680645534;1
0.8902496563475283;1
0.8194034647816153;1
0.7720142333820323;1
0.9121314733104925;1
0.9462269926858417;1
0.8850724495044577;1
0.6871000027373086;1
0.8443181142215469;1
0.9673944413798075;1
0.9099506490749182;1
0.7444772382065096;1
0.9041170809061824;1
0.7871207706762771;1
0.866066808162632;1
0.9674553230715696;1
0.9300275306716344;1
0.8626485509895648;1
0.9215521902370774;1
0.8526276782237541;1
0.7647744389543011;1
0.8922027228106975;1
0.8061348550814591;1
0.9468710096639044;1
0.8244854563515246;1
0.8563741940540435;1
0.8378382096211316;1
0.8594100653996117;1
0.836869797740583;1
0.8731262515288146;1
0.8751684447220218;1
0.7763917839372447;1
0.8980428360562298;1
0.9409396244383198;1
0.8473032903004325;1
0.7917743397355287;1
0.7798827545690541;1
0.8223123250070421;0
0.8631081680234732;0
0.7108383688881501;1
0.67123589516153;0
0.826165543013593;1
0.8243323435943148;1
0.828463108244513;1
0.9048617518667371;1
0.7725299279368749;1
0.9086730182591197;1
0.8421152836444381;1
0.8051011742727756;1
0.6409146760655212;1
0.7939581116765042;1
0.9426508874725752;1
0.9543907988305482;1
0.8189143941907521;1
0.8540446350095354;1
0.8252183690991254;1
0.8289776708857316;1
0.7283919674067928;0
0.8439040806150985;0
0.4428763219979764;0
0.710971828568034;1
0.8296022633722621;1
0.8173916789066936;1
0.8096166082748967;1
0.814805686190936;1
0.7287141159674814;0
0.9146986596045844;1
0.8192176873671959;1
0.7070119251750697;0
0.7489532631751661;0
0.8098229933026745;0
0.7766809407983724;1
0.3655886271835343;1
0.9436707194227126;1
0.8713267200436657;1
0.8282937571798972;1
0.9542009578018205;1
0.9049127204181757;1
0.8236735148406401;1
0.7638980835666669;0
0.7713913617212608;1
0.789818338640883;1
0.9289514724293072;1
0.9522552932517494;1
0.7279546095609887;0
0.7430188606734268;0
0.7441030812634398;1
0.7595567387243147;1
0.8798354057252303;1
0.9288290918477566;0
0.9410427882711873;1
0.7940757337507602;1
0.7332074502102528;1
0.7485192975771937;1
0.9709526785814562;1
0.8815536466806145;1
0.7184341004297784;1
0.6561813445071305;0
0.7798814150823153;1
0.6888077294879182;1
0.7777882822132195;1
0.8146405391171021;0
0.5195539160763651;0
0.6893454973295572;1
0.773373445108693;1
0.6602352141675553;1
0.8503994171269393;1
0.855008023291651;1
0.7158761720292495;1
0.6356583292215031;1
0.9722730596519998;1
0.7133825015641524;0
0.8370597847854497;1
0.7431660564904186;1
0.9046890239320735;1
0.8120387873748568;1
0.8379421648551839;1
0.8076806161533843;1
0.6665209465789387;1
0.7867861498775711;1
0.8519743875374327;1
0.6621231496849561;1
0.8017472273755124;1
0.6710364059648265;1
0.902801059010606;1
0.7950495849569245;1
0.7524924940490948;1
0.8655367997745387;1
0.5322095818571059;1
0.7687377626019342;1
0.7188658634916171;1
0.9468272724992521;1
0.7785345924627849;0
0.8066321054529815;1
0.7675607859548548;0
0.7620546718078912;1
0.6687188794548694;1
0.7406221528825584;1
0.5431617593991834;1
0.7478317918408608;1
0.8800087096307471;1
0.8082880125500845;1
0.9315406097840735;1
0.6622317178732903;1
0.8249606213858766;1
0.602300799480294;0
0.5573630575422575;1
0.743925964020823;0
0.7220410764146461;0
0.7981070842186297;0
0.3747850556415386;0
0.9787916219466805;1
0.9085011844987136;0
0.8090164815899419;1
0.7938373960184287;0
0.686248639096739;0
0.5944402704874392;1
0.5848803941554238;1
0.8483164564055536;1
0.90557166351773;1
0.935289805873228;1
0.6613971367902646;1
0.7818514608296727;1
0.7653362224384708;1
0.8601122356560693;1
0.737503149907315;1
0.40677198676281867;1
0.886847216420837;1
0.3366349922074438;0
0.6763121333807683;1
0.741977617797898;1
0.9396106550049841;1
0.8197617705149929;1
0.5991281619439657;1
0.7576403368612228;1
0.8000387471981183;1
0.9213060444635454;1
0.7954947633295619;1
0.42096095907307246;1
0.7914556205053308;1
0.7564798847437089;1
0.7769301741955728;1
0.6275197858074248;1
0.6383387987624103;1
0.7534469128161475;0
0.6943847220747404;0
0.759293280953941;1
0.6860657819882784;1
0.6584794018058711;1
0.8917082949640938;1
0.8398046542144574;1
0.6857192472389174;0
0.7455618729510378;1
0.7019408814491885;1
0.9533805637108914;1
0.7698609348223706;1
0.8645364387886771;1
0.7850363509042376;1
0.6965490340839168;1
0.6145890565597317;0
0.7581280397139607;1
0.7541831401270546;1
0.7909380065662086;1
0.7509280091633552;1
0.8863050922277622;1
0.7908997859504253;1
0.7310063854397248;1
0.7202628322546375;1
0.7847912491599659;1
0.7324808159679103;1
0.8300280323959546;1
0.7439427065595688;1
0.7799678341725809;1
0.6678784406520977;1
0.4479110997595843;0
0.767527502928812;1
0.9549154693453392;1
0.7514585135784093;1
0.12729356060731112;0
0.7528639133547079;1
0.8043128649102987;1
0.6928669120581222;1
0.7454537209116897;1
0.7208968243602561;1
