pred;y01
0.8204509793044469;1
3.607185280411596e-24;1
0.0052413582546809775;0
0.1745979079876084;1
2.5353798787272445e-07;0
0.9997300656201299;1
4.829633374819909e-13;0
0.002464861439677206;0
0.1634430442036408;0
0.10045595930970794;0
0.18580817858136955;1
2.2818979347105225e-07;0
0.5884915292740205;1
0.016922618280187672;0
0.00034701766746855447;0
0.0007822430404326837;0
0.708162738253818;1
0.4857940720003956;0
3.1149613888860185e-08;0
0.12145803930045;1
0.03789171006450397;0
0.0034774178702582474;1
0.10158902771635159;0
0.002296590066991263;1
0.19123007537311304;0
0.0019123975020874592;0
0.020651167365120116;0
0.12165264115997783;0
0.0038472461264415143;0
0.2417148121700266;0
0.43349545763043584;0
0.12309453966990962;0
1.8423838166641674e-14;0
0.33512242710401596;0
0.003475895874558003;0
1.588979712033605e-06;0
0.20619280143763147;0
0.11547080667100687;0
5.095368711558529e-07;0
3.2635999993842346e-05;0
1.411497261250652e-35;0
0.027041880421456454;0
0.00024009672655858188;0
1.4747631478396895e-08;0
0.2414281118115209;0
0.12688805811194115;0
0.0010186016611026555;0
0.1547260655209584;0
0.45350687031738657;0
1.7217265723736906e-06;0
0.15400743692241772;1
0.005204266297268743;0
0.05924962862733444;0
2.9142251747797454e-20;1
9.095814348252312e-17;0
0.005492599828583717;0
0.5418984288352269;0
0.8165979919601567;0
0.08296467641903525;1
0.011285953648560483;0
0.1488836407484304;0
5.444198140337742e-05;1
0.004270417852891803;0
2.2953274787152427e-70;1
0.3016616674724638;1
0.2174782619919239;0
0.2406831933317925;1
0.08696810526496809;0
5.3465607435506606e-11;0
0.09259683071461267;0
0.5304043021399841;0
7.062724022646878e-06;0
0.6705324137261789;0
0.0011680063459879597;1
5.1502243953090433e-26;0
0.00980534634114691;0
0.23913316243469027;1
0.9883191909991028;1
0.45148493568776826;0
0.13634305451784143;0
0.2627758817278246;0
1.0254308163596323e-05;0
0.0014841578163635064;0
0.011102336163616295;0
0.2805347821982729;0
0.44726335342782264;0
0.1499723591049645;0
3.716919283668372e-05;0
0.3608931720454832;0
3.039641382001618e-07;0
0.17369232515647634;0
5.364038401049012e-14;0
0.3647464959969498;0
0.866538809854401;0
0.5761379344534066;0
1.878004965122515e-14;0
0.24226544944707232;0
0.00142500945737477;0
0.2501910304026821;1
0.6472123936898482;0
0.8482272586967017;0
0.2556754991319946;1
0.5902624793111448;1
0.652054931177876;0
0.42046316511119264;1
0.7466145990162291;1
0.39129295480645276;0
0.0012037114801216533;0
0.2393857877385302;0
0.11580432495157109;0
0.6781191209291456;0
0.005189562011778861;0
0.3863753829636638;0
0.18274204468279914;0
0.8125694301093841;0
0.07140965223599069;0
0.4531277849073409;0
0.09533690196593853;1
0.9892450589402909;1
0.5055919735691907;0
2.4458115698615638e-20;1
0.7255543019434196;1
0.20620079537727207;0
0.20022546668678007;0
0.9584549829566658;0
0.20097857103251293;0
0.173368541071165;0
0.6064920530972708;0
0.2564159871382669;0
0.13252224563890394;0
0.07025392461130794;0
0.18224074670851598;0
0.41682099176637033;0
0.3989439617045746;0
0.15470325074602834;0
0.16328634966692432;0
0.297849453338895;0
0.015250208858967088;0
0.24236754263659038;0
0.002741521615920208;0
2.984088684248759e-08;0
0.41899949699481215;1
0.37830513387522124;0
0.0007153874883620713;0
0.4588370923871901;0
1.557501806276715e-18;0
0.1317281988001297;0
4.658716066994661e-11;0
1.5322509853368998e-09;0
0.36001441507164766;0
0.21566953801557234;0
0.5480631459055232;0
0.00146047750248055;0
0.5708764230222327;0
0.1890377780247227;0
6.498504360771665e-69;0
0.13436855828617056;0
9.914392132274355e-06;0
0.165473794242497;0
0.2961910112369644;0
0.7390943153749718;0
3.4543200772457134e-13;0
0.7866601805014332;0
0.6462439279623012;0
0.3825897724638695;0
3.450385620062214e-21;0
0.07090436779580575;0
0.7595497626898051;1
0.17523983880590438;0
0.20972498189393404;0
0.09212764470450459;0
1.0352125899755499e-10;0
0.34919854126833005;0
0.003502654628241359;0
3.1801139837077288e-18;0
0.3614658125894385;1
0.7450916368939916;0
0.2116965647935037;0
0.15285283908883254;0
0.2337032909228749;0
0.19263475528608434;0
0.011692694055102013;0
0.2246472521198531;0
0.30758480034617847;0
0.8636374612948978;1
0.18219346347825388;1
0.00044159748297498857;0
0.08532775021766015;0
0.2848403277000963;0
0.2154741158140828;0
0.3027646156061744;1
2.2044554368509597e-11;0
0.021801550587388897;1
0.582066210240537;1
0.23163527184852456;0
0.002555973804061975;0
0.4980662554208206;1
0.14043098515242575;0
2.0257144634400035e-18;0
0.001581759083528371;1
1.9906733165388447e-13;1
0.13733684183500447;0
0.049859999007385664;0
0.35241767818894076;0
1.087740939680982e-08;0
0.08514406678149591;0
0.45046285543338643;0
0.005519024463888754;0
0.15830388257227365;0
0.41923268326720375;0
0.6081828586804188;0
6.822458611900219e-17;0
0.46798210285758746;0
4.701676958831957e-06;0
0.006986199609733908;0
0.6793074371494714;0
0.3027626125838427;0
0.07269884117439938;0
0.033313525362534374;0
6.849863006881268e-08;0
0.2270507553260161;0
7.72160040777736e-21;0
0.5460162497093699;0
0.1642975846088805;0
0.021453416632748655;0
0.9510545806441678;1
0.3666593220463503;0
0.2323843172592886;1
1.6398128722411788e-53;1
0.08919548949445363;0
0.28041270507364235;0
0.5906107677281367;1
0.1398741035846319;0
0.16802484390079658;0
0.3147815380672968;1
0.5415933294623041;0
0.35568436867181097;1
1.5884433057719658e-09;1
0.5812357371994354;0
0.005028691411898746;1
0.38495129754222407;1
0.3923222247944938;1
0.7377484324491107;0
0.005792671846966234;0
0.27262522378051585;1
0.23298726007238227;1
0.19542270056404454;1
0.3134244864729355;0
0.5431483681207989;1
0.18182344089185337;0
0.1295750920422966;0
0.13423810228988375;0
0.13252769082811192;0
0.35922818966291925;0
0.7877230704666773;0
1.2759091887177667e-07;0
0.39339598991306446;1
6.861615038056202e-43;1
0.3910262703325583;1
0.00047874618851837306;1
0.729800779991012;0
0.1130017355131476;0
0.005432163756652559;0
0.0004844904840965391;0
3.7154577945006833e-09;1
0.026852649549848628;0
0.33157101065077366;0
0.49867503483337855;0
2.0668480271603295e-05;0
0.31158043703292815;0
8.382905744814777e-09;0
0.2541911065622519;0
0.002154196842888371;0
0.0850826388286519;0
0.606018620985619;0
3.7581151086419267e-06;0
1.3443089706653853e-05;0
0.14323849091229054;0
0.6796335573943912;1
0.0005457088043720409;0
0.7003921825746495;0
6.473434593706981e-05;1
6.338031701306107e-17;1
5.8188486912501366e-05;0
0.6520934965420603;1
0.13326522048317924;0
0.6152532899691989;1
2.099743448870528e-25;1
1.0718988792592366e-31;1
0.07302334674118195;0
0.36248896884065285;1
0.11969611359162373;1
0.05034811656902063;0
0.4576347360915919;0
0.4212615515952648;1
0.10115291228033463;0
0.989912999531585;0
0.005820084407311679;0
