pred;y01
0.2977517367478456;1
0.2750978706948648;1
0.16237192105273832;0
0.2897772539042805;1
0.27424377834498437;0
0.27934639139624606;1
0.3021833298370135;0
0.24690784920292758;0
0.2498013251233715;0
0.22579999837551798;0
0.2515911792006691;1
0.20237641369160278;0
0.20687283921368246;1
0.1965406647883456;0
0.2836648587109193;0
0.2192432891909354;0
0.33506825609658525;1
0.13563312020830637;0
0.23355907531663261;0
0.21499385108054594;1
0.298833744913458;0
0.1589506351526232;1
0.1679251070069494;0
0.29642420950225695;1
0.30079390184233723;0
0.22268780260258958;0
0.18665440946124587;0
0.1825594916389636;0
0.16136732472253154;0
0.18784163254136543;0
0.2181682045086647;0
0.05855351384920823;0
0.17566113891597723;0
0.076209798034237;0
0.10154135993210772;0
0.1719223109015246;0
0.09341599224009067;0
0.09753537284253828;0
0.1521279488087468;0
0.16004318362114028;0
0.13630414745366493;0
0.14308968105572245;0
0.1571057369973388;0
0.11640056522689808;0
0.2558204147134197;0
0.10756519907703849;0
0.11644505178973076;0
0.1339274801640813;0
0.17700213958753708;0
0.23957868844670682;0
0.25409211155469286;1
0.24764038378262726;0
0.26149211736848876;0
0.36549431485697553;1
0.2372311516590589;0
0.1452686555665588;0
0.1169838057581501;0
0.1239593506322246;0
0.30280880727130993;1
0.2134420983276512;0
0.16469325932869538;0
0.2491615779961081;1
0.18255163274693215;0
0.25392286830642663;1
0.3564139258894727;1
0.25039020248886024;0
0.342184078084476;1
0.21194911743363898;0
0.21512447088315284;0
0.38552251879728927;0
0.2316924147928177;0
0.24923340544318065;0
0.22404693400395378;0
0.3120674033279653;1
0.28024590466352034;0
0.18096830663669405;0
0.33287346462955847;1
0.20860239420074655;1
0.1539519091233669;0
0.16180652313856864;0
0.07441804731653971;0
0.15298256904826738;0
0.21839759227658198;0
0.11628556166821576;0
0.10649406683120025;0
0.1253629196631018;0
0.25390169446790933;0
0.19350345700333021;0
0.20542646201270465;0
0.14991986902198312;0
0.20442831292324454;0
0.16040641398603223;0
0.23183444611246054;0
0.25197389144441384;0
0.08333994846817835;0
0.16566501736405345;0
0.23192471475268955;0
0.20093140169432322;0
0.33561021826086035;1
0.2898124733917116;0
0.2892113944854633;0
0.27239873270908266;1
0.2539070233848224;1
0.269783984424236;0
0.2440609025962593;1
0.26012527654664913;1
0.21758511232649227;0
0.20665376281686132;0
0.19579224185407218;0
0.14850527139693329;0
0.16074827225066252;0
0.12045090271262913;0
0.3084350205196655;0
0.22777186469923488;0
0.2386956765610119;0
0.24251841073124755;0
0.2907636957500929;0
0.2694893703781801;1
0.34043784144697453;1
0.32500736987907974;0
0.35638978392724185;1
0.29239151165987;1
0.17791024527766355;0
0.18977560153769807;0
0.23191425946602345;0
0.29184025430786736;0
0.2948404028805585;0
0.2270712480231367;0
0.2665347385413483;0
0.26944179957133496;0
0.17452926714647146;0
0.12129579371584824;0
0.2255778491611106;0
0.295670947370564;0
0.21346105558483808;0
0.21453713372488772;0
0.23470399862705227;0
0.17614759535437857;0
0.15964479822155234;0
0.23720985243443135;0
0.18952270693059073;0
0.3907086486672922;1
0.23603444068103283;0
0.21727305099389016;0
0.13567675655812686;0
0.2898345705494217;0
0.1789454052684994;0
0.19510154787651554;0
0.23920010838718772;0
0.26254447835064504;0
0.30041503801246666;0
0.235612520867686;0
0.24062830616340905;0
0.3530755277549135;0
0.2712881538361529;0
0.25752761425103937;0
0.2127965204768777;0
0.1890785185711691;0
0.16529023740546078;0
0.1734585587313141;0
0.3543841740351491;0
0.17913214910122366;0
0.1598804146553921;0
0.19092908118535548;0
0.3969763910038313;0
0.23627852963699017;0
0.18599984606532183;0
0.1624004711116201;1
0.1882124724158251;0
0.1563945358205591;0
0.22856008080802134;0
0.1851069798398697;0
0.21383059625974157;0
0.40200255983914046;0
0.1622599874198507;0
0.2374454258025569;1
0.18343633518901822;0
0.19040795013130654;0
0.11619338181637907;0
0.20587375076034625;0
0.11387507162765571;0
0.15512397507646805;0
0.20195613938401155;0
0.2647357260958337;0
0.4130661712449858;1
0.2030306241796666;1
0.2822285795466794;0
0.20232632519523092;0
0.360348296690426;0
0.29245856391133335;0
0.31626058834877174;1
0.25433377679351327;0
0.27646711140507435;1
0.42688339585194285;1
0.12214332529830242;0
0.2641237082943612;0
0.23729410740454304;1
0.2218484430824047;0
0.19424875529153918;0
0.2657861890424489;1
0.24587835944887623;1
0.17727099871730265;0
0.18318835991674734;0
0.2117025934118321;0
0.12266249187783453;0
0.15778665363086156;0
0.13638936137573107;0
0.3003753447600369;0
0.2506854614669108;0
0.2543992843671163;0
0.1814467384301307;0
0.2067470865106911;0
0.3303914984529885;0
0.22348144873338716;0
0.263347453296283;0
0.22749914156633558;0
0.23065971463293078;0
0.31621441580906534;0
0.3008682982066924;0
0.28778668361251186;0
0.24089131082245122;0
0.12043825298663344;0
0.15424289320619589;0
0.29862624666149307;0
0.2665430274545283;0
0.3320471805682417;1
0.27701133160231456;0
0.14483039811429962;1
0.25821505609820006;1
0.240073920256093;0
0.1526754392275596;0
0.26307723209925965;1
0.20821438660417557;0
0.2009111953594894;0
0.3222895920597047;1
0.38013814410000785;0
0.24647619987910552;1
0.3409462364068734;1
0.2780041342399616;0
0.23306045246647394;1
0.2784037793907344;1
0.25556510187978904;1
0.2690473280911943;0
0.3494395327134679;0
0.20097279737199678;1
0.3001122420118311;1
0.27775231110047194;1
0.2685604441191549;0
0.3236879416119808;1
0.30275538143620717;0
0.16374563550238133;0
0.19065297870616937;0
0.24514474214636747;0
0.30441548825328185;0
0.25499506424559193;0
0.2719141348024758;0
0.3280929911622845;1
0.2873994450496436;1
0.19346983391123945;1
0.18942109851058872;1
0.1966820356668436;0
0.2129913005117716;0
0.3395859653901836;0
0.27824395068755736;0
0.47984391447740643;1
0.32752982889753346;0
0.23744947436455902;0
0.16436621753665115;0
0.2789028010533234;0
0.12885109714762674;0
0.2517657106364635;0
0.2569818968254794;0
0.28732900832875474;0
0.2894058753241494;0
0.15726888254506935;0
0.1905355016606273;0
0.1697974125290599;0
0.1292025197160557;0
0.2999721657783905;1
0.2951782080235625;0
0.31337736268745053;0
0.22424433269352617;1
0.24100217030858526;1
0.1514419693224223;0
0.39022297947287937;1
0.35787575510609726;0
0.3046255508419842;1
0.252392678254331;1
0.2602441796481243;1
0.16777718095147384;0
0.35009355743117904;1
0.13224415012545748;1
0.21270114180986874;0
0.24287269233216835;0
0.2534716129585868;1
0.21662330567814295;0
0.2632042210332869;0
0.27777351158549024;0
