pred;y01
0.1453607004253827;0
0.1395958223174495;0
0.11387747714267837;0
0.14361853909338748;0
0.34694481686672163;0
0.21562899808613561;0
0.2178699159593389;0
0.22526041570438646;0
0.3561452298761503;1
0.15024353391910827;0
0.15866635328693054;0
0.23190698829762946;0
0.22891688138079472;1
0.2883845893247176;1
0.14785837771550936;0
0.23599115064766119;1
0.22888957221886358;0
0.3346941987159066;1
0.20678439975877025;1
0.14321635951056863;0
0.1428718369947587;0
0.19230468528579198;0
0.1733424186721737;1
0.20505101014624616;1
0.12260293666269896;1
0.1953191595017817;1
0.1991909507532744;0
0.2799065921480461;0
0.3443510387288164;1
0.18163921630442845;1
0.23676018936859486;0
0.2508874286551362;0
0.2150271851706967;0
0.30154060306934316;0
0.314869211969102;0
0.2974029182256986;0
0.32002810121921715;1
0.28371408697045414;1
0.26800732219146933;1
0.23683664234533075;0
0.337574373919642;0
0.16052134347704886;0
0.16836085615421173;0
0.17786569883617134;0
0.32703201753192396;1
0.3253622245252623;1
0.36239855273846466;1
0.21191296409209268;0
0.30833427233393373;1
0.2432238404950514;1
0.25351310518339465;1
0.3268581392250117;0
0.24400956367421806;0
0.27314545736631146;0
0.28974130814423277;0
0.4245122593900174;0
0.31031460791249466;1
0.15120666789525739;0
0.27162003475360763;0
0.2553823424409177;1
0.3949993981765098;1
0.25496436865177996;0
0.1796504272997301;1
0.3066766335539839;0
0.16768541921491972;0
0.35535633898973573;0
0.1989382113149431;0
0.22409570640106427;0
0.2043356989423545;0
0.1567736448048908;0
0.14433034147276289;0
0.17725725970195494;0
0.1715918829532618;1
0.20358218397555203;0
0.33018219652329617;0
0.3228467750657317;1
0.23455859981854915;0
0.26749917038146015;0
0.3313566563088145;0
0.46639378606788273;1
0.23529256073115534;1
0.2659397743539423;0
0.5011343377060818;1
0.3013813943288158;1
0.2850260356829451;1
0.25331309315323614;1
0.3306451920235998;1
0.37242997318712684;1
0.3542414322808447;1
0.2508586790447536;1
0.4772191360719958;1
0.24696678589054763;1
0.5489138029143767;1
0.28246774037715194;0
0.37168316704786386;0
0.5343668551695071;1
0.3981453384363838;0
0.3392261275300138;1
0.3134656770562844;1
0.3965037781910075;0
0.29157206835587957;1
0.3918135102973728;0
0.35000732481961644;1
0.2793820549643258;0
0.34543651274452225;1
0.5043258471099435;0
0.324440589085505;1
0.4027005035118413;1
0.20917171637008442;1
0.35712368710510645;0
0.4483452314132457;0
0.3456805280526231;0
0.42689689888600646;0
0.29128169618719135;0
0.15704482312817147;0
0.1378848859511781;0
0.4738980270181059;1
0.2909538831549042;1
0.26544809380189593;0
0.30700653876139755;1
0.4229573764319656;1
0.3980970165157136;1
0.3601624421681178;1
0.31372987519878615;1
0.33859081977769356;0
0.38720074191193543;1
0.38519649621925744;0
0.2088637041874243;1
0.2568262872824539;0
0.36810787579171095;1
0.15698549633801961;0
0.4088608600248544;1
0.37545859340113674;1
0.4152467669851839;1
0.37657998636246837;0
0.3717588301815181;0
0.15518905820117213;0
0.10874548420965588;0
0.1424547956789734;0
0.35173053572684554;1
0.22631978800970082;1
0.26207276236779153;0
0.1985990857951327;1
0.21616013093887315;1
0.18152648786894726;0
0.2701162728216242;0
0.1440664848899326;0
0.3120883140300833;0
0.20234259608032504;0
0.3163334023545729;0
0.17453535580744045;0
0.30288354551595875;0
0.21326360351290335;0
0.27199875162508225;1
0.45533121390105624;0
0.4127879834276955;0
0.40770411631345177;0
0.20549092579043185;0
0.10865998353875446;0
0.1312335543786721;0
0.13206179756364023;0
0.17319662990886642;0
0.20268686591174803;0
0.4235412771279315;1
0.19922374081014546;0
0.2971459421197932;0
0.508842571571672;1
0.44450355468785574;1
0.4693894765845831;1
0.3858175297010942;0
0.42154798067394594;1
0.3488659277154364;1
0.455317090473885;1
0.3550596204193317;0
0.4801646723391325;1
0.4419181156447183;1
0.5778901068266887;1
0.5048812207214917;1
0.5349248403782771;1
0.47845335074476447;0
0.37103325012076516;0
0.45140393762951675;1
0.4235568231519941;1
0.4959497505029935;1
0.40053252098199366;1
0.30320665800290547;1
0.32149370981210107;1
0.45928471008015304;1
0.5491973647499473;1
0.5210086019763384;1
0.4552002824948313;1
0.47495280705884757;0
0.6567114328737915;1
0.4500002608353678;1
0.46498856024089685;0
0.38995209871750497;1
0.6949327809120854;1
0.8070508796690026;1
0.6096924159174226;1
0.6125168123673186;0
0.5216423880919271;0
0.5117975446231897;1
0.6178422100601676;1
0.4506821432776146;1
0.6402748272142993;1
0.4442417126242572;0
0.36900647157007616;1
0.47131522597145276;1
0.26506051923298135;0
0.3974096038006899;0
0.2728526930269259;0
0.16368009271864742;0
0.16288000393604377;0
0.14652299002072985;0
0.1566712095370962;0
0.1664604798141149;0
0.1608098024026983;0
0.5609644533069582;1
0.3021845200742235;0
0.1850635258130244;0
0.21805148328771762;0
0.18977302284001613;1
0.40193061530911384;0
0.19111433245182127;0
0.259601874920319;1
0.30744368827039;0
0.2714399737757816;0
0.19608414553076067;0
0.1508469646926131;0
0.3830502447888301;1
0.16689335860808818;0
0.2648750630921032;1
0.23604886567264408;0
0.2777853791667539;0
0.3024469729540033;0
0.3637908952676425;1
0.2269848279867825;0
0.3115693740862008;0
0.35052591120713233;1
0.27313289472289154;0
0.16558124774097807;1
0.13830302453090085;0
0.1005421368721704;0
0.36947549854419437;0
0.34583041150585103;0
0.12068784520267128;0
0.2365042768252203;0
0.24077093293657112;0
0.1395304537043243;0
0.16934907761159843;0
0.267435038246419;0
0.21080438756102013;0
0.10119474282416742;0
0.1182891066498349;0
0.20595120547996343;0
0.2600996287078783;0
0.15374732446277037;0
0.13101465563913733;0
0.19385754156204887;0
0.1574733958388028;0
0.14848868879215874;0
0.11863392303731299;0
0.16086624180286455;0
0.1583566409786701;0
0.15594153036092165;0
0.21184848802378725;0
0.1058875734049397;0
0.24102059366852954;0
0.2195894845521931;0
0.12472252539893443;0
0.22610533625683157;0
0.18106970422067611;0
0.12976981467471332;0
0.09973060006491945;1
0.22873764263495228;0
0.14108777495104627;0
0.14851537862393505;1
0.18900683514577626;0
0.2399671607157722;0
0.15340356756634688;0
0.30278881567197996;0
0.36278965844162386;0
0.26367961920793265;0
0.26414738117783326;0
0.2779750115842239;1
0.3589634748127844;0
0.29506954160674176;0
0.3500503277781561;0
0.16433646837613639;0
0.13218434960040776;0
0.1938242144444485;0
0.15478136037466622;0
0.21493826353725443;0
0.16583374101544643;0
0.3654056646536553;1
0.3767972206436145;1
0.1252760285481827;1
0.21738120886246445;0
0.15537317131952977;0
0.22749091022976778;1
0.18538601754362952;1
0.12458314425304756;0
0.29000667612754216;0
0.18526095676484264;0
0.12074168758138205;0
0.14654621014747304;0
0.24910176441486281;0
0.16046613461747905;0
0.1934908851908278;0
0.3064703515859381;0
0.2527676910237399;1
0.3109144318163586;1
0.24945551487968656;0
0.2729720398752734;1
0.18209057215139532;1
0.14046543174463288;0
0.14694769203267435;0
0.3090557776798534;1
0.15434382553936807;0
0.18498889491479625;1
0.3110571182591313;1
0.18820321123870265;1
0.21125691376031297;0
0.20402741632207716;0
0.2560840917131766;0
0.22048495471165022;0
0.21618212489983632;0
0.17068416575966128;0
0.1917749860650909;0
0.3555529286313618;0
0.2709739160969196;0
0.1477613860577851;0
0.16786094427045697;0
0.22664076231305577;0
0.1818511008008699;0
0.19137705873646418;0
0.3367165194545675;0
0.19941970074060536;0
0.2607995762370599;0
0.19116431682885834;0
0.15170000956159094;0
0.20625770811542707;0
0.1943263600915556;0
0.141566778319083;0
0.22826784915813036;0
0.17762998255405324;0
0.1377177396228215;0
0.18699874132459984;0
0.18748475762769634;0
0.28855055832584414;1
0.13058588546863936;0
0.13969062235448126;0
0.17605671725232638;0
0.2181771053060187;0
0.16781130674697903;0
0.25484193990055515;0
0.1342685449329185;0
0.17418724886459;0
0.27421208019867566;0
0.12410561511169534;0
0.19784699094866195;0
0.13124265958405557;0
0.20086354987077926;1
0.18691390805059116;0
0.2913800749615826;0
0.23257464828435964;1
0.221854885786399;0
0.14610111548118881;1
0.22956570654053976;1
0.16116621165449432;0
0.26592086856883457;0
0.12453636538093327;1
0.2687121131051987;1
0.14251377654302816;0
0.34724672458708494;0
0.1424256481867719;1
0.3058822963579149;0
0.4077001857277944;1
0.17619801789715203;0
0.1601762981564949;0
0.30710194529993357;1
0.42539749264765697;0
0.43983360670237204;0
0.2555760176857666;0
0.48673515245342447;1
0.6531245935301768;1
0.7015706215547065;0
0.34839438225998537;0
0.6616539903648048;0
0.7291499274328785;0
0.6637790781482743;1
0.5840403033028431;0
0.7526867921756912;0
0.8106882994259854;0
0.6260350491196708;0
0.743505391993261;0
0.5310483867224025;0
0.6305319645180062;0
0.5493435573999261;0
0.3516548760712987;0
0.4918899077141386;0
0.3986767950742148;0
0.6271714353809981;0
0.6029345421402164;0
0.46853099336223164;0
0.6196171484663455;0
0.6501610460281673;0
0.515948345677568;0
0.503549345258821;0
0.34850994697193743;0
0.21918523595897263;0
0.294582758688732;0
0.3001121994639371;0
0.13879629678615282;0
0.26469409864383897;0
0.2923665709608332;0
0.30179920213936234;0
0.5754100372716241;1
0.144829324485952;0
0.18728836307139682;0
0.316775942479071;0
0.33057466321233275;0
0.410907449960696;0
0.42191931187159304;0
0.29830154776037804;0
0.4150614217124475;0
0.2577011309903309;0
0.46224820427169705;0
0.4968816531941791;0
0.4402021981031005;0
0.38263895592734964;0
0.35331618645102625;0
0.4006034261231189;0
0.36143266489033987;0
0.41111554945999984;0
0.34250088459685835;0
0.49736610305733236;0
0.24370639854085335;0
0.3577496241900833;0
0.0942325903511024;0
0.15351602583631763;0
0.11261104278669641;0
0.12872085321547017;0
0.15829234101668577;0
0.12757169391457787;0
0.1209268339604155;0
0.1385912723950608;0
0.11483589986977391;0
0.12136682143506322;0
0.1876433994784322;0
0.13279006602772989;0
0.14783072610491374;0
0.21529858578430242;0
0.1381384283621882;0
0.14915698606629696;0
0.22426942589372795;1
0.2213974641844389;0
0.2117959587272363;1
0.2502531944825568;0
0.14334878635573;0
0.19614995017028386;0
0.09315170372642047;0
0.24704647500268934;0
0.1540355299601063;0
0.13516121676742782;0
0.3110989806811764;0
0.09907626236909067;0
0.13177412104468247;0
0.21338079922105402;0
0.1460927497060569;0
0.18202641531770947;0
0.26686235374875744;1
0.20054684345904725;0
0.24566578290001947;0
0.21414250516125688;0
0.27356101897042107;0
0.35266710323287165;1
0.17446195929726804;1
0.15673856932781005;0
0.35280059076000037;0
0.40987829846651486;0
0.0879865305040438;0
0.46036524352743313;1
0.2462256146645009;1
0.2338234488872046;1
0.2957962487045565;0
0.1001216284022615;0
0.09905842247886795;0
0.11560545714927953;0
0.19842269972853369;1
0.17865580077527415;0
0.16288648731538913;0
0.1747908845269697;0
0.2063427025401945;1
0.13796610503064766;0
0.1288099029995573;0
0.18205420025418378;0
0.16544448767915376;1
0.14493075841569636;0
0.16136157919240024;0
0.12759347172383004;0
0.195261776985091;0
0.24542794454352895;1
0.14947609619691293;0
0.22524504841867915;0
0.2705899685479447;0
0.17052052793817724;0
0.23217795946010902;1
0.16390949104175986;0
0.3511800642977095;1
0.1600394725321748;0
0.12222621215011661;0
0.12341748680665925;0
0.2946016294075231;1
0.2548992398984449;1
0.1268832412348596;0
0.24601607292417163;1
0.17221906967894152;0
0.8819339083194834;1
0.7122971734601994;0
0.79036215511699;1
0.7363253402102417;1
0.8457439859917772;1
0.8005533761210247;1
0.8124024872778643;1
0.7343697004684044;1
0.768976549003735;1
0.7780644690090532;1
0.7465084335882077;1
0.8189643197019078;1
0.7597205244191622;1
0.7769976397964082;1
0.890837792317083;1
0.6774640325913321;1
0.8194747904085722;0
0.7897824035255693;1
0.8462437705580401;1
0.7732403069564456;1
0.8010909594324792;1
0.7962935067721404;1
0.5102333142198858;1
0.7140499655358604;1
0.8620372219425296;1
0.9016720442299127;1
0.8121875580102612;1
0.6809057601437182;1
0.8766255684634899;1
0.8909759532093877;1
0.7990574896227722;1
0.8560996016532197;1
0.7117964804002794;1
0.8215046099807561;1
0.5634214988142964;1
0.787834508010055;1
0.7325864637585879;1
0.9015543119291911;1
0.9137464756740393;1
0.7665337666787462;1
0.8007387877325033;1
0.8723274668883324;1
0.7966393120392895;1
0.7251392118845391;1
0.9229554313473215;1
0.561947695341933;1
0.8069524689339931;1
0.7375993353020818;1
0.790374543976926;1
0.7223583288294989;1
0.7824721136223917;1
0.7584261693795651;1
0.8619216137617378;1
0.8047798983524072;1
0.8332275641575083;1
0.7393229230965043;1
0.599908247170687;1
0.6915358987321839;1
0.5464204906600658;1
0.8347662133394862;1
0.7702101772817183;1
0.6340625529961949;1
0.7917098132485461;1
0.7588112942912288;1
0.8557223423943395;1
0.8227905647655649;1
0.7358121658324801;1
0.7699942385583739;1
0.6440912669583059;1
0.7837367507360063;1
0.8544567286199336;1
0.54291779694572;1
0.694844152701007;1
0.8599011876142275;1
0.23361998762441785;0
0.2518326298979459;0
0.280678603701929;0
0.09856638276419738;0
0.09998980174844245;0
0.23223286649837485;1
0.3335687077342963;0
0.1498911100391343;0
0.22052364599736626;0
0.1807286383235104;0
0.18672357541675583;0
0.1047613312369035;0
0.7222810002312563;1
0.7171409821132083;1
0.8041390425989907;1
0.8215994375160494;1
0.5637379220542468;0
0.6445622638067146;0
0.6406791997610022;0
0.7710210175458063;0
0.6918290548340413;1
0.8492784455790278;0
0.6979642569263068;0
0.5623512567218637;0
0.6987775917659728;0
0.7144853777019211;0
0.7826948229464814;1
0.6714538039086473;0
0.8215684233251974;1
0.9223461207482185;1
0.7494037499415701;1
0.8562462251235615;1
0.7725587278024535;1
0.7554064206283562;1
0.6894941323826799;1
0.9230749967791978;1
0.8563814130100458;1
0.798377619090613;1
0.5832297133473574;1
0.6711924986812117;1
0.5041592109015035;1
0.8877690265329917;1
0.8694702578363637;1
0.7312364870908504;1
0.7438094960966013;0
0.867333877217182;1
0.6934157265047975;0
0.8171215764382722;1
0.6692866169586755;1
0.23821134623012216;1
0.12973220744053335;0
0.3173613280952862;0
0.23516926105887237;0
0.30466658478681885;0
0.2537950368037741;0
0.3428394843971061;1
0.17026651045624538;0
0.1461707671900418;0
0.16715867291671416;0
0.32902429766335517;1
0.159253912498578;0
0.10750097868149583;0
0.1123492001763517;0
0.23922098844543796;0
0.1431713563902897;0
0.1534831470069617;0
0.18765167924470144;0
0.20667419272016888;0
0.18697540838398718;0
0.22700649770288844;0
0.24129437669099452;0
0.3410834872274393;0
0.5882928305668633;1
0.439538401825138;1
0.4926542706916393;1
0.36995582945413585;0
0.34041391129979887;0
0.31437678001116526;1
0.471200204622162;1
0.2862750938042958;0
0.4605747328575975;1
0.36451947901115406;1
0.29345226315228157;0
0.46048578604620766;0
0.34672671811216615;1
0.20147622192533252;0
0.4603091579813664;1
0.43112001022613833;1
0.1398801587812795;1
0.40709428046354484;1
0.37229444533727735;0
0.2987514258881314;1
0.28167940917775297;0
0.3382935929910303;0
0.380010469301204;1
0.31382350126088826;0
0.306586574539886;0
0.3136693175181579;0
0.3099832292481122;0
0.22095045597914248;0
0.44871761076854433;0
0.2777473136862148;0
0.363355082643432;1
0.42243722395623123;0
0.36487229307510427;1
0.3135518738324087;1
0.4493436707443878;1
0.45692335400556633;1
0.46537797228179645;1
0.5813908549374913;1
0.29157496296175567;1
0.42724557292585214;1
0.3335068300414108;0
0.4211619938721129;1
0.2929729545598547;1
0.4468912192039686;0
0.35926046402884027;1
0.35225003270493443;0
0.3099538947766901;0
0.3197816993120083;0
0.3827216216707118;1
0.2811106486648178;0
0.5347288875021106;1
0.5100160694813929;1
0.5165530553431539;1
0.4395736740113934;1
0.3853536306528413;1
0.3799289976065994;0
0.44802642330984693;0
0.570852594028807;1
0.48513496249175286;1
0.3570795324139311;0
0.27898571337038613;0
0.4599004084890423;0
0.4542549701089583;1
0.41587707265211404;0
0.3626454722979495;0
0.3369804760345273;1
0.33070418345021957;0
0.29767817315544876;0
0.3071178421754051;0
0.37083945051041334;0
0.40457424936978886;0
0.4929889589908241;0
0.36568221588082717;0
0.4027464556312265;0
0.3875354909537052;0
0.4391973296343364;1
0.25054820855584387;0
0.31082323499657155;0
0.3329437098151531;0
0.4615460410492136;0
0.46403047855239465;0
0.4019080339471263;0
0.36147091255778263;0
0.26975846859719177;0
0.28758169536955874;0
0.31456757249833456;1
0.4124834765035694;1
0.2494204419244207;0
0.26261663976021843;0
0.34307410765798557;0
0.2540475188149464;0
0.43127370086057276;1
0.38388841761166625;1
0.3680818521913306;0
0.2882192480954476;0
0.5262599612177256;1
0.4016401413657704;0
0.28441463000477135;1
0.31294122131364316;1
0.2939364464755331;0
0.3247730472637988;0
0.4606519528229254;1
0.312336728529524;0
0.282164408104606;0
0.3105375892412571;1
0.38012876616924135;0
0.34822624004375385;0
0.3803428130533561;0
0.2603444647374939;0
0.35763829939580005;1
0.3716066821847325;0
0.3382352457320172;1
0.36942246958669905;0
0.27060947994774354;0
0.11039718491470708;0
0.3265782913595947;0
0.15722369453046064;0
0.1309102881241264;0
0.24341256475647677;0
0.2511309444388408;0
0.2236901084142227;0
0.36228631990441584;0
0.225450226066326;1
0.43485634653378435;0
0.2053427270722596;0
0.3736243928212233;1
0.16424465300522806;0
0.23973295519977258;0
0.16161803434888897;0
0.15095051394637823;0
0.29303798411008425;1
0.1344102091002796;0
0.11465342139501679;0
0.30609281670218413;1
0.2603438460185922;0
0.2741589200704383;1
0.2831425190546031;1
0.29753974283736845;0
0.26164980716766895;1
0.29846651432952487;0
0.22885782002539704;0
0.37850627119529273;0
0.13538898770304086;0
0.25431354038117104;0
0.2650279366342318;0
0.23105319463038163;1
0.1732567285597028;0
0.16924977855571866;0
0.44101122519089725;1
0.25594374466791664;0
0.1965053006293;0
0.3527071957819815;0
0.24208346441542275;0
0.437776697277487;0
0.17850000692557885;0
0.15127556510097945;0
0.14757474224209813;1
0.26678727209046904;0
0.1382186025269069;0
0.2774801690586418;1
0.5498240588904836;1
0.22029349643059795;0
0.16729558569325453;1
0.2616560168707409;1
0.21132340038462313;0
0.2806919929149862;1
0.2580061963088061;0
0.5936520721478753;1
0.31802009421574584;1
0.5847333269947834;1
0.5811676154936056;1
0.32726369349364426;1
0.428610633299847;1
0.3561285700596775;0
0.49478868702978884;0
0.27423877681177544;0
0.30514369778273165;0
0.36368851985652306;1
0.5972617310875559;1
0.585972200548025;1
0.5673972646062576;1
0.6043370398822171;0
0.20586268569336058;0
0.42819954721814707;1
0.4519177799406422;1
0.4330380471731373;1
0.5768942655319307;1
0.30613076782814397;1
0.3946684470847515;0
0.5434428737101957;1
0.3377039026985783;0
0.30463806867941423;0
0.3164365366404786;0
0.5003401857171388;1
0.3810664037396119;0
0.3190344024341042;0
0.7164016311740903;1
0.2730711182926489;0
0.6382743235097738;1
0.3167385762738403;0
0.3920659107360663;0
0.38928339071540097;0
0.5452001858230441;1
0.4262558919366389;0
0.4388508011693547;0
0.2572766100113074;0
0.3334581876788833;0
0.3480862026283329;0
0.42631786505886604;0
0.46337426891403694;1
0.6925520552057747;1
0.2536590981901257;0
0.22030551915236177;0
0.4373818832922607;0
0.6426127474378266;1
0.4041054925110873;1
0.430230008503723;1
0.44360666341392047;0
0.37075055259584894;0
0.4021265777390585;0
0.4171174109359137;1
0.41941964450862784;0
0.3979033709299265;0
0.3697592908652692;0
0.29699488524625434;0
0.5164716452213145;1
0.37411842905058973;0
0.5486976797313309;0
0.30197058138703287;0
0.39619402447523255;0
0.3947135467559377;0
0.2473394170176587;0
0.2913564116033832;1
0.6256307959091196;1
0.40722547696055456;0
0.44820718382113256;0
0.477029641867087;0
0.4281120301424774;1
0.6680656613019659;1
0.49859928246637136;1
0.42414223682652014;1
0.5139399821375804;1
0.5151808405886994;0
0.892554144445036;1
0.2511035790423297;0
0.29848948095706496;0
0.47163736147417734;0
0.3163409863664629;0
0.41780932101980334;0
0.5525237468923654;1
0.4380417444857577;1
0.4237167687298375;0
0.44658589385867237;1
0.19249473048814517;0
0.4381976875142288;0
0.5234847208554234;1
0.6327143756519068;0
0.5935597162373537;1
0.42929770562517894;0
0.3782626507640066;1
0.5439762295582736;0
0.3396315360988085;0
0.5245736168619941;1
0.43919442349305104;0
0.47639970036269147;1
0.5014582044983191;1
0.3997838267477349;1
0.2673850241988411;1
0.6415564151162182;1
0.5356099921854129;1
0.32518059592283544;0
0.4080137450405111;1
0.2963818083478508;1
0.4164778624051175;1
0.15552615449420282;1
0.528614193123478;1
0.19825022598552527;0
0.37538889645237483;1
0.2858362015448674;1
0.26959683062945544;1
0.33239888498917813;1
0.2829250079391138;1
0.3217689542720865;1
0.31241807720274023;1
0.24594598801290316;1
0.22042787223887642;1
0.12414117016975676;0
0.1691061135158142;0
0.12263322235406951;0
0.20803745189620546;0
0.18990845843533496;0
0.17263851785894968;0
0.13274894657774883;0
0.10094378387622888;0
0.23436616393715587;0
0.2686275086564569;0
0.11326620156933928;0
0.16761410402216217;0
0.34202411862028104;0
0.14920619577272576;0
0.22779566322410888;0
0.21372716945096173;0
0.11977539964170927;0
0.23124230156048972;0
0.2930676177837559;0
0.16682878855242622;0
0.4072188471240994;0
0.359053625777837;0
0.5523404028861445;0
0.29337792538126606;0
0.4444184565040366;0
0.558911739064802;0
0.38169915251402864;0
0.12961667535210109;0
0.29155200161084427;0
0.5841877456903646;0
0.519103646205854;0
0.346142963498033;0
0.518944769311787;0
0.6005488870097723;0
0.6188961847999422;0
0.7385874688784284;0
0.5278315311062527;0
0.5795157607808925;0
0.3212556800935557;0
0.6058945611433351;0
0.6147776241869581;0
0.617387377660461;1
0.7518610382970855;1
0.3262405991016783;0
0.4891275867526774;0
0.4180563911229715;0
0.2607492398012068;0
0.42537924322364373;0
0.3433751700117039;0
0.4659927357111431;0
0.22091330889202596;0
0.6984231948927118;0
0.5129955612417865;0
0.33272902202707166;0
0.4847838991604048;0
0.4893540797548214;0
0.5579921785005023;0
0.14309034544792748;0
0.7637888719931386;1
0.6643108921270855;1
0.6947604990070771;1
0.4867653642133144;0
0.7339371222054103;1
0.4199890605826559;0
0.37057669137513444;1
0.6302265775682403;1
0.1947913151506886;0
0.623976702473617;0
0.5330429506365971;0
0.6794884867048845;0
0.587786425078003;0
0.6176792101999663;0
0.5955001254272696;0
0.7417698315017006;0
0.33619319378295387;0
0.23522733072891105;0
0.4058074889776861;0
0.3293865899709681;0
0.3889981674666442;1
0.3535444917498238;0
0.393152006267782;0
0.23862349643802802;0
0.23551155334382334;0
0.32585996438656833;0
0.37674776307151886;0
0.4033019320841555;0
0.40063485213821076;0
0.3978145184293604;0
0.3337142129804495;0
0.7692305474083724;1
0.82103035895363;1
0.6736375850099984;1
0.8152668878537982;1
0.7461383559917241;1
0.5794124858642667;1
0.7336176397715204;1
0.8176271260290771;1
0.7027796945712795;1
0.8715280764716631;1
0.8676190568247572;1
0.7250660037896502;1
0.7698551341376999;1
0.810501532906144;1
0.9049640543617793;1
0.8149040309407439;1
0.6738351406470958;1
0.705735134602825;0
0.7449513266172023;1
0.23310420263750264;1
0.8271143849733135;1
0.7886734425871331;1
0.7189413533871387;1
0.7265065564254464;1
0.6962507775698602;1
0.846644238243234;1
0.903610077388871;1
0.8712746441502429;1
0.9334664715270234;1
0.5829843423399942;1
0.8925342662534095;1
0.8741008191868043;1
0.6781615676884256;1
0.7688052253293696;1
0.8723684869304217;1
0.8763376352325202;1
0.7761513027176256;1
0.6254895850923824;1
0.7135196657666804;1
0.8004696290241993;1
0.7989955057459515;1
0.6895022381114466;1
0.8499894323280434;1
0.8765251738309062;1
0.5366020148305954;1
0.8230170244050384;1
0.7522655074754131;1
0.8383878667405796;1
0.9334601271291927;1
0.8587710983809097;1
0.5986037639550121;1
0.8819885267880191;1
0.755949132590463;1
0.8664917278034228;1
0.7954935697223449;1
0.9289745501902055;1
0.8672748153683766;1
0.7282628622992593;1
0.7942726061584386;1
0.7323359912882317;1
0.6373236522932307;1
0.858218287073067;1
0.7721010421695311;1
0.7993445610885096;1
0.7366588603868878;1
0.6939172298814232;1
0.8430212249915392;1
0.8804855203123085;1
0.9014185955726807;1
0.8463845002899599;1
0.827301745767336;1
0.8899991982891433;1
0.7698436931785353;1
0.8176998183524921;1
0.8206093313312944;1
0.8082224937420999;1
0.7911620452780571;0
0.8633674665364898;0
0.8801609905650808;1
0.7039228986372417;0
0.7550157466512114;1
0.7479628500832708;1
0.8681742615624515;1
0.8154596132500341;1
0.8169738989933153;1
0.71733854147568;1
0.7979368704655897;1
0.8583918634309193;1
0.8626962871592129;1
0.7707045967577492;1
0.9023552513354105;1
0.760486048709759;1
0.6815977561225264;1
0.7383316255857623;1
0.86097296391267;1
0.14255432012946737;0
0.2031059102959947;0
0.18541656257297523;1
0.1602205026562393;0
0.17394346878246086;0
0.3748098725094373;1
0.20797052250324236;0
0.2397958801772584;1
0.21854835976993453;0
0.09792156195273623;0
0.12152124761372787;0
0.1394956213292981;0
0.30095180364764923;1
0.299381563500351;0
0.10955686802735484;0
0.09816516849459625;0
0.1244368130988698;0
0.24793261316409557;0
0.16876516927356347;0
0.2563205262206234;1
0.11552408370880862;0
0.23552226212071395;0
0.13216631879028332;0
0.11650663169439535;1
0.14094489344115363;0
0.1898829426555145;0
0.12475997411425965;0
0.11788532171707301;0
0.10450528016515233;0
0.10572103418225719;0
0.29583767654118626;0
0.20798598114151148;1
0.15499651693377858;0
0.1484410316588038;0
0.1240417423847546;1
0.21669633113305645;1
0.14681136971578537;0
0.17697060303175347;0
0.13970146256764557;0
0.7824256731067332;1
0.48750022697042544;0
0.7196969066933905;0
0.41449617841578046;0
0.6430498424332337;1
0.8391445102947493;1
0.8795315377291618;1
0.5396852834032663;1
0.8156921824921968;1
0.7104001199344727;0
0.8330028116042986;1
0.8958880735941567;1
0.7964988881444816;0
0.8717586123000616;0
0.8373916121472328;0
0.8080220870805792;1
0.3611002046514002;1
0.822899582733401;1
0.7743773284563416;1
0.829694174712433;1
0.7701277142082412;1
0.6399420935703746;1
0.838423026036931;1
0.834508322751886;0
0.682501878255099;1
0.715330147806138;1
0.5244495512152476;1
0.8181473730602727;1
0.42864230464521524;0
0.8456581227098101;0
0.4975569836155448;1
0.7919669517537339;1
0.7521792195934034;1
0.547189969782713;0
0.7897820595621329;1
0.6810123503092038;1
0.726622717842036;1
0.7363354469356158;1
0.8796522520187267;1
0.7531724044588569;1
0.5003485605269428;1
0.21268206642137513;0
0.40056189702041006;1
0.3498877908676839;0
0.36997585318270243;0
0.3755764714272201;0
0.4844217158346169;0
0.11275967142111308;0
0.22261321733311726;0
0.26092209234528096;0
0.20654542819424054;0
0.1654506835287287;0
0.24205669202476293;0
0.19537515145925777;0
0.16332026000491373;0
0.1971170070995911;0
0.5313569041133926;0
0.28379796869277285;0
0.30705916798871463;0
0.32876627052404506;0
0.19800045183333628;0
0.31235694376345785;0
0.264958590142097;0
0.43418409258558477;0
0.37893651257264654;0
0.27595938663424646;0
0.4302368277967552;1
0.34987260253636576;0
0.18895276788174875;0
0.16582921719888916;0
0.12037366932177998;0
0.34353867013753253;1
0.3905953939880618;0
0.2961423059718566;0
0.33692952311371405;1
0.4713904649835253;1
0.39453733510698885;0
0.22994413643045397;1
0.32643677250461767;1
0.19972748240592386;0
0.26070100440204474;0
0.2578950636550396;0
0.12701793776382714;0
0.2068612576467227;0
0.19792350018436275;0
0.26534968547295995;0
0.1941700523068071;0
0.29632969095848183;0
0.31772559366307584;0
0.27645693490939677;0
0.2013666837976371;1
0.5338695850721967;1
0.23409043958569237;0
0.2725627627039302;1
0.3126596792719146;1
0.23721817802853537;0
0.32902459894388913;0
0.24636807099347222;0
0.22155370033962918;0
0.33587935650230627;0
0.22090564284836733;0
0.259451781799923;0
0.24786872963393403;0
0.2625830609260616;0
0.24149488953649315;0
0.31568036924428233;0
0.24165330563589896;0
0.33443875850012084;0
0.15866371279713448;0
0.3455069631004902;0
0.20757237998717568;0
0.2799332879469551;1
0.41654638738563315;0
0.20048681951756817;0
0.2644282812318537;0
0.23685452434233908;0
0.1381081113779545;0
0.19212894375761688;0
0.08028546759567548;0
0.09770232052035781;0
0.39083629322769825;1
0.25996489138353;1
0.20081748892397372;0
0.2186953377308911;1
0.2047327225500054;0
0.49552226595640886;0
0.3734916525648672;0
0.29236940010481793;0
0.1436338357462332;0
0.17900963468616762;0
0.14729278178409497;0
0.519116271648512;1
0.7361028769412654;1
0.7419681823022038;0
0.7446259568141617;1
0.7198800996415445;1
0.7941709954765042;1
0.8122008920261667;0
0.49522536187921806;0
0.6965742957932729;1
0.7868369601643224;1
0.8502210959219345;1
0.6804802207232791;1
0.6203550931082151;1
0.797700362581153;1
0.7206591357124108;1
0.7165048493922066;1
0.6854340447959048;0
0.8274835874005747;1
0.6766034041124308;1
0.8987530912353866;1
0.8259567859380653;1
0.7425019764468384;1
0.8492733876851011;1
0.5163552496427477;1
0.9285992370905235;1
0.8674953298713151;1
0.7016282455262827;1
0.7022606736880853;1
0.7201544905050958;1
0.8781566513777055;1
0.8052976063499762;1
0.7802174921422571;1
0.7665168832368938;1
0.5729985128682158;1
0.7561552940184815;1
0.575769953422589;1
0.8831988191796186;1
0.8226080330797861;0
0.9133193367042866;1
0.8608668563898911;0
0.9165142254448879;1
0.7055674532151475;1
0.8462281492645004;1
0.5610854300452724;1
0.8149313591341051;1
0.717129569620489;1
0.8297948540389544;1
0.7522589095027352;1
0.5406060426805553;1
0.7812936908642061;1
0.37590599022743443;0
0.31570699388405266;0
0.5236080311886322;0
0.27801396919976384;0
0.2838087133727727;0
0.3327721021624076;0
0.3806934944047488;0
0.4526323938938593;0
0.6099898368868674;0
0.6711477112723804;1
0.5331136519287798;0
0.7849835544621173;0
0.6658615294679981;0
0.3034539127969288;0
0.245134194168897;0
0.23167108418797808;0
0.285104712237301;0
0.5143677641868551;0
0.1341866612911904;0
0.09336020604533864;0
0.42893337459178793;0
0.16647365318190116;0
0.18266915646846923;0
0.4786767668404053;1
0.49094340333713127;1
0.24253273948868095;0
0.3448257825981237;0
0.3376327286116128;0
0.2911193211339259;0
0.2795873869923436;0
0.4689873704352977;1
0.3000141404515622;0
0.20695869917873233;0
0.36667522719436274;0
0.29026026483220224;0
0.27408664020990225;0
0.4371898022687905;1
0.2561383442593955;0
0.3711162499878061;0
0.4337065348744844;0
0.49542662257848974;1
0.4453901918987322;1
0.4597260921866947;0
0.17149640852001713;1
0.12103296677753307;0
0.14131763993256202;0
0.09409045720464436;0
0.20259250666227488;1
0.145171726622439;0
0.1823715935459958;0
0.12580745787814634;0
0.35921159954939447;0
0.17554660955892942;0
0.24664158342606324;0
0.24825269853430118;0
0.30984990015354164;1
0.3657377685876227;0
0.26112053689253834;0
0.2133004251090607;0
0.2654644239458581;0
0.39955386024770173;0
0.33016026148737126;0
0.16329704711177667;0
0.20058536876732563;0
0.27065076901450047;0
0.3053026447590054;0
0.3134773388234757;0
0.16187706573737098;0
0.1646996837796212;0
0.2665309028891379;0
0.45208087513574124;0
0.17814226068429342;0
0.1711680957934566;0
0.45522022067062096;0
0.8029909111836657;1
0.7119350884286423;0
0.8438220156234192;1
0.6778447242978123;0
0.8536947918959427;0
0.44254195311219874;0
0.39645703791588716;0
0.3302275859671905;0
0.7456406246992258;1
0.5723625578179979;1
0.6969099451760764;1
0.803769131253164;1
0.8362901624448864;1
0.7480924941544358;1
0.8066576173869454;1
0.8750178990301414;1
0.8474274262046704;1
0.7304014091292775;1
0.8451404508780688;1
0.8660478996247004;1
0.32431794967794275;0
0.6355031483571786;1
0.8013186006403863;1
0.8015277968609853;1
0.6613168426302676;1
0.5257627033745219;1
0.8255056829126385;1
0.7688426448240745;1
0.18244960243278627;0
0.33004170649447523;0
0.16432488633929312;0
0.349929412628715;0
0.16447199126664513;1
0.2156245173881757;0
0.27025318459261277;0
0.17970051469035428;0
0.20630539558253863;0
0.23747494782311823;0
0.25031600655111313;0
0.20404443971236094;0
0.48243742189631544;1
0.23992854824251586;0
0.2400693320092573;0
0.09263939710265483;0
0.2056431517662431;0
0.2658744772863871;0
0.2066973677732774;0
0.4062675537140394;0
0.3531771399870209;0
0.3841222347226132;0
0.19739479452708347;1
0.10865320602531557;0
0.2071263961469029;0
0.26145745707647544;0
0.12965387392085145;0
0.17708576206646323;0
0.45898492615241077;0
0.19125819414082498;0
0.20118128789242992;0
0.2427090605945827;0
0.16110628911160477;0
0.2091380836660136;0
0.09983731750141639;0
0.15339897751854992;0
0.1096198385780746;0
0.17780310131130103;0
0.194561475086166;0
0.37875374077312324;0
0.22206908739617373;0
0.16152915092705902;0
0.25021295203522076;0
0.3352057921363452;0
0.30684628436826544;0
0.32105990333590584;0
0.2080989072927959;0
0.1626608715959807;0
0.2248599188749851;0
0.12951458536880917;0
0.11735809554954256;0
0.14602964696760834;0
0.09363750320934898;0
0.15013558842891533;0
0.21846787776397958;0
0.21647370554038303;0
0.21371729022408045;0
0.18009680719590943;0
0.2113463238152151;0
0.28555054024256377;0
0.2264127254687158;0
0.2154201694743873;0
0.27572155954351635;0
0.25355052906996306;0
0.3104432978073901;0
0.39674663294171153;0
0.14834371023910303;0
0.2101509482583268;0
0.3502287963869631;0
0.2951409956224077;1
0.16203193851952322;0
0.41304568073351045;0
0.25791205893622265;1
0.21289482548344743;1
0.8272232464568867;1
0.8131169421950148;1
0.4222744317887137;1
0.45297337797158366;0
0.635376104751141;0
0.6104413081662383;1
0.3867654481340387;0
0.35566044677857644;0
0.15282708024579278;0
0.19011456510722127;0
0.23863203582066003;0
0.40532266956134677;0
0.33918288215348436;1
0.1309373257716106;0
0.24444822530247212;0
0.47183689375451293;0
0.48994984747147413;0
0.1657801956097941;0
0.3671449652270124;1
0.3392522369216369;0
0.1323222700602715;0
0.3335510945102924;0
0.27844513048915703;0
0.16260764757393156;0
0.1689031745341115;0
0.35304507639414356;0
0.23139857140158837;0
0.26955057228490104;0
0.425447260987157;1
0.35329231091294944;1
0.4038677854820967;1
0.34871327376541744;1
0.4287411039955684;1
0.27548300657625246;0
0.28241951719158814;0
0.2495373237873091;0
0.13134132276169458;0
0.14368836150307587;0
0.3866291267553026;0
0.24431548115375717;0
0.4252477296098403;0
0.2658191851048044;0
0.39363828181780286;0
0.43352993137690954;0
0.297827742715779;0
0.404169319802405;0
0.2281503539688311;0
0.19008423448377726;0
0.437555122799628;0
0.3506357672035121;0
0.2726330451330758;0
0.3780029446331636;0
0.2951213245978488;0
0.5429085817779606;0
0.34537379955106;0
0.24975590392780103;0
0.26486055136523623;0
0.3774095729607544;0
0.27765526521451545;0
0.16772417494180655;0
0.3037767313025451;0
0.1939660273578387;0
0.3459968256597843;0
0.407412367300559;0
0.2989981745811207;0
0.3619370584933225;0
0.24566756329915057;0
0.4514889304385648;0
0.30894864777822467;0
0.24384872794111262;0
0.4389207567950017;1
0.38274853667529785;1
0.3965454763819142;1
0.5818079596815472;1
0.5300771508832127;1
0.34211760779456596;1
0.43970843025748385;1
0.4176440321862459;0
0.32634658058513627;0
0.4151863053534789;0
0.48856990581350757;0
0.4071544182159524;1
0.3479539229598949;1
0.509043878702596;1
0.3864717262891609;0
0.630329638129147;1
0.3296196338613106;1
0.3970455318692035;0
0.3242687515222923;1
0.40439320295612535;1
0.4231288058721642;1
0.5322177828018048;1
0.3286734009337733;0
0.432683999718009;1
0.3751526089060234;0
0.2211662324504178;0
0.40336472161440073;1
0.3743571631367615;1
0.351099368620614;0
0.3481518614330014;1
0.34150518325033896;0
0.3299609603570904;0
0.3110442145880653;0
0.375668665476138;0
0.30255575484962605;0
0.2185455188840576;0
0.20452374954019417;0
0.19471447227073743;0
0.3651518417617719;0
0.43975135073427596;0
0.42132537710372636;0
0.4109447985734637;1
0.4789871045800793;1
0.40452892693374626;0
0.2446378585476924;0
0.19859362807019612;0
0.13662385232004562;0
0.14739672010822955;0
0.15506387023951748;0
0.2629950728255567;0
0.2776980555236574;0
0.32381101003598706;0
0.25732180589524856;0
0.14822618182001607;0
0.22781141596317503;0
0.3562401634650009;0
0.19660579410926937;0
0.2330722983617169;0
0.2616588746171902;0
0.7439863028577407;1
0.3368488946631808;0
0.37853790828856254;1
0.25914260981241727;0
0.14019623635558953;0
0.17820777277260702;0
0.3682547902093106;0
0.1982662076102187;0
0.14331534333072862;0
0.1678576386755203;0
0.18606088093836826;0
0.16680911926339373;0
0.196054628350839;0
0.178207646483375;0
0.13993237603437855;0
0.1740911761177405;1
0.11402138339353042;0
0.10527959831404216;0
0.12895585600569118;0
0.12362755824718452;0
0.14823334703298074;0
0.20006661826368083;0
0.21640903515281565;0
0.2354633100928256;0
0.23766988436850536;0
0.16753448735478724;0
0.16080909745446273;0
0.13212487610767362;0
0.17545661450074715;0
0.19649152237972253;1
0.13456944355602848;0
0.275742188762154;1
0.14279732310070678;0
0.3366449918765999;1
0.19899836556716272;0
0.17087931323639158;0
0.39672661722488983;1
0.2416737683809131;0
0.32407141740144035;1
0.3340050286768092;1
0.19235879084142787;0
0.19438058799753083;0
0.4541947912963258;0
0.5322165217554378;0
0.6210232276111203;0
0.30948932763328335;0
0.20339188045700624;1
0.32411881461193526;0
0.2563243151096261;0
0.4832793077223098;1
0.1830953312169316;0
0.383696353234729;1
0.5027766737619197;1
0.2991878514059725;0
0.21868386582657756;1
0.36671675325118885;1
0.2900103871960691;0
0.2226414451265116;0
0.5091316820032384;1
0.3242717388482965;1
0.3659526953784647;1
0.39133406703584867;1
0.20704467313024527;0
0.10027898874203511;0
0.20300033903229853;0
0.14960675160136275;0
0.27304656285492473;1
0.3550314004390571;0
0.5671794062604432;1
0.21743470469669227;1
0.1785940994138267;0
0.1759534377349131;0
0.2838921237326134;1
0.2745463222321241;1
0.319088742459543;0
0.3502655338903367;0
0.47439032776049717;1
0.16452492829919957;1
0.18636798389483458;1
0.3130181860779974;1
0.15369180936289475;0
0.1800659721485392;0
0.22206722592456285;0
0.1937430218674368;0
0.23687946474734486;0
0.13234666571615278;0
0.45176622808507394;1
0.47636437850929103;0
0.40836539649682135;0
0.4977356259809124;0
0.13783850948210621;0
0.2964218756425916;0
0.20685449449430296;0
0.19286219962540235;0
0.22382710936413341;0
0.35252120329695136;1
0.19772025482897268;0
0.15738380293570448;1
0.30576780899213174;0
0.32667668529118604;0
0.09197283171383508;0
0.17114213412265647;0
0.13557197608386376;0
0.2081107252746277;0
0.19144864604329742;0
0.18271153473789462;0
0.1617338978576423;1
0.26830802949289706;1
0.15637950261994588;0
0.20754615909443982;1
0.13323059381207805;1
0.13094594359587533;0
0.20155858905931867;0
0.3011554511448424;1
0.2612800319668386;1
0.276335320997485;0
0.16226255147449234;0
0.16777979849863678;1
0.3026493052387363;0
0.23798195205073852;0
0.25347287812918196;0
0.30146059065323855;1
0.28658397834830146;0
0.2308937903707039;1
0.17367020063832217;0
0.17070652156968796;0
0.3731759668950555;1
0.1952572649885351;1
0.24756700024731695;0
0.19779886078832423;0
0.18030572844368073;0
0.15897938106299359;0
0.23837376727044568;1
0.2507978524839952;1
0.10437417910135405;0
0.2932320581002566;0
0.28552671760809;0
0.3278991775649287;0
0.37984510931611265;1
0.3745118441689555;0
0.13241505980237794;0
0.6191151029957617;1
0.23514210451950948;0
0.17819854261376766;0
0.12060568406648185;0
0.17758253126701962;1
0.5405820858547196;1
0.13063435162071657;0
0.3184696949916242;0
0.3157654930879717;0
0.1961906132731637;0
0.1452967157215268;0
0.27379712083745206;0
0.41047010247006704;1
0.23708874767744154;0
0.25641756148974;0
0.2196624392354226;0
0.34678290774560405;0
0.34398345820793286;0
0.3564819525010265;1
0.17826635559622822;0
0.12940293749437157;0
0.20168906835817355;0
0.24128265201830162;0
0.31333170615168904;1
0.24719893241640933;0
0.3328165158193446;0
0.37868256452383875;0
0.2549317932613087;0
0.20650805874858227;0
0.3842143032580017;0
0.15709348850783547;0
0.15036047307485828;0
0.3178385284786412;0
0.25949893548764374;1
0.1420352666998821;0
0.5259417057190688;0
0.18074796265841933;0
0.2625060749609863;0
0.2208250493565649;0
0.22328812320699057;0
0.45887034950482486;1
0.3191853037394742;1
0.1415138766781798;1
0.3655241876883157;0
0.32045128537781753;0
0.18769526958079025;1
0.4599873671007637;1
0.4051957564036544;1
0.34373446685893133;1
0.21777092631843348;1
0.19653710899978483;1
0.22197193245281616;0
0.25964838045018906;0
0.10062329987006682;0
0.23086549071915213;0
0.29945091028163584;0
0.3337356953551376;0
0.4479598312257023;0
0.2652222338645772;0
0.26385222364171207;0
0.8654134584271341;1
0.4869059605017045;0
0.3835708443117062;0
0.4366564733042503;0
0.4585679990877092;0
0.43903086330979224;0
0.5496706779655919;0
0.47806643904011;0
0.18824805209674159;0
0.4355117883027521;0
0.35592479671095767;0
0.3801515715480973;0
0.12836877790781903;0
0.24189246646973422;0
0.18770727607807078;0
0.1770523654936851;0
0.259216220045638;0
0.21761444371041877;0
0.1367645342917686;0
0.06908562377922098;0
0.18597017380580783;0
0.48963455493087366;0
0.21274351286064327;0
0.32542821489137147;0
0.08433823724526766;0
0.23404804560844217;0
0.23459192339279994;0
0.14434861322108494;0
0.14994532786192813;0
0.27305907995176554;0
0.19891716806153842;0
0.11050522614008508;0
0.1576214321558038;0
0.1497144014437868;0
0.14170722493900492;0
0.1961559343296849;0
0.3116703042878019;0
0.2138578996824683;0
0.12732286439087515;0
0.24104409631272514;0
0.2029815184144298;0
0.28270608426622984;0
0.20026334633550516;0
0.14880877223566175;0
0.11357121770561841;0
0.13228626707458033;0
0.1987919098993216;0
0.22702512459269625;0
0.24108484274464598;0
0.32845523171245594;0
0.12247104645123295;0
0.1633378702837955;0
0.12654661072957696;0
0.27445840380662256;0
0.10457328971066403;0
0.16703206222280728;0
0.2187738368550934;1
0.12280835696591721;0
0.3155141530759436;0
0.2870705491141351;0
0.4342815358951537;1
0.32831070135138407;0
0.48843133869100985;0
0.2126981524875338;0
0.3887838844384077;0
0.37573672971860517;0
0.619570852528248;0
0.23918297188878637;0
0.24503914784909817;0
0.35440804184477614;0
0.3309210879306084;0
0.35625048907956136;0
0.3683300823847115;1
0.4133507803344187;1
0.5324653826092625;0
0.2588543747936945;1
0.3900353460418836;0
0.23992507983967898;0
0.34428452934417036;0
0.48990714816299996;1
0.4265436094784654;0
0.3778751759382572;1
0.39492039540324125;1
0.6977253314776006;1
0.5949985145373958;1
0.4220528097244998;1
0.45949225770451074;1
0.596918895480833;0
0.39152461550755846;0
0.18408362542435186;0
0.16774367058639136;0
0.11621007969195143;0
0.17877455286289015;0
0.26346572765847565;0
0.3210631135919311;0
0.12726201078370356;0
0.16000372540187535;0
0.14153563888320952;1
0.1785017325433225;0
0.5315302256011384;1
0.5802254566524306;1
0.6426789929800838;0
0.4491633172791379;1
0.5481050987940052;1
0.5597508942314738;1
0.7303557192634162;1
0.5194841303129331;1
0.48937356485736005;0
0.6805829841150084;1
0.6162864293515332;0
0.4717823615449783;1
0.5571657568287831;1
0.5574623322748903;0
0.6782106049061553;1
0.43242314197521586;1
0.4437973085064672;1
0.41167448751864566;0
0.6652400729465718;1
0.6564965315490273;1
0.49299794552137866;0
0.6354827869763537;1
0.45056965920383135;0
0.5710709740032286;1
0.7751951353084195;1
0.5356778345654556;0
0.489496020298413;0
0.5562221744997365;1
0.7042676939176719;1
0.4753805520860659;1
0.5501966452387926;1
0.7648165166617339;1
0.5279389751891992;0
0.39932112960270516;0
0.7637415773702336;1
0.4580688711516991;0
0.5154819998757505;0
0.7065787975425448;1
0.7379005726979224;0
0.4431074561371748;0
0.6149792479111477;0
0.4910828645085078;1
0.2289267023310109;0
0.26858044295838923;0
0.18771750939993914;1
0.24836417495275886;0
0.18132891249420113;0
0.12108349308924615;1
0.26076583840577205;1
0.27834848676592117;0
0.17243315153320504;0
0.19118776754056035;0
0.20190131613407458;0
0.11492442171727793;0
0.22754228063949483;1
0.11882882195640428;0
0.18684677738641442;0
0.2005582339650628;1
0.5341592632666614;0
0.5891196132219176;0
0.5715795379849367;0
0.629133688746866;0
0.4783111381843027;0
0.5370749952743452;0
0.5687499573089088;0
0.5131305302298498;1
0.6484062311101799;1
0.6086607267879649;1
0.29876314427052914;1
0.24358098076550858;0
0.11565742170820763;0
0.20996088103025556;0
0.17078669438964428;0
0.42050647447978023;1
0.1950346348523902;0
0.6173558828832295;0
0.43441614279434276;0
0.3277352476288951;0
0.567285874605182;1
0.35292479329128884;1
0.2122960397505837;1
0.1479366984461926;0
0.4827383697198847;1
0.37449319833721184;0
0.8333995780517377;1
0.29014810137127;0
0.5442109141549477;1
0.6518532784482693;1
0.46018631386267417;1
0.41979636912243207;1
0.21708825077619306;0
0.7490665896604177;1
0.4109020741530473;1
0.650464972127776;1
0.3562685920019656;0
0.7259431780764442;1
0.1879520858699159;0
0.3113440556957632;0
0.21588806511728775;0
0.8116966439483335;1
0.2498939879606821;0
0.6758060924937287;0
0.2595448196130904;0
0.2296876345793873;0
0.6761623023175227;1
0.20462856611901586;0
0.4562596301909224;1
0.4373672955723482;0
0.3475247794154419;0
0.6405664009912801;1
0.2367013510089454;0
0.6081634226648721;1
0.2583041644688193;1
0.7037224108571613;1
0.26085029573853585;0
0.24044862326615907;0
0.7954007358356213;1
0.6033293272512915;1
0.37045682748053327;0
0.8437927078662797;1
0.4627747885157232;0
0.44437589535100386;1
0.3394838011672619;0
0.661915310789421;1
0.3781024953872224;0
0.6196024908324848;1
0.6790061153351907;1
0.6459027176231157;1
0.4025945584845785;0
0.3844095619799304;0
0.19382464652970108;0
0.26125773794078894;0
0.6238103931795993;0
0.15827492533392304;0
0.18675334120500262;0
0.5200579830644384;1
0.7051763287136102;1
0.5967523404908278;1
0.7892739884989906;1
0.5796280205514991;1
0.2148331436639202;0
0.7018749527468819;1
0.24102081606253875;0
0.4593713278773011;1
0.3136604326128681;0
0.19823868591561314;0
0.5264845007874697;1
0.28260524205844195;0
0.19115782303648382;0
0.4436302327385067;0
0.22176009782047587;0
0.5363404325342144;1
0.23317172809956543;0
0.31243362059306934;1
0.41888040533838583;1
0.13961825820246884;0
0.16222557182424444;1
0.22757771144468428;0
0.2727622814321143;0
0.3181203268304159;1
0.3346723785904444;0
0.33486762639771706;1
0.14467913925224318;0
0.19266458680655232;1
0.17865863837371063;1
0.26445221959630166;0
0.12865310648872896;0
0.30385773577810543;0
0.2314660088097584;0
0.33822530154497976;0
0.11884316110068181;0
0.2526540039193025;0
0.27337236818627547;0
0.3366920341814161;0
0.5616849909795456;1
0.6572166074051723;1
0.2841221274165522;0
0.31809695186949977;0
0.2994580303771336;0
0.3787032992373275;0
0.4313995269216665;0
0.40285022225464456;0
0.4246951123525729;0
0.39994499461246574;0
0.2854237664944708;0
0.20636245706963796;0
0.36144841495866925;0
0.6673462148879441;1
0.2768537253127603;0
0.306553596488027;0
0.4089850819735977;0
0.3266058163083618;0
0.34401475352914734;0
0.3307371386255938;0
0.2771891986956712;1
0.21321498330163866;0
0.36576968174531527;0
0.7352345114965206;1
0.7797741236324142;1
0.36898781999395863;0
0.3653842309550822;0
0.48596412364946395;0
0.16425494144657743;0
0.20918472693722626;0
0.16454436665189998;0
0.12164026750999982;0
0.10673086222145346;0
0.34598950660907973;0
0.15912075007987272;0
0.43322433656095977;0
0.34352239443006144;0
0.3882511254818225;0
0.16229042266928057;0
0.1272142721384396;0
0.10827653089370143;0
0.1565149591784322;0
0.16312136343007336;0
0.3628041727060625;0
0.11198955157971084;0
0.23306911407144748;0
0.25467988574768946;1
0.1305462702332951;0
0.20514162426996901;0
0.350418336190241;1
0.18306355239119423;1
0.22615359661544573;1
0.15881573991289416;0
0.19710595881353674;0
0.14217591554046688;0
0.27399229186441265;0
0.09654291374252277;0
0.09233027756134882;0
0.5436470077300128;1
0.6202564137463618;0
0.3848824307004315;1
0.27914041803952455;0
0.5778465810452523;1
0.37203337982949386;0
0.2567691627751098;0
0.3453992701621085;1
0.4153333272664269;1
0.48405646709541267;0
0.7046217699757088;0
0.7279468574833414;1
0.13805957463950355;0
0.09164651063571977;0
0.1602474704964752;0
0.0964461439006591;0
0.13258624916899903;0
0.28804753740335987;0
0.4125797272004676;0
0.2053722321000729;0
0.24826544462643468;0
0.252227558252376;1
0.21978305921908664;0
0.3992272219644672;1
0.29405155046606557;0
0.15427994023220834;0
0.4597946836658625;1
0.43980771025091037;1
0.126326640614625;0
0.2902566055880878;0
0.3756521223290207;1
0.0817305027869103;0
0.3015308480403943;0
0.3372103278679453;0
0.42448947803951076;0
0.2755775588799519;0
0.4367604022564217;1
0.34573885390162046;1
0.3930103447474514;1
0.33490870166934156;0
0.401561744515367;0
0.29101489065480124;0
0.4082781468731098;0
0.5017811964948254;0
0.6934993858912964;0
0.680752279302204;0
0.774486948400514;1
0.5980970442142308;1
0.19385216087262924;0
0.3644727957877731;0
0.13382041053938729;0
0.2443946558313754;0
0.09683562348964586;0
0.23984994361806666;0
0.22337050470589406;0
0.16022377766529378;0
0.2659414479428712;0
0.48499066007255026;0
0.13756673497777472;0
0.15787003387377765;0
0.13117262321441964;0
0.1013558051851129;0
0.10801649027016826;0
0.13029846824858432;0
0.2707668451595351;1
0.2651997876825012;1
0.4126008643713877;0
0.16350280532690498;0
0.1735823799104236;1
0.1365997109793942;0
0.3228130626308507;1
0.4593633573030738;0
0.2742022166626713;0
0.14701708675073363;0
0.15006350012326844;0
0.2663658301940866;0
0.2677813629448551;1
0.31347426216688246;0
0.5639596072602857;1
0.12412520137395847;0
0.13444250596842275;0
0.165852592816964;0
0.3129765848016284;0
0.116168444831031;0
0.20092538598691262;0
0.20139672791084448;1
0.45348632085743523;0
0.2950332767205586;0
0.26845713777736746;1
0.15557230244623235;0
0.23193670832905217;0
0.1821481944530775;0
0.5450039635496938;0
0.45181825735567316;1
0.1736184242933935;0
0.25869940291245314;0
0.3333078552222659;0
0.12927298660038908;0
0.14727181779521878;0
0.16301815916796186;0
0.21527270686581115;0
0.2770853477436243;0
0.10871429494207833;0
0.11853578277952408;0
0.170092902237956;1
0.32056498335092887;0
0.2666567504704141;1
0.2859169867758774;0
0.40987617732865156;1
0.3621442478111198;1
0.4210067492937257;1
0.2902852726296521;0
0.1521869149553327;0
0.11984692053926159;0
0.5090890772433438;0
0.45224400216524446;0
0.4733531305307816;0
0.5628310065087367;1
0.40166468207738865;0
0.3685883278400736;0
0.524162686695872;1
0.6828340708984317;0
0.34357645715642965;0
0.4921489628309388;0
0.3564080062254463;0
0.3190390790132217;0
0.47314659632605693;0
0.3797093405172942;0
0.5394675584019759;1
0.6418992161884074;0
0.48582793254122647;0
0.5761145167528294;0
0.47018304793333965;1
0.17330167394433618;0
0.2926827818885438;0
0.10708551967796462;0
0.1109570669100495;0
0.19852162422502975;0
0.36373624116869935;0
0.23286778878544995;0
0.29522407358066177;0
0.2560996180330049;1
0.2382177920908993;0
0.269149036071335;0
0.2335823008691211;0
0.3921461543947623;1
0.23047793763246516;0
0.140260685305904;0
0.210550064712028;0
0.2525172982221166;1
0.36190768845792537;0
0.5212696961825602;0
0.2623321401350775;0
0.11050514744051583;0
0.24472073517485357;0
0.43819834977740374;0
0.6088593257770397;1
0.2336406529935201;1
0.12547891803582603;0
0.21709613661041566;0
0.33814092137118745;1
0.19485335512876933;0
0.1663695578507269;0
0.2571263564265017;0
0.20294645093642905;0
0.14289357176453013;0
0.194541551459149;0
0.20082209677583088;0
0.20469665702036102;0
0.30229330735002796;0
0.2269273239257947;0
0.15774675274359026;0
0.2586886925457068;0
0.2327793644315297;1
0.27602475618659883;0
0.12743529351517285;0
0.16738377134209365;0
0.28406698124234214;0
0.13743786269561298;0
0.27535609732157384;0
0.12969401133878553;0
0.1041460716424957;0
0.23804217717625767;1
0.32788348508656;1
0.3003385787839999;1
0.5023432296519258;0
0.4531248767245905;1
0.5391033100707724;1
0.3761176048550691;0
0.38373683362626887;0
0.43770426771760473;1
0.46574099245164535;1
0.23090606618364962;0
0.530070722884983;1
0.41333922981745075;1
0.5104724393810796;1
0.5751242111958047;1
0.5394667217126692;1
0.5793655221274381;1
0.3339828731457864;0
0.3304722834211256;0
0.13975591010403024;0
0.1835616016089832;0
0.15768667879196907;0
0.15172072613815524;0
0.1341502100950912;0
0.174017582376236;0
0.24247739863969728;0
0.19614365998108868;1
0.35234606682156405;0
0.12873301148178312;0
0.15952881576312808;0
0.17256238093915832;0
0.19921122754896625;1
0.24758787163438348;1
0.18035630083929924;0
0.24477729929424516;1
0.5037248040235036;1
0.14277001246615717;0
0.315364098891528;1
0.15114144078965924;0
0.3250010943356165;1
0.3683150201608549;1
0.43116507924360137;0
0.46873108834534094;1
0.5432168530123977;1
0.49149328169048007;0
0.2500629970573559;0
0.28198547513433747;0
0.3739569280141984;0
0.26490678205222895;0
0.21261673088064176;0
0.2374231344697856;0
0.13367736746527362;0
0.1871065789927601;0
0.21657041908643623;1
0.11761464766407854;0
0.20707236803612056;0
0.2257442688465658;1
0.15662282489178583;0
0.13099276846869853;0
0.16093764740169408;0
0.2998510828388316;1
0.18738453752564552;0
0.3387982850830425;1
0.1640222883135378;0
0.33647766986275496;1
0.2270027085825067;1
0.2209691398433549;0
0.15883414951693478;0
0.12690239109758958;0
0.23734092387931346;0
0.3217734227621381;1
0.1460686321202945;0
0.16498610295830257;1
0.12075115600721295;0
0.16944951062389182;0
0.39210078121532427;1
0.19158471134502142;0
0.168491473904036;0
0.2111329240858933;0
0.33993991299439225;1
0.18580810788362523;0
0.2750604683246353;1
0.24249810397115287;0
0.1919712360852868;1
0.32902071480419115;0
0.17874435655593332;0
0.1975855176966563;0
0.2552209454675827;0
0.28024808315273847;0
0.1563025059742379;0
0.10506678548436618;0
0.22329883408278997;0
0.14234536502883288;0
0.23206959706527752;0
0.17579400968880904;0
0.2856351389221445;1
0.3468953506436;0
0.1641939025769537;1
0.28329147091998386;0
0.2786321302512724;0
0.1630878657772535;0
0.3205804860645936;0
0.21556722709652865;0
0.18217482327580137;0
0.13525187358197158;0
0.15628016248214463;0
0.1810312519676132;0
0.24283423120147693;0
0.1492606605698924;0
0.18273450943882455;0
0.25361576675345116;0
0.2627552065263542;0
0.17908590128440122;1
0.1352482228572138;0
0.15392299800479264;0
0.2646466178245803;0
0.26117103666358826;1
0.1811027220612884;0
0.20801970369057687;0
0.25803485845443397;0
0.30641664109356254;1
0.22084170544139312;0
0.34951373881130826;0
0.25809616487589826;1
0.28175309161207435;0
0.14290555712985772;0
0.26972577468479464;0
0.25693284292440416;0
0.200797147186676;1
0.290184535593312;0
0.3908858195945417;1
0.16369888288035747;0
0.3455391798438685;1
0.4047235279270882;1
0.4598911833354227;1
0.544384929608226;1
0.37469649756804707;0
0.18725820380017605;0
0.3697598710241505;0
0.16562054090143105;0
0.40936049807989866;0
0.7425643881161511;1
0.7564323353949063;1
0.4065906239860206;1
0.7295464144424317;0
0.7740217712302973;1
0.82087437140389;1
0.7026149587254528;1
0.7053045591290191;1
0.7654095748708035;1
0.14353979530968522;0
0.2939292568220227;0
0.2667547511682905;0
0.5612895511429048;0
0.28067605487347796;0
0.4774858383177795;1
0.4782279920023291;1
0.4044662693184721;0
0.5749116484553141;1
0.5680799811199516;1
0.5671637950751357;1
0.4483463369858141;0
0.43977143824400017;0
0.5176135423932443;1
0.45365323366767635;1
0.45272981412634555;1
0.579772132379679;0
0.15212528964716385;0
0.11718526457691804;0
0.19475182704261151;0
0.37136930666420703;0
0.7835441855596897;1
0.7349741620731808;1
0.6140911995001141;0
0.7151913109311346;1
0.8827831706089085;1
0.749900047890163;1
0.583045146135823;1
0.858068038871566;1
0.7984513381663605;1
0.8259403052742305;1
0.6899604021231148;1
0.8103869896447086;1
0.789807031614622;1
0.6218878016108232;1
0.7750190316515774;1
0.7178275613987787;1
0.6684241532048817;1
0.24828567985173988;0
0.33787881376517875;0
0.5467764399493151;1
0.6413323001736021;1
0.5173466477943864;0
0.47349436274230866;1
0.5334789151077309;1
0.4867583250477337;1
0.4636536623725185;1
0.6578629552886739;1
0.41817618114663463;1
0.30192041608162895;0
0.30799595255228457;0
0.16766545054958;0
0.4873472191938398;1
0.22432646854960367;0
0.372074561504932;1
0.25524399132016456;0
0.21279776013015295;0
0.2036334809639295;0
0.2754382819945586;1
0.23202070395371885;1
0.22599735897108697;1
0.16346679129145938;0
0.1277739433986758;0
0.17848974283097171;0
0.24374278627956084;0
0.43317123019108283;0
0.3152963875312863;0
0.2373645323563281;0
0.11769697425522753;0
0.3251345035764643;1
0.405203754258742;0
0.5306097147682689;1
0.5188368573327717;1
0.43054688303350214;0
0.5409253997652645;1
0.3934680202977949;0
0.6531608464532136;1
0.2751183748550384;0
0.2660718813281385;1
0.40403447938941567;0
0.30626695173513585;0
0.4470437498811331;0
0.5355212165170482;1
0.1345166911895791;0
0.11655383579875604;0
0.30335608259632685;0
0.29300539408394344;1
0.3857767577424911;1
0.2855925766250635;0
0.29296070100095856;0
0.1707734551819296;0
0.16719465245592052;0
0.21473372847626668;0
0.3775790875805188;0
0.19713821180120325;1
0.10788515742968616;1
0.1653667670644155;0
0.11637462926259647;0
0.12581060058690705;0
0.33223781749836623;1
0.2496889564713495;0
0.17541158059951573;0
0.19628954956226702;0
0.5104339787473272;1
0.28751235481692705;0
0.16788376326483503;0
0.38469347913472657;0
0.2972908022604787;0
0.22620446509343772;0
0.23868474008900334;1
0.19432839008827615;0
0.20774700186498593;1
0.18972724117003364;1
0.2958961405224077;0
0.2645682743734885;0
0.19939055982159098;1
0.23569307468632675;0
0.3359322180875516;0
0.24177891302802848;1
0.41486395296441225;0
0.2720483448303877;1
0.2825031647567304;1
0.27394801892648823;0
0.4399002629155263;1
0.5079331145962297;1
0.26894361275427325;1
0.20539301619013084;0
0.3916575476484022;0
0.40889597340015243;1
0.2976934343144439;1
0.19546449536536642;1
0.31837942234505134;0
0.301248704388839;1
0.300055309150719;0
0.2647525894967083;0
0.24581653456469627;0
0.16268059181664504;0
0.22245554929097713;0
0.40744700245598897;0
0.18055863478169282;0
0.3124802083896588;1
0.31339556900795185;1
0.3103398701238441;1
0.27767807697379837;1
0.3165036353396131;0
0.2202696297313451;0
0.31242020578363605;0
0.28936471505257444;0
0.6485745368202243;1
0.3432082259194921;0
0.18187030458134756;0
0.12457634475869767;0
0.1808885240063666;0
0.21088763761404472;0
0.1308337865505456;0
0.1065526283145202;0
0.2246642831447158;0
0.16692655966246064;0
0.3256026319440855;0
0.4867509296172559;1
0.2124314681552263;0
0.15493217502780424;0
0.20786515768429953;0
0.206311246941027;1
0.15030610218252538;0
0.11689633565963725;0
0.12771873041864434;0
0.4409099906764399;1
0.34639263450078417;1
0.13925041486954537;0
0.15795128705256517;0
0.39923031235249745;0
0.28774081018666076;0
0.3490897143381799;0
0.39293771147079737;0
0.4830088381545796;1
0.3981748090897012;1
0.48925366523226743;1
0.5754884216146128;0
0.649429999415461;0
0.18138611970799226;0
0.28396100412939007;0
0.22963399837209134;0
0.1926422971657061;0
0.14934654970639694;0
0.19624708898039522;0
0.5070941790055598;1
0.3322126094690004;0
0.25860304407270485;0
0.22232293443918663;0
0.40440242404496646;0
0.8667090992444348;1
0.6635177366150445;1
0.7207973133067482;1
0.11253138218122052;0
0.24755126456884868;0
0.3795545207768919;0
0.7397233060128018;1
0.6223699477805398;1
0.21625295703698397;0
0.2733068953131324;1
0.2778630370681021;0
0.2168656322179019;0
0.18507231204890492;1
0.29711058178308053;1
0.28034098342004277;1
0.18624497830051256;0
0.1611268363153802;0
0.309107774347703;0
0.2925748885271698;0
0.19860238286329965;0
0.16381097748847226;1
0.2592613341107608;1
0.12370865822602407;0
0.3299827326635584;0
0.17925964836351718;0
0.44413748082193466;0
0.21625562838090542;1
0.21183200835242297;0
0.3517403128411921;0
0.221385611551632;0
0.18761139173755803;1
0.33564306895869267;1
0.42171089217790275;1
0.15322268502072064;1
0.252158739336548;1
0.41474428573474265;1
0.49254118410431846;0
0.407790067636025;0
0.5310251038859942;0
0.23090669737439806;0
0.12302593555055183;0
0.2244565582206598;0
0.13113582224134887;0
0.21749865579763136;0
0.19236734827849616;0
0.5661575334432903;0
0.3471120990388424;0
0.25289527585706195;1
0.3204158503152015;0
0.3527897565933189;0
0.6697264206528263;1
0.7031458125151367;1
0.6785552178698163;1
0.42252551135623156;0
0.41576327843233707;0
0.4515354444667713;0
0.5780075063214067;0
0.39212670181903925;0
0.2826252804106399;0
0.18790441763238305;0
0.13335673914399707;0
0.21233976344503064;0
0.3922995339406159;0
0.3005514160222813;0
0.24035210538270313;0
0.22601509419711696;0
0.09894370837211057;0
0.1849214502837155;0
0.15068755901562544;0
0.1500467124060035;0
0.21137761141232844;1
0.2656989535588028;0
0.2129368703524014;0
0.5114331278509457;1
0.18228192144528285;1
0.24150473948296974;0
0.37740120935767774;1
0.33147260675049195;0
0.25604998972335596;1
0.3562228201352066;1
0.30907534921310625;1
0.253279336448297;0
0.4045651398604302;1
0.13493135836446274;1
0.3334906514112393;0
0.22677065046343445;0
0.21514217699686694;1
0.5453269418474448;0
0.22632159574537977;0
0.2244695361576516;0
0.21520587394099108;0
0.2876518280138032;0
0.3380949383076166;1
0.3019218865028826;0
0.18813396513311567;1
0.39307549537779524;1
0.20603181709049526;0
0.21154758160870551;0
0.16305751629525436;0
0.21566136266500516;0
0.29735424910809627;1
0.2799566613541178;0
0.28463175282053665;0
0.28237531052933323;0
0.20827258775807875;0
0.2375604015149515;0
0.5512666178208288;1
0.47818197499464316;1
0.5204474200345438;1
0.6297296597120309;1
0.30973439121320984;0
0.5401331036581228;0
0.16428248340744225;0
0.13310126716997517;0
0.13174331858231542;0
0.11544732903819672;0
0.12853330461390994;0
0.16695934076002944;0
0.16148978650634643;0
0.12457980752847339;0
0.4774316198244528;0
0.3890584257006089;0
0.6290081124454223;1
0.5311326834202036;1
0.5714325502941164;1
0.523187090429268;1
0.7086054813149848;1
0.3300335670973245;0
0.2578353008530948;0
0.3725011895633251;0
0.22400748089696065;0
0.3990346393649219;0
0.432566440583715;1
0.338321317211092;0
0.48292485710009053;1
0.3997639725701598;1
0.35825030300150834;1
0.40594962946808055;1
0.279844081256304;0
0.5554529715725026;1
