pred;y01
0.16906966959099973;0
0.25514142433557363;0
0.13432390296493898;0
0.1490273335079327;0
0.2909342286789272;0
0.21753719508745475;0
0.21034649646897874;0
0.23745686326280846;0
0.2968953569101012;1
0.15282869092965043;0
0.16119315893811076;0
0.2228386428498923;0
0.2512119576713041;1
0.29642201640334964;1
0.18294996818251524;0
0.23277142396223124;1
0.062478829224158504;0
0.3581397643541259;1
0.23913905218262652;1
0.17642274147645515;0
0.18901373002691485;0
0.23014921347119466;0
0.21601931029789453;1
0.22090209552124862;1
0.17618812441208104;1
0.2379172054281735;1
0.21836698337745164;0
0.2650932589858585;0
0.36926847258693907;1
0.22349842484041277;1
0.252444616926704;0
0.2557545520239899;0
0.2255290585609731;0
0.4170256309846915;0
0.29056951372363715;0
0.3065146200599329;0
0.30850803494897233;1
0.2735021032900757;1
0.27509548653640536;1
0.28127694394464964;0
0.3419599345325362;0
0.2026447493132056;0
0.19809807663409082;0
0.20692735058794834;0
0.3268861303341908;1
0.36212193390421477;1
0.34188363555297063;1
0.21537163685123628;0
0.286415750271692;1
0.25786929776504836;1
0.27281015942024933;1
0.3766108096392522;0
0.2747257662149234;0
0.29344301452299026;0
0.26747621088946655;0
0.4019045111841163;0
0.3459768529444148;1
0.17641908319626923;0
0.2930606766997194;0
0.3099330358956025;1
0.4068311299512786;1
0.23427579054443462;0
0.20538525363523544;1
0.2926815240056955;0
0.1896141968750833;0
0.340784536258414;0
0.23532225715913754;0
0.2493993199531363;0
0.23147533402110285;0
0.18442109532834944;0
0.17512571978825855;0
0.19593050347873786;0
0.2089536425961961;1
0.21569244610466867;0
0.3302491888734171;0
0.29828053311548874;1
0.25279394734666705;0
0.2687057474675832;0
0.3204908983289315;0
0.4327179764890088;1
0.2764233221743877;1
0.27514006652931167;0
0.47175745985095385;1
0.3102331123689868;1
0.2264716029141929;1
0.28670946007099246;1
0.32373386678238275;1
0.39026156279289775;1
0.3297080070140408;1
0.2702941973409863;1
0.4525519374998105;1
0.3573721389538837;1
0.6245122705910148;1
0.27581973353920686;0
0.32464589855908793;0
0.4855386607917664;1
0.42001245979788276;0
0.32746237756272556;1
0.361982837278638;1
0.3646847095192062;0
0.2949579570769036;1
0.3565299432038494;0
0.35747757239286104;1
0.26044755005373804;0
0.3628230847830649;1
0.5125761018867759;0
0.3122725075461364;1
0.3560154318134309;1
0.20809213504494115;1
0.3845411663030684;0
0.3783594978079862;0
0.27975812398423383;0
0.38434444229811726;0
0.28168181111731777;0
0.16185734437648402;0
0.1740947917090214;0
0.4534892728226083;1
0.3275791851439264;1
0.3115668825860102;0
0.292474799151575;1
0.35356296048839875;1
0.3700865456306728;1
0.4024120204005935;1
0.44776236697879324;1
0.35717460967516634;0
0.27589356214814403;1
0.3518116797228245;0
0.2263816447901774;1
0.3010710127017369;0
0.3509670517406404;1
0.17993438150770288;0
0.39715706610409296;1
0.3713487795850197;1
0.3813197463012578;1
0.35747073405961854;0
0.3701556001349831;0
0.1652053195906974;0
0.15800477525232878;0
0.15429079212011712;0
0.5607148883555055;1
0.24499741941708675;1
0.2766502579368342;0
0.18252458319714088;1
0.19833120676008853;1
0.22801698424568376;0
0.3165891940167992;0
0.18597451761567996;0
0.3044411112757936;0
0.23261200772817628;0
0.28803206136746523;0
0.13485390155906418;0
0.3324245708947528;0
0.23793765699391603;0
0.28515170759795927;1
0.4071591670222523;0
0.3810155877937864;0
0.3770749951207097;0
0.2324092299678578;0
0.1616969418052316;0
0.18284660396252825;0
0.18983353687075416;0
0.33475452190542054;0
0.2630518903397432;0
0.37758473480173976;1
0.22131301547337495;0
0.30484165145286013;0
0.5496998707918501;1
0.43062129294613877;1
0.46972463766714656;1
0.37946425019760527;0
0.423442944544231;1
0.4114842082149044;1
0.44466571175341263;1
0.37115555324680716;0
0.46896888014554206;1
0.4300148028039728;1
0.5651223285530463;1
0.4435099628285774;1
0.505321091979253;1
0.44876442000763617;0
0.3323818724606731;0
0.4230232147240554;1
0.503714060362625;1
0.4213880062169896;1
0.3080877047835942;1
0.28847296442711107;1
0.30137507941398967;1
0.4101018008673134;1
0.5341635075701069;1
0.48339903590135624;1
0.45559838188639085;1
0.45862636403799456;0
0.5943600741295297;1
0.46055660005822485;1
0.4478089813042394;0
0.4218555215990843;1
0.693398576244478;1
0.740972910650578;1
0.5553748797390098;1
0.6236392181644774;0
0.4954088500561995;0
0.4981679509887834;1
0.6034354420134478;1
0.44716237003974013;1
0.5685784377608527;1
0.4238950352361864;0
0.3388552707275276;1
0.43675722634549;1
0.22555438185823518;0
0.3731369574026502;0
0.2734767401766627;0
0.202074365183023;0
0.2017972506442673;0
0.18173626547840685;0
0.1983254858916434;0
0.17581767113239852;0
0.18841558418555077;0
0.49660710768055694;1
0.3783384180307809;0
0.2125911688843851;0
0.23601729962078377;0
0.20241004914781638;1
0.3828703322529189;0
0.22225401277268364;0
0.2625308041367802;1
0.3323774626250173;0
0.24862845688107724;0
0.14709780922837637;0
0.1750316787285968;0
0.333967873299703;1
0.19695037550585429;0
0.24586023985001101;1
0.2579985042952612;0
0.26909343328961743;0
0.25964570568874;0
0.31756755696248173;1
0.24831027118480953;0
0.27571502215408944;0
0.35034054357512495;1
0.26094308336650585;0
0.167262741420997;1
0.2780624558569685;0
0.16573507861271172;0
0.35983622093279977;0
0.34678489498658616;0
0.15173510945468513;0
0.2028190965455826;0
0.24210234154040092;0
0.18094551023814556;0
0.19105242346147733;0
0.2631409884428414;0
0.21024348974319765;0
0.14008825761164811;0
0.18942165915707238;0
0.20064849848930497;0
0.28199660284952843;0
0.18975312473462777;0
0.1931612335196724;0
0.20561465603500495;0
0.18750422958885105;0
0.1642220272094437;0
0.1488750746286516;0
0.17790794997847634;0
0.20468821606243812;0
0.1581183762172241;0
0.3084923595321473;0
0.1491591833681659;0
0.2963049313523784;0
0.24189009808003256;0
0.16334634400494685;0
0.23713744006790047;0
0.2535505844475536;0
0.2194389229719795;0
0.1410266553252744;1
0.27552513981243343;0
0.19301619681940385;0
0.1614368493341387;1
0.19439324895310833;0
0.233470210942207;0
0.18495837608421736;0
0.3098052127407435;0
0.34593179032847265;0
0.2642662714378268;0
0.28145252728339576;0
0.3008457154506963;1
0.4707364744817785;0
0.3171951356292724;0
0.3353557441428418;0
0.17777157649391084;0
0.16316997987956888;0
0.24220567545831642;0
0.2080646164014869;0
0.22990356657597588;0
0.21250104430493877;0
0.3854574431062542;1
0.40009171165169444;1
0.16107761302143922;1
0.1501801084830993;0
0.4712734935127181;0
0.2468859366449908;1
0.1856020179401589;1
0.1578466825732811;0
0.293698590390521;0
0.2539777872089848;0
0.20262082558509328;0
0.2249258795080242;0
0.2703898864345772;0
0.18168798800846472;0
0.20594319045875892;0
0.3229460293204934;0
0.2722893353872374;1
0.31837464475554006;1
0.42714061266532916;0
0.373870193130096;1
0.18141561437119566;1
0.16852283752292566;0
0.2120548999525499;0
0.29907719343811273;1
0.2235834412061437;0
0.207084710439856;1
0.2652634016742974;1
0.2739711611047606;1
0.2490533866439835;0
0.2278786426131807;0
0.21062563424834774;0
0.2590207203444314;0
0.2854606236377154;0
0.198631055594073;0
0.32299060704973;0
0.3627324831959082;0
0.3072483595356877;0
0.1705476673238802;0
0.17190471658797396;0
0.24947841816591268;0
0.21188108323946792;0
0.1969192165956066;0
0.3055223505355479;0
0.19715801008733136;0
0.25093310219110326;0
0.2388794264941746;0
0.20025553421426015;0
0.2034615962011201;0
0.21079919736179906;0
0.16465830784116178;0
0.1930281423432663;0
0.21862014283603515;0
0.1841570818589043;0
0.18464366396874266;0
0.1487149595501361;0
0.30642294780312773;1
0.17583295673398294;0
0.17227970026322964;0
0.20212072509055864;0
0.21535122073210652;0
0.21497456480368934;0
0.2510717331273583;0
0.21692810983523575;0
0.213648058266026;0
0.29338128731636764;0
0.16792668690109483;0
0.2082419252783269;0
0.0889850686813403;0
0.2224550763579559;1
0.1526829471463184;0
0.2526465518339278;0
0.21184470541453237;1
0.23820237346904477;0
0.1536699730697439;1
0.22987308428990094;1
0.16120093991176723;0
0.2718241905315161;0
0.1475186957937914;1
0.24806847218074796;1
0.13558386674735054;0
0.3127356322371448;0
0.15063522266210888;1
0.34136143824414367;0
0.4541604079047173;1
0.07077458956822727;0
0.16990401280934012;0
0.26759222073858596;1
0.39235055676401065;0
0.4308524686042934;0
0.3110260839965765;0
0.5811089413848429;1
0.6814872974203366;1
0.7002358885187507;0
0.4202993351540559;0
0.6857296829372861;0
0.6840451256387593;0
0.6384613383351337;1
0.6625189564154126;0
0.7041150456124976;0
0.7892721792319392;0
0.6169866039927665;0
0.738845525563744;0
0.5864019270123584;0
0.6367441289517345;0
0.5731641073011131;0
0.46470541918281405;0
0.5144856285445408;0
0.5119961162857618;0
0.6332737959158641;0
0.6296541368740182;0
0.5293485118151733;0
0.6338829342775324;0
0.6690745366125168;0
0.5261753972300013;0
0.522525448475095;0
0.3726806787493532;0
0.21630920229711714;0
0.3564897216434562;0
0.3212728444241627;0
0.17648830695307186;0
0.2589068051078611;0
0.29697604548461437;0
0.3293682819850791;0
0.5111235713377958;1
0.18532312685619473;0
0.18332068669738924;0
0.3242590763660132;0
0.34161695077636134;0
0.3242165220896791;0
0.3722144008255413;0
0.28803542852468866;0
0.38849918111203474;0
0.258919573582506;0
0.4559876879576641;0
0.41748305342261105;0
0.3920788817096379;0
0.35950885311868447;0
0.39655176196537045;0
0.3797615710252014;0
0.4072621501533763;0
0.3824611002718195;0
0.3746806181473322;0
0.46464002599180154;0
0.30895244116038956;0
0.3687138422237201;0
0.13433670573462442;0
0.16884305835505745;0
0.14727994131122982;0
0.15218942529218546;0
0.1886689202975391;0
0.16850945688706478;0
0.16391059516879322;0
0.15674946836154563;0
0.1493445710766165;0
0.13639275379167673;0
0.16530309580916125;0
0.137123062514958;0
0.17156336525730323;0
0.23164396673368393;0
0.16631315475037267;0
0.15428039073195746;0
0.21704645099045208;1
0.18200976679936154;0
0.20941519951392673;1
0.21780533691120868;0
0.13245409698495325;0
0.1931696938821974;0
0.10025132248164924;0
0.24525424735367488;0
0.13885949412714868;0
0.13689567332732144;0
0.3054969403220787;0
0.10201018491927215;0
0.13922035780459516;0
0.20496106140482911;0
0.13613927727818917;0
0.15658858755451144;0
0.2519875444740512;1
0.2558089949490532;0
0.241200001277316;0
0.279772969585695;0
0.2771278113517601;0
0.3451884324181538;1
0.18092558992220853;1
0.11924731073594633;0
0.3646528107234332;0
0.39281437772925076;0
0.10629631251494111;0
0.43854353471906277;1
0.28666653253389124;1
0.23480736893012186;1
0.2753418587044302;0
0.1324835830196729;0
0.1306461652932986;0
0.10071571530599156;0
0.19854746117013322;1
0.14075036147329345;0
0.17929557360756515;0
0.19524699490408481;0
0.19870271848424728;1
0.13112156519086782;0
0.13440599611090703;0
0.14304982587734064;0
0.17558916766065363;1
0.1498029757376795;0
0.18435314676516032;0
0.13120326819174025;0
0.1787158688563044;0
0.2763837339289975;1
0.1606106085008326;0
0.21335407713711232;0
0.285392828333546;0
0.23899933249390964;0
0.21829941075556472;1
0.215476628112926;0
0.32867957266282827;1
0.18621041637039573;0
0.17496639292257762;0
0.13940760614580158;0
0.29104889528081407;1
0.23459698485679334;1
0.17111846907912395;0
0.25914036837445664;1
0.15793063019073308;0
0.8467749240692494;1
0.711577961931493;0
0.7505193666723259;1
0.6540177477486426;1
0.7534763915871818;1
0.7570648396498333;1
0.7636392323726487;1
0.7327854847298352;1
0.7801618135550927;1
0.735144294162864;1
0.7180060643321928;1
0.7837313092762932;1
0.706157667211192;1
0.7516513041663024;1
0.8167178467482131;1
0.6342136100809073;1
0.7599557282119742;0
0.7542816850446163;1
0.7878850470213723;1
0.6968980664479352;1
0.7874111049110067;1
0.7593354543261547;1
0.5110308048654342;1
0.7311448526603271;1
0.7547326809527546;1
0.8544140700167497;1
0.7673585816652947;1
0.6556426976977526;1
0.807366901954408;1
0.8556916557883473;1
0.8019221890922144;1
0.7584303536391139;1
0.6498813650541003;1
0.7571889792235641;1
0.6381942290938503;1
0.7508412445742111;1
0.7117022824884564;1
0.8907858658719152;1
0.8559836331364475;1
0.7024128964102578;1
0.7793242196386743;1
0.8227037281064817;1
0.7496557773911666;1
0.6583924456087425;1
0.8472396064259871;1
0.5283119749002353;1
0.7589235868825023;1
0.6974865785800234;1
0.7232781454340518;1
0.6543910837345855;1
0.768755994380293;1
0.7940015876170605;1
0.8108888436905622;1
0.7749195094146287;1
0.7569746270943758;1
0.7170489678625344;1
0.6343765373984486;1
0.7093525705276187;1
0.546305665892084;1
0.7869513224414642;1
0.7220134984389402;1
0.6105748037127963;1
0.7543460596346588;1
0.7000610024816794;1
0.7794115582171944;1
0.8040737932826846;1
0.7082357111657369;1
0.7398682546156661;1
0.5984500069781595;1
0.7814225819034308;1
0.761438072715305;1
0.5361254279893961;1
0.6568165452597725;1
0.8261551019352144;1
0.24875532278082155;0
0.2767287256724409;0
0.27491329153913596;0
0.12249977608345486;0
0.08177190641448195;0
0.25311627380093765;1
0.33897232581655706;0
0.1277469212721182;0
0.2684844961657449;0
0.19946997450131232;0
0.09758458036496405;0
0.12078815114849366;0
0.7571936365862348;1
0.7393979429163268;1
0.7711136462697634;1
0.7852654650735293;1
0.6616740399905285;0
0.6792852842763683;0
0.656585080365913;0
0.7193311533973469;0
0.7150243043319812;1
0.8093735205597045;0
0.6612314269333273;0
0.6199611313691753;0
0.6715728569020222;0
0.6732829640699456;0
0.7939141196810221;1
0.6835499638105307;0
0.7991764243722309;1
0.8598313260171;1
0.777108394570719;1
0.8039403662206085;1
0.7595274910434776;1
0.7504617965074039;1
0.6914951436845661;1
0.8667310211357417;1
0.7713077787727665;1
0.7781718613238067;1
0.5733918320153261;1
0.7173402804063547;1
0.4564506325112985;1
0.842000152591817;1
0.8181112588138812;1
0.6878167798791537;1
0.7311791754111764;0
0.8138639652434513;1
0.696345170258895;0
0.7767039338710546;1
0.6908983253581834;1
0.25691524254875875;1
0.18136150697299364;0
0.3168160749301686;0
0.22777512708583483;0
0.2563574755375803;0
0.24876830916585785;0
0.299077794356745;1
0.15525267779144153;0
0.15051967629778454;0
0.24117993909688526;0
0.29422408311881143;1
0.17461050285050392;0
0.14209993899196985;0
0.15411817920850526;0
0.24297089643767453;0
0.18249208573477432;0
0.18353136133656908;0
0.23886679885942605;0
0.2183399791840312;0
0.22714945432992883;0
0.26480960639980106;0
0.24386987805464397;0
0.3150551201028586;0
0.5334965052061665;1
0.4910925708708222;1
0.4680428291404613;1
0.37897564244661275;0
0.35459981664171986;0
0.3047832013573354;1
0.5814307432655552;1
0.30051769638830556;0
0.4625292781926282;1
0.3736986375641262;1
0.30493477765828114;0
0.5017066384507246;0
0.3548938893612753;1
0.20117938727174284;0
0.42542274029168775;1
0.43790320007298933;1
0.22434691393497372;1
0.5007215160654992;1
0.3638510651010336;0
0.26540098509139826;1
0.2354801127827495;0
0.3246655560287763;0
0.5183283010679416;1
0.3509271862043278;0
0.24650136063519498;0
0.4430573234379778;0
0.3020178684176397;0
0.2565307979894266;0
0.41350420110856506;0
0.30511374879228653;0
0.37324673528699126;1
0.3983433656130479;0
0.32757627206479184;1
0.43554687998855385;1
0.4572762335503803;1
0.4080372039058855;1
0.43789564312939533;1
0.5682853437491053;1
0.3953128292820298;1
0.4207925629386546;1
0.32698127948955186;0
0.40303627611261506;1
0.4144066311786741;1
0.42000046174291417;0
0.4254036804312208;1
0.38099041932037414;0
0.3932334014396928;0
0.3376653863912708;0
0.37765332951200337;1
0.37997177561241974;0
0.4968162109614426;1
0.5261424911008865;1
0.5125288896244361;1
0.4331911206393231;1
0.35548234154774067;1
0.346189557901363;0
0.3720420704419654;0
0.45033079951665567;1
0.3208058061969268;1
0.38321351845740975;0
0.2756629581971988;0
0.400136159653199;0
0.3956600912580122;1
0.38153626871046264;0
0.4729262675764171;0
0.31757563133573596;1
0.331015006231447;0
0.2717091731146205;0
0.28864566044596374;0
0.38096899106103194;0
0.39411572104209003;0
0.2966449919211406;0
0.38007328712370114;0
0.3652420424073313;0
0.3609366212952352;0
0.36315330294776554;1
0.22014390243247367;0
0.2578662093272749;0
0.3505900017361507;0
0.4435336965862799;0
0.44934301255091397;0
0.36957699542914735;0
0.34664369095727693;0
0.28103276066880434;0
0.3248456741022643;0
0.3919820722016306;1
0.38807356781357666;1
0.2191545429842864;0
0.22483974676931792;0
0.31373817866144976;0
0.12902802449596928;0
0.2591542069781984;1
0.3445341456625703;1
0.395036005030011;0
0.3027020021737514;0
0.4652730936279213;1
0.35551085603391175;0
0.2823116269855818;1
0.2841218006722082;1
0.30385198528104707;0
0.329356151665381;0
0.37515837388123874;1
0.3672465042145746;0
0.2685975965988466;0
0.3061418882870425;1
0.579966310815392;0
0.3399246530711875;0
0.3215514984452932;0
0.2427684185872647;0
0.5297093118223455;1
0.395504384436723;0
0.3747378744101605;1
0.34760782898034825;0
0.2821450501427878;0
0.12240281812926315;0
0.2848189307280208;0
0.2332008896334299;0
0.1772192903892365;0
0.22608027621728688;0
0.25593775101136357;0
0.2422949923138442;0
0.3775012670903536;0
0.3033277524042282;1
0.39273250833439954;0
0.22953502423336936;0
0.31347764219408003;1
0.2023261652738777;0
0.23099077366485693;0
0.17515704535459298;0
0.2020057951951185;0
0.27600913954688255;1
0.14724821262584725;0
0.1374437692271162;0
0.2842394321016593;1
0.27670702830253346;0
0.2418169727963186;1
0.27184659059999905;1
0.29790951347814804;0
0.27791797605904234;1
0.2959250105601264;0
0.23862890326886108;0
0.327744476102867;0
0.1512649438796208;0
0.23586331737206953;0
0.2793745208121787;0
0.2440612783219134;1
0.18805804342412596;0
0.18563024039306406;0
0.3781051037610689;1
0.23448096110191033;0
0.20437955594736568;0
0.32617732077033834;0
0.23630368646630068;0
0.3875161784510996;0
0.155766661620135;0
0.1782913654773716;0
0.11295868729196876;1
0.2646590645984465;0
0.22584057955376216;0
0.24956482548972658;1
0.5007549259509684;1
0.2531182416662103;0
0.19132925134396458;1
0.2870649110334917;1
0.2574739750845654;0
0.2874005024883151;1
0.24897863877930995;0
0.5285988902125774;1
0.2875676388470777;1
0.5697189994690707;1
0.5723211721596637;1
0.4481781445942295;1
0.482778780255689;1
0.4190984861651288;0
0.4890539383430555;0
0.3886855345420391;0
0.4119718447728389;0
0.40693642359504284;1
0.5418346151228669;1
0.5798972938280488;1
0.5068376431531081;1
0.620631785527277;0
0.24774115044362865;0
0.41337964572199704;1
0.4500129562750594;1
0.45641548889117767;1
0.527461156858202;1
0.3163743417745677;1
0.38079486053794825;0
0.49819568573106965;1
0.3863518760743956;0
0.33241278517404793;0
0.33876715772097865;0
0.5006308369158937;1
0.44187551992443963;0
0.37535212752708047;0
0.7117268322561306;1
0.29264698297178254;0
0.5819331972239982;1
0.3101310947707618;0
0.34975581048421966;0
0.3215345907350746;0
0.57097965698921;1
0.46285933222358766;0
0.5092169583468144;0
0.33812292408946326;0
0.32195532291448054;0
0.40939781536927033;0
0.4695212897843948;0
0.5058794814235488;1
0.6894125369341316;1
0.32515705421579866;0
0.3333828425666337;0
0.440913942923805;0
0.6378387714773143;1
0.5581014883814589;1
0.38701080779589;1
0.3965069501874234;0
0.3955991894196235;0
0.34440091334020606;0
0.40073709490011256;1
0.3603771003095683;0
0.39719174723760087;0
0.38397516084195926;0
0.35394646636656535;0
0.5305609355085562;1
0.3943242676868472;0
0.5270083987048045;0
0.37825582841533556;0
0.39260949631922304;0
0.4225903127210408;0
0.3817192259052311;0
0.36513417712256835;1
0.5788574639662459;1
0.4735247471269709;0
0.5135983551075705;0
0.5335163655685478;0
0.5063777748269513;1
0.5856426966616672;1
0.5155764459720652;1
0.4800429052020304;1
0.5283384829649465;1
0.4450185998859936;0
0.8437357623578072;1
0.31386390577355616;0
0.3874801262704108;0
0.4232680924471152;0
0.3768881982529237;0
0.4673130548729382;0
0.5868500844634065;1
0.5429588348490603;1
0.45485852710019453;0
0.4919024689082587;1
0.31199488671872083;0
0.44793713041696764;0
0.5573119325498177;1
0.6274065652389422;0
0.667637977507301;1
0.4504215123776601;0
0.42182232614769927;1
0.5004600810068621;0
0.3941318798560004;0
0.4996394732715968;1
0.39224050103390323;0
0.38602624082579406;1
0.46440952334460067;1
0.3822554725831341;1
0.2595894954433838;1
0.5759913723502184;1
0.43473271264144087;1
0.27833044875461926;0
0.35957960246309767;1
0.27562117259994895;1
0.30432515660292125;1
0.1724832904833452;1
0.4793526933361239;1
0.06950431078205153;0
0.4216343519953435;1
0.2909818793875804;1
0.2411722636354562;1
0.291846167000827;1
0.2822267326193454;1
0.30902999615464305;1
0.24115181740978453;1
0.2568926720268427;1
0.20663134514106876;1
0.15985294429266853;0
0.1778716909307521;0
0.273531347128589;0
0.21813029505418982;0
0.21231742058376246;0
0.20792389835551875;0
0.177893524243979;0
0.13997862146070894;0
0.23473684726020821;0
0.23561477961837166;0
0.1265203037943757;0
0.1314340281973922;0
0.37966548676779893;0
0.1585290222656314;0
0.23242698916019372;0
0.22625928306127727;0
0.14334359036483604;0
0.20787991375024828;0
0.2787456825675794;0
0.1874042094277677;0
0.5135878902850417;0
0.4896352357769418;0
0.6182899870750841;0
0.3106142869421597;0
0.4584758115025512;0
0.6326191437030037;0
0.4333857941008693;0
0.2128497258850751;0
0.3546407549596209;0
0.6351242708562791;0
0.5942765498818704;0
0.42897657208041157;0
0.584713014125626;0
0.600781199392259;0
0.6501035993389823;0
0.7174725895855872;0
0.6143518362176208;0
0.6609599526098898;0
0.35272150594520524;0
0.6550183181208433;0
0.5865532480876071;0
0.655635490964524;1
0.6893716967951188;1
0.3745689117104595;0
0.519280276229027;0
0.46171840039659284;0
0.3154841714470956;0
0.5179692669515495;0
0.4135928292292073;0
0.527609680637918;0
0.2314126415440992;0
0.6885441535517207;0
0.5866943060813327;0
0.3840126911668424;0
0.5994798993118501;0
0.5009419016349009;0
0.6313932148629526;0
0.20189910738190237;0
0.7197355987631769;1
0.6464013695373586;1
0.6763380912169618;1
0.5106484916269387;0
0.7418839649310264;1
0.4913176615413206;0
0.3836020215258504;1
0.6105977058053199;1
0.34405786244922965;0
0.6540852273233384;0
0.5916401778408557;0
0.6430175729191735;0
0.635776975050563;0
0.6065588264047931;0
0.5868074377183384;0
0.7146256195079013;0
0.33566895158013077;0
0.19734177219186239;0
0.36961261147024843;0
0.32664003360812827;0
0.3753726134431698;1
0.3636974966079968;0
0.38950482300895756;0
0.24844886993654586;0
0.23396162460720818;0
0.26175872073409073;0
0.36067537825993157;0
0.4131691916494803;0
0.3926094500642165;0
0.36847831610264015;0
0.37929370608051555;0
0.7918512554755605;1
0.7625121400306576;1
0.6832081552882475;1
0.8279228934058291;1
0.7301603854266656;1
0.5476949234738503;1
0.7108389187887298;1
0.8095084278362696;1
0.7430808242694369;1
0.8102912862961368;1
0.7967178408352604;1
0.7409211030099926;1
0.7020057556319427;1
0.8021627683567604;1
0.8293844632131187;1
0.7936734001145497;1
0.6838643917434879;1
0.7090022900689688;0
0.7508462073418917;1
0.3161782793084682;1
0.8097739110119299;1
0.786510019261123;1
0.7394439977725072;1
0.7379220854350845;1
0.707028778788321;1
0.7937979536966815;1
0.8310907878658637;1
0.8447616334968436;1
0.8849785276765132;1
0.6653172567179096;1
0.8187329810001083;1
0.8229339535999833;1
0.7288953723490206;1
0.7389556681369845;1
0.8453336253902717;1
0.8364235826622703;1
0.7436911974972734;1
0.7035083934963822;1
0.6742862615344137;1
0.7931086545539293;1
0.7485988667901394;1
0.6669649722432233;1
0.8079707299136956;1
0.8581414111439915;1
0.49727351301693823;1
0.758858757627288;1
0.788336749200431;1
0.8043743836062857;1
0.8665745883509578;1
0.8123131224597353;1
0.6588256541077653;1
0.8346097465293756;1
0.7160488895584263;1
0.8134391439356082;1
0.7575180325787226;1
0.8839836370591809;1
0.7988976164387821;1
0.7261519240358582;1
0.7136488508446077;1
0.764230850071581;1
0.6041861289200502;1
0.8399955588734944;1
0.717671040392356;1
0.7499319449806633;1
0.6891489712623313;1
0.6866716440803503;1
0.8021655416967499;1
0.8399465155481682;1
0.8446790214305697;1
0.8222948328943933;1
0.7687183599547681;1
0.8772631554981679;1
0.7009362868217031;1
0.7704421176598646;1
0.7541080154488283;1
0.7863891454879579;1
0.7501507671810654;0
0.7999236577146273;0
0.8392523537722043;1
0.7397967497969594;0
0.7549225583384622;1
0.7452780374815388;1
0.7766984472309233;1
0.798820108034963;1
0.7793499604283536;1
0.7381807686891118;1
0.8053117857256339;1
0.7991815668897061;1
0.727729621412561;1
0.7618814613322692;1
0.8413682862517097;1
0.6998312586280172;1
0.6514661562225216;1
0.70808312438912;1
0.809171774760696;1
0.16219814382968775;0
0.20560014137745192;0
0.19128957892296541;1
0.1718081407926416;0
0.18982048971227797;0
0.3332426521384356;1
0.2079426697693842;0
0.23305275192787192;1
0.22266531693075173;0
0.1257553464562289;0
0.14120812320753648;0
0.14495253975753863;0
0.2879435308621572;1
0.2869155329697605;0
0.1331177935712523;0
0.12162752882394101;0
0.16169022680407022;0
0.24368064489407842;0
0.17028158981150285;0
0.2500361526564125;1
0.13964220167213723;0
0.26389248890037836;0
0.16557865574651123;0
0.13613067268420415;1
0.15480633077195577;0
0.1993963785331978;0
0.1383935958982239;0
0.13640641125426192;0
0.12757511088798548;0
0.1259579187848658;0
0.27096722112484206;0
0.20306909852959593;1
0.15489686256162805;0
0.16478475536282955;0
0.15774703876068044;1
0.21508562624436547;1
0.16129279582904968;0
0.18731159180115123;0
0.1528737729281574;0
0.7517657069460157;1
0.5152072783435799;0
0.6624513774422577;0
0.4080374674339486;0
0.6289854932428411;1
0.8294092803938772;1
0.8316328273477889;1
0.5465453861131044;1
0.7641555552455414;1
0.7356117431681929;0
0.7460706036214457;1
0.8303064427066329;1
0.7949018125691647;0
0.8235491371443662;0
0.8153532974659976;0
0.7979009649527898;1
0.4828521421997742;1
0.759520506098283;1
0.7690132441960488;1
0.7806663684073116;1
0.6855943871534972;1
0.6124632861922183;1
0.8244685506400093;1
0.7765115032407702;0
0.6497077982581603;1
0.7289058913276935;1
0.523355429628755;1
0.7350788515047401;1
0.49902360080251473;0
0.8257337640087684;0
0.5715536578723486;1
0.7802695937640023;1
0.6958160187901816;1
0.4108311490878881;0
0.7416166958091992;1
0.6244981516800538;1
0.7285189233732032;1
0.7426080458662692;1
0.8030253936624139;1
0.6807908330308046;1
0.45007240710936697;1
0.24665195712617244;0
0.39390817250737115;1
0.3581449921141659;0
0.3457658339402569;0
0.35261270954485874;0
0.42023500496459176;0
0.1748333990869541;0
0.2471125230543084;0
0.263975924113737;0
0.23105743252415958;0
0.15394817072649702;0
0.25933949053648464;0
0.20189649507925825;0
0.16045873791722043;0
0.20439410038786612;0
0.5207063426451235;0
0.2787710460822206;0
0.26044026592372316;0
0.314549299376644;0
0.1831466698252844;0
0.3107593714363126;0
0.28864227898059125;0
0.41196349917046937;0
0.3487891781351791;0
0.29265463175069967;0
0.41691659219789884;1
0.3347094746364966;0
0.19750181414796403;0
0.19471520603180742;0
0.13022732160955588;0
0.31672667635888496;1
0.36549501357300207;0
0.309204854110157;0
0.31071232393219017;1
0.44652107057765883;1
0.3999901464696306;0
0.255198255957667;1
0.36365487418605;1
0.21007840412963585;0
0.25887109475781067;0
0.2498293998646162;0
0.15792859130189918;0
0.2215654463104507;0
0.2028749645228039;0
0.25734196225465544;0
0.1977721779039072;0
0.29249634580988915;0
0.33464680390477686;0
0.29300664801463955;0
0.23416733665063363;1
0.5144694445818998;1
0.2469895942069098;0
0.27014158419585055;1
0.2832221847982222;1
0.28011987148010503;0
0.308912161848117;0
0.2509857766955802;0
0.22587388551790297;0
0.3552500588622538;0
0.22853431115632947;0
0.25375146954967864;0
0.2597244042975695;0
0.28409870274414595;0
0.24863550374803894;0
0.3304298535773197;0
0.23122432037805019;0
0.3229464365621995;0
0.1849860743327018;0
0.35170990484060566;0
0.21315399268398078;0
0.31555336692806246;1
0.3470248994898477;0
0.23502708104066639;0
0.24986253689223212;0
0.24412893852421538;0
0.1749789175247309;0
0.21269382413712948;0
0.16569149188276636;0
0.15738225450770962;0
0.3906627063701949;1
0.2664707007167462;1
0.2464928843810946;0
0.21882376485452015;1
0.20060600512525667;0
0.45043097789211267;0
0.311125777937342;0
0.2625992464410509;0
0.1661643617850269;0
0.1965009616650703;0
0.17178773543287748;0
0.4686908303263221;1
0.7293828723553916;1
0.7276417261209691;0
0.7589133605785043;1
0.7334176648505808;1
0.7708522868272374;1
0.8090984628279071;0
0.5062653007071313;0
0.6790317094827998;1
0.7393957435646207;1
0.7848532563462266;1
0.6175646637248599;1
0.5850451906329918;1
0.7529510601202327;1
0.7022359596858122;1
0.6526347747183112;1
0.7001143141324855;0
0.796779688975522;1
0.7339544611704558;1
0.8554483313946782;1
0.7844841240244883;1
0.7258682206667524;1
0.7708023676507701;1
0.5710870758227868;1
0.8495691565275538;1
0.7903088917129533;1
0.7030700504721443;1
0.7275584625654599;1
0.7461139640508171;1
0.7882398684993458;1
0.768311501774179;1
0.7542284443755544;1
0.707224947738834;1
0.5925044949753006;1
0.7106927276668714;1
0.6193206179102727;1
0.8183712320016377;1
0.801963225243685;0
0.8560915637765676;1
0.8386582056938319;0
0.8716000066849638;1
0.6286596625627068;1
0.8038006634978715;1
0.5749957644802889;1
0.7908113289665629;1
0.6747224255483627;1
0.8090960107780478;1
0.7312501047888443;1
0.588722849298089;1
0.763700193407756;1
0.3519389015392234;0
0.34239982412339703;0
0.45838560381133864;0
0.2990908942789821;0
0.294045870304327;0
0.34004574756210726;0
0.3749631006048492;0
0.39970806880646303;0
0.5129132000755242;0
0.6049934195884811;1
0.605755709493273;0
0.7665442940046766;0
0.617256820940312;0
0.3501102931524408;0
0.3291727523855253;0
0.3021921473602917;0
0.3050285915184951;0
0.4587330441661071;0
0.1573357136856641;0
0.13090678873648787;0
0.45651325401643683;0
0.17732037301276893;0
0.19393943016646037;0
0.45940573599748746;1
0.40271379139084507;1
0.45827836448535086;0
0.37939029971182225;0
0.3488205523382754;0
0.30902506006968994;0
0.25754957849182036;0
0.43660230782500314;1
0.2842353097781506;0
0.19189394915318064;0
0.38533465221338165;0
0.3479710717428734;0
0.25194737819228274;0
0.3842012278592279;1
0.27135350116011236;0
0.3626136651165536;0
0.3583871212105097;0
0.43788081133806295;1
0.4496050575128084;1
0.43609092389021326;0
0.16484127330494694;1
0.1594777501698528;0
0.16105133311726738;0
0.12964325601589874;0
0.2194096565199985;1
0.176212529522474;0
0.19126857306227538;0
0.1498128976295383;0
0.32262241351287496;0
0.19842255224674754;0
0.22627836714339697;0
0.2833133778992691;0
0.2782596628746524;1
0.28849306927580454;0
0.24299175683085053;0
0.23734456057803296;0
0.2756247355656648;0
0.33390487460052737;0
0.3639749541389671;0
0.1911206782323631;0
0.2350809495636772;0
0.2990119313715777;0
0.30260200813639754;0
0.2681570882726641;0
0.19590182535795697;0
0.19398048090193581;0
0.29378195312873623;0
0.40848773944589833;0
0.2116324465794489;0
0.18830366469778617;0
0.5436520790690926;0
0.7614744059371413;1
0.6695829416864638;0
0.7981532930934374;1
0.613893559347389;0
0.7935502763848292;0
0.39391686590642344;0
0.3849963755182751;0
0.36742737641851736;0
0.706577537327252;1
0.6710780840934001;1
0.7406109029441745;1
0.7543540267428905;1
0.7721723906582023;1
0.726117009523783;1
0.7658906815426224;1
0.8017596511057603;1
0.7502294940110812;1
0.7553223700202325;1
0.8107816554817395;1
0.8189394511250355;1
0.3782210456625144;0
0.6739534668060292;1
0.7434027552332483;1
0.7112193685992619;1
0.6957325455442057;1
0.5783593554593204;1
0.7844898290934746;1
0.7371215611314783;1
0.20105392723680393;0
0.27637562378339325;0
0.1522750010983666;0
0.3720540528360678;0
0.20439062075639503;1
0.23961503322192923;0
0.2834896180988522;0
0.1774605901538692;0
0.22945652629567634;0
0.21809903725442528;0
0.20736425627981828;0
0.20662605338854967;0
0.45042065152202443;1
0.23038459450455492;0
0.2742670535190177;0
0.13545357145334097;0
0.2437321575441918;0
0.2684411879184979;0
0.21456384038418666;0
0.38435421766579264;0
0.30256019169929393;0
0.21169825181018334;0
0.18346466734323028;1
0.1354997127625576;0
0.18529090729141032;0
0.24829115545452976;0
0.1572329566314851;0
0.19245365021965896;0
0.38395583770724945;0
0.20836493950536555;0
0.21044728608513702;0
0.24047860586726205;0
0.18740642539833757;0
0.22065373622107168;0
0.1264241034065223;0
0.17534614445738872;0
0.13373208301603573;0
0.19721629392827542;0
0.20289244581984203;0
0.28344633088180565;0
0.2656474395814747;0
0.18331452845404025;0
0.24371752517713943;0
0.2775749775877663;0
0.2972778688390519;0
0.28252501458943996;0
0.20570736665709663;0
0.2599824313475479;0
0.22240433916353422;0
0.1728617044430858;0
0.13720024534765865;0
0.16395029499766842;0
0.1187014411371586;0
0.1629183876691011;0
0.22499897375152594;0
0.22900483240069872;0
0.2422558108100853;0
0.18811570272259043;0
0.2021718208246592;0
0.25802051774560125;0
0.19118485757474363;0
0.21044811134307162;0
0.27457691956443825;0
0.2680380871123816;0
0.3045333266272539;0
0.36295365492846793;0
0.1508152496704141;0
0.23953648497442653;0
0.327380703028201;0
0.28628791841774176;1
0.19852542882283056;0
0.38329098776971166;0
0.24900503366280702;1
0.22996389611162232;1
0.7487829352759474;1
0.7666067371204691;1
0.5064785663547585;1
0.40262953066752183;0
0.5560752210892371;0
0.5325838998474234;1
0.35900142909374755;0
0.33745258323482935;0
0.1783939122546536;0
0.22730587660328108;0
0.22187310531713342;0
0.39218349586246076;0
0.31674306218102555;1
0.14094932315286696;0
0.2199895788911198;0
0.4274283436527141;0
0.4165635969823616;0
0.2070654104669937;0
0.34584702358257907;1
0.34087821179082456;0
0.19207014795963545;0
0.32244650173438383;0
0.29242246647789905;0
0.2154165830277269;0
0.13327127773622377;0
0.29195882365365156;0
0.2362123784274824;0
0.2824591089650738;0
0.49219640260724534;1
0.3396555325099311;1
0.6908186668421689;1
0.3310975558521831;1
0.3759606434705813;1
0.28622316363915346;0
0.31242914186114995;0
0.25474804139367785;0
0.17234795247645132;0
0.1953548376084095;0
0.3663852374639783;0
0.25371367219318414;0
0.4143807332550607;0
0.03296588056714086;0
0.37343186159808306;0
0.36088412974903494;0
0.3400620344291207;0
0.41346622440765535;0
0.2618266139606186;0
0.2317752246563052;0
0.4349667246811555;0
0.32865033602325705;0
0.3115297185385317;0
0.38954242985466747;0
0.30084842756223734;0
0.509111541142651;0
0.3188161184217911;0
0.29141426625266253;0
0.29069011287349367;0
0.36095460771861876;0
0.3039526624940215;0
0.22069925289129808;0
0.29721177127722215;0
0.22163473063004072;0
0.3138821475693549;0
0.37548629637052755;0
0.28993012500220444;0
0.34947338081394275;0
0.2527223122191984;0
0.43885524860840663;0
0.32236021764189465;0
0.2925788467528389;0
0.443570576244057;1
0.3532568107032343;1
0.41781850909529217;1
0.5546070039334754;1
0.4980212236964152;1
0.3462302448062558;1
0.4125613385231431;1
0.4068266578889493;0
0.3511689303084607;0
0.40628570060266744;0
0.44945327143847447;0
0.4143621777134497;1
0.35972976152309183;1
0.488141701893009;1
0.3765988730424637;0
0.5968929642117131;1
0.3587324646736469;1
0.3758165066645475;0
0.30446478241139324;1
0.33826020900266107;1
0.4090468741251271;1
0.4907919016288138;1
0.312762093899312;0
0.39196954831558134;1
0.33124730810271075;0
0.22131090279688317;0
0.4036477570673844;1
0.3342082799573341;1
0.3483149932833466;0
0.3543687377003945;1
0.32473329052673944;0
0.3507966213809448;0
0.3069931284102329;0
0.3461977908376706;0
0.33491830594386857;0
0.2470101177469719;0
0.22991827398484654;0
0.1666975038250361;0
0.376586111005234;0
0.44385206376803993;0
0.2564209810498773;0
0.42032680073413775;1
0.5182105872672731;1
0.3874645917943081;0
0.28517250053993076;0
0.2845866002698802;0
0.2003128041015529;0
0.16435822528797528;0
0.14769138714284985;0
0.20648618717112144;0
0.30268016200146625;0
0.27189272526159114;0
0.26037060804646817;0
0.1674192145365911;0
0.2444585894702476;0
0.3296094692844773;0
0.20240510241493886;0
0.24817076652865006;0
0.22967095999322637;0
0.6913350884835041;1
0.32319232916407087;0
0.3206469880046742;1
0.22876628499097693;0
0.14870111867036281;0
0.19806549814462796;0
0.41588383830117015;0
0.22261925189582424;0
0.12714565847171458;0
0.13543032643964173;0
0.2079530354311583;0
0.16486296522539437;0
0.204797176224798;0
0.18136637530841024;0
0.16084143283327357;0
0.17962915766657483;1
0.15364866307304173;0
0.12658630789669312;0
0.15172334089852685;0
0.1459483559762366;0
0.16706053539200644;0
0.19542074901052225;0
0.22384061447425538;0
0.2759559415628402;0
0.22627722005766854;0
0.1854839819660735;0
0.17439873384811996;0
0.15405255781461402;0
0.17150860950418678;0
0.20091429462238142;1
0.15299788993908428;0
0.24982393082308993;1
0.17280533912748383;0
0.2998668271989315;1
0.2058059018681075;0
0.17440095312098905;0
0.34708565361595306;1
0.22756426618520437;0
0.2850556975936273;1
0.28931166819527127;1
0.18779281876206233;0
0.22163026080661344;0
0.4686452796327079;0
0.4065308994517821;0
0.825938434185808;0
0.27201047727087946;0
0.24994595524713306;1
0.3944235727872364;0
0.2674394991757994;0
0.5318815847085824;1
0.14009433384049594;0
0.3005159736199636;1
0.43412437231952933;1
0.3643458277106474;0
0.22109547965253443;1
0.3666470012405894;1
0.30922874044329507;0
0.0516149706680069;0
0.4928073996509288;1
0.3265125809151855;1
0.3458725435938021;1
0.41877249296148417;1
0.22752654487172774;0
0.13207682927615544;0
0.21050552700654146;0
0.19352911267585707;0
0.27942466787709735;1
0.31829254679403113;0
0.5473682101248664;1
0.25239846925647197;1
0.2068642141023047;0
0.17576809309161703;0
0.27237502011635445;1
0.22877188823056424;1
0.2873947264942894;0
0.3311817209320602;0
0.6132848008771168;1
0.16299668585558083;1
0.18058542901367147;1
0.27862652943452776;1
0.1666684627769043;0
0.22497026848036944;0
0.20542427220537263;0
0.19719587191174442;0
0.24503796187948823;0
0.1677959347642375;0
0.46367787088884255;1
0.5569974829188268;0
0.4171524905155038;0
0.4962310393674744;0
0.14517617262457422;0
0.27424187949756856;0
0.20135742951887425;0
0.1966342927492886;0
0.22058368767323364;0
0.34084465348691534;1
0.19952839975721298;0
0.1842023814424663;1
0.2851503058165344;0
0.3209822644511301;0
0.15036064510072697;0
0.19956429985668167;0
0.16758935558309535;0
0.22065753896349027;0
0.22360872030528867;0
0.21142009606250964;0
0.1949449358295713;1
0.2503285584542406;1
0.15675484396585174;0
0.20121909741568123;1
0.15959591385961258;1
0.15047051680906226;0
0.1909862137763279;0
0.2740453163322483;1
0.2347385836935523;1
0.25673755212982113;0
0.18519851909596763;0
0.19396539260809076;1
0.2807059758032248;0
0.22612057809360442;0
0.22737797177676206;0
0.28280232525364146;1
0.2503613717242976;0
0.23089852336121813;1
0.19399915257616465;0
0.19675371379609047;0
0.31346217186278885;1
0.19748760564103898;1
0.2578130010832119;0
0.19901006694843912;0
0.2051672304345933;0
0.14559152755449667;0
0.22237458680959693;1
0.25963484796680236;1
0.15984104206498054;0
0.28775203872734334;0
0.28351983786141577;0
0.334079439263832;0
0.377894228731291;1
0.3205977505312791;0
0.23002756953772954;0
0.5228754654015966;1
0.3124865050656923;0
0.16612121226822985;0
0.13787887631177068;0
0.16019863155249484;1
0.48251221738113625;1
0.1766832676144455;0
0.27422157116555435;0
0.3368346450356798;0
0.21624198354618934;0
0.1729051838566618;0
0.24580678623024077;0
0.4128998508305283;1
0.18777212586699302;0
0.08808191011317805;0
0.27076841710317157;0
0.3384849359467242;0
0.3423091522380913;0
0.27980481681653757;1
0.22202215689994476;0
0.1538892124816042;0
0.18136591201698712;0
0.27439793940704704;0
0.3248536837193438;1
0.29697700336258964;0
0.36502990811185737;0
0.4004657392726796;0
0.2848028892907682;0
0.26157246963035846;0
0.3208866656164529;0
0.21493697519620883;0
0.16657896458928662;0
0.34777309333365425;0
0.2865248820210742;1
0.17279150906351162;0
0.2989571555180456;0
0.1530810560424046;0
0.3432731456957733;0
0.2875625685583379;0
0.27137057067011094;0
0.4274869737948543;1
0.5169259503267467;1
0.16602933346550575;1
0.38043583742926923;0
0.31567664586837624;0
0.19407904405640417;1
0.43081549923761614;1
0.37940763638966235;1
0.3475295837823672;1
0.21476363979889565;1
0.2043514108031589;1
0.20498598138585924;0
0.29022788566599683;0
0.15343463905883753;0
0.21820051039386;0
0.29260235554186803;0
0.3280568915351899;0
0.4321450181611283;0
0.2840810376579544;0
0.2753290045794829;0
0.7694858630032604;1
0.3840472997597087;0
0.35775535103891376;0
0.4591938191206483;0
0.4079734931929815;0
0.4299027523329615;0
0.5146138876505696;0
0.46327981748692965;0
0.2388118207811733;0
0.4145304505623138;0
0.3339008607685104;0
0.3654855066107622;0
0.1507175433491695;0
0.2535083794169093;0
0.21125990591496752;0
0.18698585469876525;0
0.28596717345704237;0
0.22628333912338702;0
0.1563532319310759;0
0.11499248281756466;0
0.23593839280982676;0
0.41466515148220845;0
0.2215294481974112;0
0.3182464288454884;0
0.1933924445104412;0
0.25362407300498585;0
0.24132626781703276;0
0.17191782869906366;0
0.16292257668763271;0
0.27936616352798616;0
0.2270676562193614;0
0.15891318754922873;0
0.17653558454837565;0
0.16213760463342047;0
0.1388492983520156;0
0.2534845188733824;0
0.3139529275105037;0
0.23955046110088365;0
0.1833018273360132;0
0.2723791923850668;0
0.18364886656966756;0
0.2877337620806552;0
0.18079504476242528;0
0.25222368032327913;0
0.08256204197671338;0
0.15645586960510688;0
0.22305678849425242;0
0.23379848425822738;0
0.2468611166596529;0
0.32626935715291655;0
0.1414759788560404;0
0.19967897861613154;0
0.1395675556209394;0
0.27587157554852443;0
0.1306815200420741;0
0.1874817395611277;0
0.24423886053694932;1
0.14529873829971224;0
0.2963132256465006;0
0.27292040809474605;0
0.3949335787019896;1
0.306442174909151;0
0.5457539320110489;0
0.34748003316999043;0
0.4244775176148869;0
0.43318134143135434;0
0.5418708944365233;0
0.2513139690815068;0
0.2568761180957233;0
0.3138994819459848;0
0.34035680337205043;0
0.3866161542512563;0
0.3422511677932082;1
0.3840203539706807;1
0.5056019762871004;0
0.32680981929184044;1
0.3749089413740096;0
0.3798516702843822;0
0.32422460985074103;0
0.46430727303982794;1
0.4282782841488751;0
0.41050013206333924;1
0.369979549200162;1
0.6294835398592555;1
0.5314184294023734;1
0.39658693658973443;1
0.42592419486145155;1
0.5505126656494156;0
0.37211109329582;0
0.1892119890956938;0
0.18599802836958226;0
0.08425727575910834;0
0.1964467815349281;0
0.2679452564502762;0
0.2862773252178506;0
0.14458640074114482;0
0.15886534582223105;0
0.14250210736031405;1
0.16925978422051483;0
0.5635934220478452;1
0.4995721770356704;1
0.5331475395512085;0
0.3745336163006077;1
0.5317378190335161;1
0.4837329320317434;1
0.6230361056315677;1
0.4183418212637473;1
0.41324718759432494;0
0.5456929041210671;1
0.5868078083431963;0
0.4311495778512949;1
0.4928722837167042;1
0.47407459894019677;0
0.5687390513109603;1
0.3789245710236114;1
0.3856919068318444;1
0.3909314793177438;0
0.562796301620665;1
0.6241083975565759;1
0.4090457048949333;0
0.5357579091392921;1
0.38820123085901403;0
0.494660332688627;1
0.5687681083719366;1
0.4479893931394836;0
0.45122859910708446;0
0.4757326087252487;1
0.555534962547961;1
0.40136230687364616;1
0.4893871807711126;1
0.6337487546517047;1
0.47274844357008133;0
0.3877950806764352;0
0.6163222036036657;1
0.38916687800510846;0
0.4526055357691555;0
0.5966514985657108;1
0.6249517678130828;0
0.37956963235140395;0
0.5268915483361308;0
0.36801229706061117;1
0.311085896743009;0
0.261315668070567;0
0.20889533277835715;1
0.24599138083628147;0
0.14135458588993585;0
0.160233424937859;1
0.276253873386496;1
0.2930394582253585;0
0.1905816497805656;0
0.23037543816637926;0
0.1767578144678197;0
0.05813521059110036;0
0.2579349914551558;1
0.14466789030647112;0
0.20882469145173058;0
0.30798432211475724;1
0.4016744600737059;0
0.5049635524227173;0
0.5037993159609493;0
0.5103225140401707;0
0.3764631048712532;0
0.47655097002879354;0
0.5479855758779008;0
0.631187092166568;1
0.5762316484921954;1
0.48806911615788523;1
0.37736976502622815;1
0.2773447311264243;0
0.06078189697415644;0
0.19585605204070347;0
0.19213988913762392;0
0.3661240875515619;1
0.22322790565250503;0
0.600021385486871;0
0.4329316087142934;0
0.2564963897525744;0
0.5036444485003307;1
0.3383023998914786;1
0.22621363915155074;1
0.18483636022443006;0
0.42846956530389585;1
0.3481791135693809;0
0.8028952966603616;1
0.3132696168939068;0
0.5725726717850852;1
0.6901650482132661;1
0.6924945951143923;1
0.4032086361019155;1
0.3097387904791376;0
0.6601681702464576;1
0.4963028144081752;1
0.526590465940668;1
0.3449577173383412;0
0.7672947413553127;1
0.24981813234820505;0
0.3154847831659285;0
0.28697051752555186;0
0.8025140907334657;1
0.33479714279091016;0
0.6561931768764847;0
0.3162022927441905;0
0.29344936327440074;0
0.6072465388056559;1
0.2903041756083438;0
0.4288833008443895;1
0.4318100458404364;0
0.3276483707327276;0
0.5872240173849386;1
0.0060560171412127745;0
0.5235187851570938;1
0.2870439086046684;1
0.5369919623873393;1
0.1322566139408801;0
0.07940505589127472;0
0.7293869293636484;1
0.5507414681868843;1
0.3314470729888474;0
0.7592104381908896;1
0.4372851089503324;0
0.4154638316281476;1
0.36374570768507386;0
0.5546550857522118;1
0.39223415256091654;0
0.5986679921312464;1
0.651068262343963;1
0.6122515755093701;1
0.2682238985230364;0
0.3232645686375259;0
0.27431781151658263;0
0.31079666506022635;0
0.5757500435722056;0
0.009672464433840058;0
0.24555132480458283;0
0.46090904099709634;1
0.672198633704165;1
0.5994342465308435;1
0.5035794141763738;1
0.5956578073719916;1
0.2498673952942147;0
0.6994805022448655;1
0.272506749814805;0
0.4973064153855259;1
0.351251783814594;0
0.19073878187372081;0
0.46611182967789205;1
0.3414543429856553;0
0.3121755459784814;0
0.3897627792011655;0
0.32225228586771326;0
0.6180087129535417;1
0.2113039320130242;0
0.30563176413963256;1
0.4186804635032263;1
0.15553530238353994;0
0.15245229237115812;1
0.20437433713425016;0
0.2630603379766063;0
0.36265687697273286;1
0.3631627163717667;0
0.3105372975453412;1
0.17601543593863367;0
0.21274483783399656;1
0.12003277588490237;1
0.2838690395624247;0
0.16270886696859763;0
0.3035433819330937;0
0.29286231983483646;0
0.33964228623098297;0
0.11212305709775479;0
0.2508337776984048;0
0.2558296950581225;0
0.2906219984676848;0
0.6182035587737662;1
0.6326760901044072;1
0.31862079493104;0
0.3022401677701324;0
0.32306863875547737;0
0.42822375730409573;0
0.3880189865647314;0
0.42948187066013793;0
0.42334158218676216;0
0.4171993479521087;0
0.3551338230507493;0
0.33086048068198026;0
0.3747623620317541;0
0.6195455832949845;1
0.31690671851635327;0
0.3372489768664561;0
0.42212038612046593;0
0.3103840397053156;0
0.3379231678163442;0
0.31482293989911125;0
0.3112991500498173;1
0.20827997020246106;0
0.39652506442397023;0
0.7703250749665467;1
0.7108114019608841;1
0.39676266155258116;0
0.43584144682014553;0
0.5001697915599954;0
0.2129218397143651;0
0.21693096187671768;0
0.18131410034320422;0
0.1833524413895762;0
0.16688895977700233;0
0.31656435327718124;0
0.19337042282051528;0
0.3750756724868431;0
0.28710382696041836;0
0.30160977597651284;0
0.17116160058164603;0
0.12586586633835917;0
0.10508978274077625;0
0.18314087192924544;0
0.20339184918977254;0
0.32255291387746937;0
0.17452881772409815;0
0.2136034794782318;0
0.26760784891953127;1
0.16686446413151557;0
0.19325116437542897;0
0.4102314319421407;1
0.23025946184775115;1
0.1947564067484217;1
0.163141419987149;0
0.20048404888653268;0
0.15535633608861307;0
0.292474559959985;0
0.1420647907357318;0
0.11297207761061244;0
0.474287706780939;1
0.5085558075495986;0
0.4614219216876896;1
0.38171520193204683;0
0.566599171568861;1
0.47524838627300353;0
0.2808483711990575;0
0.38962448485076395;1
0.4665425012248359;1
0.5071484535142756;0
0.6280946122109853;0
0.6060921368847779;1
0.16036037044900514;0
0.1218172163035939;0
0.18259009813443847;0
0.11988124779281857;0
0.14958107183014954;0
0.2907563304801793;0
0.44314823706842754;0
0.28164866135185657;0
0.29272935219484125;0
0.21488877635380949;1
0.16043130170016429;0
0.3480862971152563;1
0.341606092293942;0
0.16981052412128833;0
0.4714342271882902;1
0.436234824691297;1
0.15132305069407445;0
0.3071045966474383;0
0.3927215453307617;1
0.1413216697584997;0
0.3091173885595667;0
0.3197420493426851;0
0.463857410982449;0
0.2793829940314956;0
0.40346739541127286;1
0.32563278445462535;1
0.38088252197113426;1
0.3236020337073416;0
0.36668107875342165;0
0.30824651704295813;0
0.3832389420024549;0
0.483868978603704;0
0.6756637825202502;0
0.6991640775962039;0
0.7613420210034596;1
0.6025415063838672;1
0.20789687040590552;0
0.26612924139137417;0
0.14984557780952357;0
0.2790951308674771;0
0.05957721476813888;0
0.2633978058809211;0
0.2631156840413088;0
0.16718604365840758;0
0.2612560171797093;0
0.4175697950749038;0
0.27278594751201485;0
0.14897662122993607;0
0.1720742446344294;0
0.1444909694317471;0
0.1594143427901977;0
0.15031393818195377;0
0.27614833788461346;1
0.2745187537454142;1
0.36803683970398793;0
0.19528239224411817;0
0.18183040223306052;1
0.11080266281686323;0
0.3269441090901421;1
0.415463946997254;0
0.28499613377194827;0
0.16597625575671177;0
0.19734271842056228;0
0.2731387060793827;0
0.2727531369005629;1
0.2763753834464912;0
0.5001938319261257;1
0.11028437887817247;0
0.11100479094968137;0
0.1847617510275181;0
0.3064227739153186;0
0.11517375101425296;0
0.20326662821466307;0
0.26007111641027053;1
0.3948095024144816;0
0.36035933068750664;0
0.2762518104469127;1
0.2155768195929588;0
0.24078567038682916;0
0.18675521961468453;0
0.5084928888829812;0
0.4140339915147042;1
0.18594874416953389;0
0.2542479868099285;0
0.3815817181367525;0
0.09854704486408396;0
0.1785228521506204;0
0.20183111758692665;0
0.26090506312726247;0
0.2837193505168838;0
0.13416204846712204;0
0.16587495924250037;0
0.1342946659726771;1
0.30854444185444935;0
0.28470501131481746;1
0.29359527065185226;0
0.3507233524443444;1
0.33885385381969557;1
0.36047401304142057;1
0.2922533565124633;0
0.20039493805225547;0
0.16237422895595016;0
0.47578684965311446;0
0.4291188607418604;0
0.4820564633739251;0
0.5317745696202143;1
0.4373055646568973;0
0.43353737530425235;0
0.5852641755362132;1
0.8511040365852156;0
0.4101980305344803;0
0.4242859126225205;0
0.34958492531960483;0
0.31379754179501035;0
0.4189757129008694;0
0.3804454486238409;0
0.49227687412662674;1
0.5952985073422877;0
0.4889613327022089;0
0.6094572079183762;0
0.48472709830017147;1
0.20158803328217398;0
0.3326465278814509;0
0.13015777179330323;0
0.14901556080281253;0
0.20273796272654868;0
0.3541157610654022;0
0.2242202285691024;0
0.2709278481399157;0
0.18421175592090816;1
0.22959601961575318;0
0.22202399173683937;0
0.2175120561073189;0
0.3915074497030368;1
0.2510656141501032;0
0.16727447136344134;0
0.22916513610531314;0
0.2550055494077733;1
0.3547743253200585;0
0.4373430236843262;0
0.24704613848100873;0
0.12368222418203126;0
0.2861970525606539;0
0.410529560996544;0
0.5809331372855937;1
0.25119804332712203;1
0.08617144495592774;0
0.2485162736184219;0
0.32860259354513754;1
0.20921380603786535;0
0.22497956218095436;0
0.2592796668953072;0
0.20447068043200506;0
0.159439333019007;0
0.18082588173341774;0
0.19541589398240752;0
0.20520214051706687;0
0.25512824669617645;0
0.2725254851120001;0
0.1551635348507025;0
0.26158861148710544;0
0.26508161029803556;1
0.43121879070608365;0
0.15490463304230007;0
0.18463207342670207;0
0.2681230610186425;0
0.17973716871229967;0
0.25880146840002777;0
0.1614708497530326;0
0.13804785607704104;0
0.2447741073168497;1
0.32923520032837683;1
0.32108779787806774;1
0.43606591022147784;0
0.45956139164187204;1
0.5465508102363386;1
0.3280561658427693;0
0.34154032581691546;0
0.41849938692654215;1
0.43125049500683577;1
0.18876828248447447;0
0.48479148921513293;1
0.42603416170807756;1
0.520625354328721;1
0.5474353966959459;1
0.5253292589445657;1
0.5406804801580601;1
0.3202127785556743;0
0.34763340009580596;0
0.15281099071824214;0
0.18909222633319567;0
0.1687075296132655;0
0.12927219820667069;0
0.13257081008397328;0
0.1964221214764892;0
0.22146298095856104;0
0.2035267287586031;1
0.35238649646477915;0
0.19212942553295193;0
0.11723959307825535;0
0.19897006608250184;0
0.24127115284654624;1
0.22861718008786433;1
0.19882738839699618;0
0.26982912738047365;1
0.4752810610931677;1
0.155799698940818;0
0.32906945033159324;1
0.18866463614721424;0
0.3368097780142507;1
0.3887313798196935;1
0.4027321429457055;0
0.46946833875268046;1
0.4628798543589077;1
0.4952817823199911;0
0.28702555397279267;0
0.28629456738022;0
0.38123376071980175;0
0.2564814199938405;0
0.19590050235579878;0
0.23557746236779403;0
0.1458798502751801;0
0.17665787733974825;0
0.19536980576753465;1
0.14044114184297976;0
0.20894481676998677;0
0.21367870256369437;1
0.16886218858458843;0
0.1450911058140538;0
0.18246745126734007;0
0.2803627091076202;1
0.19058379001762416;0
0.37112126168964094;1
0.18459623429231425;0
0.3009453821497779;1
0.21776926834366364;1
0.22879838442053307;0
0.16811192492880353;0
0.15174031409489092;0
0.24031944261322669;0
0.28168571162106826;1
0.16465910928236688;0
0.1912642607217257;1
0.1416470130144583;0
0.18116674529428398;0
0.35660044073377867;1
0.2194801729234415;0
0.19596682743248514;0
0.21752516202030406;0
0.3166623331565558;1
0.22418710242819803;0
0.24304311514573468;1
0.25292628363390945;0
0.2086915021526665;1
0.1995722126305363;0
0.17896156593064874;0
0.2432727923432811;0
0.2503047018527558;0
0.2914632384368438;0
0.17715486686013177;0
0.13777472884502992;0
0.2574408821165846;0
0.17234818882822037;0
0.25524858738271256;0
0.21062774624114233;0
0.27967666331848234;1
0.3238999101105961;0
0.18772869230367034;1
0.2665499461828725;0
0.27100537067556246;0
0.15788564261785676;0
0.4023887244548653;0
0.3172143365878206;0
0.19794097634003022;0
0.15712746601175775;0
0.1614224334417187;0
0.17879561340991573;0
0.2564625710258539;0
0.16160995935424935;0
0.20650775769354973;0
0.25900612365822234;0
0.2504406516455534;0
0.20254833050843774;1
0.1561169723832595;0
0.16647916026964643;0
0.23987111118894122;0
0.2384240046564052;1
0.19983809204907507;0
0.19820847057292562;0
0.24233675101256189;0
0.2735837157199491;1
0.20847829545249988;0
0.37348001467855396;0
0.23542456833805275;1
0.3083786550496833;0
0.1638700054451354;0
0.29152821098016213;0
0.25959958405421035;0
0.20507215595408224;1
0.3590212337924977;0
0.3465124042959232;1
0.19872044100640293;0
0.33994148518280876;1
0.3968094179631701;1
0.47052572295682055;1
0.5650662821960809;1
0.39607041203116655;0
0.11515915754856834;0
0.38210760526328236;0
0.17086978769787337;0
0.3405142908173762;0
0.7027504875820504;1
0.6342491016708077;1
0.4288412279678678;1
0.7524220342923531;0
0.733722321538192;1
0.8152263277454004;1
0.6917619310642098;1
0.6837727334171917;1
0.7544758742317446;1
0.19019419911655625;0
0.34251100104420606;0
0.28564125481898717;0
0.5089119493047616;0
0.29296030507490056;0
0.4354011838037483;1
0.4041531770560855;1
0.41208793546784306;0
0.6636419402837735;1
0.5314021533526259;1
0.558154460627776;1
0.42536593523204597;0
0.4151587289659957;0
0.47615068154860746;1
0.4633820250485212;1
0.46324253556233097;1
0.520960207321937;0
0.16309435707178255;0
0.1673794389590714;0
0.25216557224638875;0
0.35050207664246263;0
0.7610908894943412;1
0.7292200403197006;1
0.6566306690699005;0
0.7135601989228997;1
0.8033117465329286;1
0.687077783020452;1
0.5798868487375605;1
0.8194817015805372;1
0.7461812279129374;1
0.8014642383819601;1
0.7005668319263775;1
0.7775244690994073;1
0.7809725024359101;1
0.5994432866281256;1
0.7422589300275168;1
0.7284451401553319;1
0.6360476793214659;1
0.23481577740571752;0
0.3214137865580859;0
0.5317798121421398;1
0.5818718876467608;1
0.5019737684802777;0
0.5001961876076891;1
0.5152643186603028;1
0.6030721385701694;1
0.44875639436805514;1
0.6429181077409287;1
0.40258298107022233;1
0.3583846287723934;0
0.3369989785359793;0
0.17853681979348185;0
0.4901638577501804;1
0.2173493935416566;0
0.38751120392570987;1
0.26331243062717996;0
0.20641606663031825;0
0.2077658312145821;0
0.2685995691172166;1
0.25413270811374766;1
0.25304165358941527;1
0.18999020500146332;0
0.17470720660126018;0
0.2086842004744098;0
0.26251325712993745;0
0.46996457940181374;0
0.2907832729847881;0
0.2106178013062319;0
0.14045995126935132;0
0.3579796209340326;1
0.43307015127562615;0
0.44832222541381206;1
0.49735377731387126;1
0.45894114602522423;0
0.5805551525027324;1
0.4415256498588134;0
0.6415186011342201;1
0.2825948205374841;0
0.3436456956966212;1
0.3841660492114382;0
0.26555307478255075;0
0.4756118833662495;0
0.48047462583269474;1
0.15143776397589243;0
0.14857047403008775;0
0.31992621237172947;0
0.30307047159810535;1
0.3475485504589442;1
0.30249290256153105;0
0.2813854800799659;0
0.20376773482651775;0
0.2112701274792389;0
0.22448673670027972;0
0.3997452603369966;0
0.22952270824446394;1
0.14918992023517888;1
0.19728792882290833;0
0.15160632926669385;0
0.15607953278365327;0
0.31940903411933713;1
0.3312206074277798;0
0.20687376583675696;0
0.21017218272373725;0
0.4609672242014622;1
0.2801804096952042;0
0.18652345497660824;0
0.39961148200129104;0
0.30209481238765823;0
0.24422942857197322;0
0.2243597349372383;1
0.24256446909723553;0
0.23167450261328704;1
0.1945371053527912;1
0.2939575483445685;0
0.2748931815303823;0
0.211089559176051;1
0.23540816831859818;0
0.3432150362966082;0
0.24498343423761745;1
0.42952829927166886;0
0.2648622583209057;1
0.3078949581183358;1
0.2783651746572647;0
0.4130214619856818;1
0.5129276159167069;1
0.1693158372967089;1
0.17645755719717213;0
0.34937221194834367;0
0.4103493286823643;1
0.32122278988866126;1
0.22542732206783997;1
0.31367687180293896;0
0.36416121670668444;1
0.28781690646086444;0
0.2495880380398288;0
0.2645650467923835;0
0.1945738923567628;0
0.27131968386229777;0
0.4363932098031417;0
0.24193991649375954;0
0.28827552012490265;1
0.2796293285009003;1
0.28570937149409287;1
0.289020656821568;1
0.3003990032027855;0
0.2407547237570719;0
0.3172136103922433;0
0.3101893824933823;0
0.6399621071539967;1
0.3522046839819296;0
0.21040335407724117;0
0.15129437297500203;0
0.17108417641208837;0
0.19349237365052863;0
0.14811835928803352;0
0.11997775607868;0
0.26458995158528104;0
0.1759849181201137;0
0.2881761665459031;0
0.41649689024579695;1
0.21119770704990914;0
0.15422358377458406;0
0.2141067787182434;0
0.23090550223065062;1
0.16556550873406678;0
0.1408400610095162;0
0.17584160144612207;0
0.3928621288713648;1
0.331071531705614;1
0.16312510337587544;0
0.17178251825712024;0
0.34313728309829467;0
0.26755055814526274;0
0.37391824304901616;0
0.36592583814538654;0
0.3818058354090972;1
0.4062052178292071;1
0.45247775489039105;1
0.5251956711834616;0
0.6385853082006868;0
0.2194110225934164;0
0.2727170449279592;0
0.24850668556377936;0
0.21630593221359598;0
0.1622139596131784;0
0.20055078763393477;0
0.4894445895922056;1
0.31446184877842975;0
0.12557831656390406;0
0.22929693755082353;0
0.39579096415678444;0
0.8156651055339693;1
0.6116042505142233;1
0.7175641641765496;1
0.14736462529703298;0
0.24865780548444663;0
0.46175904966058134;0
0.7616596876426761;1
0.6227638613776616;1
0.2192775336000478;0
0.2508635381821923;1
0.26575791077923544;0
0.23109560363265258;0
0.19133453705834969;1
0.27910950234359266;1
0.2690360255645518;1
0.19305089015086016;0
0.19622500463837758;0
0.28091206872833235;0
0.2793978350326596;0
0.1933588829406153;0
0.1784329331370237;1
0.24780950418220335;1
0.14521608580632125;0
0.2915437981394545;0
0.18282113688000853;0
0.36898846642072647;0
0.2494213016188125;1
0.21852943550597476;0
0.31862380053674294;0
0.20993029740096736;0
0.18420185095180924;1
0.2766961856205009;1
0.3623914110721785;1
0.168461482069736;1
0.24905089483826856;1
0.40177985175604053;1
0.47770369713264554;0
0.4279510985802767;0
0.5165737301238483;0
0.24429943828236533;0
0.15929107136476742;0
0.25289501257468683;0
0.1695763018639796;0
0.2566451292968671;0
0.2112366809134403;0
0.5317326777714435;0
0.46102041471240773;0
0.31000720501471896;1
0.36749990887640566;0
0.3401629161172012;0
0.6850904235849486;1
0.7596186770049045;1
0.7297102002867507;1
0.45659039814827945;0
0.44436647392157436;0
0.6360454276536163;0
0.5377301451192488;0
0.37671443142707645;0
0.27590311362162107;0
0.21319668764372363;0
0.11977962105431451;0
0.24254626881537017;0
0.41560396307493147;0
0.2959616235106468;0
0.22538975706951622;0
0.16736455493315242;0
0.14283453268363713;0
0.21477721972045927;0
0.19127771867613008;0
0.15602466040295954;0
0.23127081439866767;1
0.2437829311711596;0
0.2138361238987118;0
0.4760637935427142;1
0.19830776681265516;1
0.22555811456292235;0
0.3618332476608938;1
0.3225314231985858;0
0.2575964184377736;1
0.3631171467372033;1
0.26856766040870056;1
0.2640785600185822;0
0.3377911062942175;1
0.16577054266852967;1
0.25815724456503636;0
0.2446648816077355;0
0.22804934162123944;1
0.5205882640034931;0
0.12525446606996293;0
0.22296699414609306;0
0.21749222355859307;0
0.2609544564495473;0
0.3098180831951813;1
0.28885433156556095;0
0.22034029261892002;1
0.3278279750933488;1
0.21047876609459773;0
0.20956811089739755;0
0.15892423962153027;0
0.21312561133536367;0
0.27835454941326454;1
0.24973335048159204;0
0.25021276062254305;0
0.2672994116960987;0
0.21164753713337253;0
0.23107349171829628;0
0.5112301073094578;1
0.4837327234127476;1
0.5240431182707629;1
0.5921892919480328;1
0.31674154179675923;0
0.49338657601682345;0
0.22761818868530467;0
0.15130690984317835;0
0.16757070899850704;0
0.15750399216311944;0
0.17738225700216528;0
0.16078721024853407;0
0.20012497814378474;0
0.14249324318133064;0
0.44499995859727143;0
0.357809236295809;0
0.5430265516347459;1
0.5523524779677533;1
0.5563839379927964;1
0.4247780359509041;1
0.6500957401228283;1
0.33843238722273516;0
0.23955667884464946;0
0.3568370055955768;0
0.2454216169182908;0
0.3764756007620934;0
0.5285932319909881;1
0.3262849815377502;0
0.46418647331432905;1
0.3856980317771165;1
0.4142829516017166;1
0.6883509952408006;1
0.2693370782110206;0
0.545596329000759;1
