pred;y01
0.05379238926312984;0
0.00253076095675551;0
0.2532073603899806;0
0.01739754862672037;0
0.12022290500653003;0
0.21187214361941012;0
0.5390359621373321;1
0.0024527786798114286;0
0.0035661615724313003;0
0.17871390684508168;0
0.541663889859271;0
0.1525536000190664;0
0.1465433130142952;0
0.1573263894963702;1
0.15445420173647859;0
0.04634449808191478;0
0.2204427734538371;1
0.28271414409633805;0
0.2764492470682509;1
0.5182188980716246;0
0.5203291068673721;0
0.0519127003830893;0
0.25828121982191743;0
0.03382213203987287;1
0.35551757756383345;0
0.29903387428655714;0
0.06245756892768169;0
0.0387175816761104;0
0.3131714272097976;0
0.3621660372693239;0
0.18057882674333914;1
0.00014804493671565332;0
0.257050501933502;0
0.031807450233659385;0
0.021317907185815346;1
0.20784596491329513;0
0.03012971604952084;0
0.14880576386189806;0
0.1666706586592557;0
0.05050591372243451;0
0.04908972699611712;0
0.4025378640745304;0
0.1675890893328227;1
1.5101723988774044e-05;0
0.41217047995961326;0
0.015984950152317125;1
0.540463201165884;1
0.03439880589822117;0
0.4090630556429567;0
0.47726400306131744;0
0.26967949104767563;0
0.0007339894972264072;0
0.16999332835296374;0
0.12377566166563225;0
0.0438509084312398;1
0.034421149643877005;0
0.276402032789248;0
0.01931442185423728;0
0.04718956544744848;1
0.10918785743043508;0
0.286155939654562;0
0.011046468546868396;0
0.043639464360344174;0
0.3117285427775045;0
0.0590320552481229;0
0.21732297451996163;0
0.1510756025292519;1
0.17049241627484385;0
0.3941453066810814;0
0.11484657968347697;0
0.34755446491236963;0
0.08439415875099407;0
0.2999641731355379;0
0.0790024915780911;0
0.01725683173529734;0
0.2982914581878306;0
0.2143293162535562;0
0.17825188590578805;0
0.09993212440179144;0
0.21372124654264985;0
0.280244319826683;0
0.17824442317402836;0
0.21336177004485474;0
0.15666809842288676;0
0.3516859054967341;0
0.5431960408328244;0
0.34616848532931943;0
0.5459767090808134;0
0.47010753078740325;0
0.23728518657422473;0
0.7746840860295532;0
0.07787477978121518;0
0.061637409594612606;0
0.2153080622436981;0
0.03178055118382475;0
0.10663807703290619;0
0.0981908224628805;0
0.07146822253422118;0
0.4696770609171799;0
0.4821711526483491;0
0.13909373809723644;0
0.37282312634569187;0
0.23173831148563565;0
0.000658613967474893;0
0.45405425806156535;0
0.11682149695130194;0
0.3278150562479854;0
0.11330886172681091;1
0.05895055535716182;0
0.0021012392514411803;0
0.0757881744430248;0
0.09573824223523239;0
0.21259390886497098;0
0.12481169431323108;0
0.3350640878121888;0
0.24646298732395505;0
0.1558218974494888;0
0.03642555077251849;0
0.3144820853767721;0
0.014479122277152635;0
0.07110351531891208;0
0.1173870955708825;1
0.19070030539690705;0
0.284487060296176;1
0.002057211926198945;0
0.25663124466776377;1
0.06532716283830738;0
0.43526528154708016;0
0.5192508686503672;1
0.1501433985104074;0
0.24299030212377024;1
0.5398424757444109;1
0.0002222508478500181;0
0.5112711146366852;0
0.3143797418740047;1
0.21783255714285074;1
0.21776415070164684;1
0.3829806738868087;0
0.002712000208038538;0
0.3140685884612324;0
0.3799223837814759;0
0.07847068180814717;0
0.027962271819796963;0
0.09744309236102582;0
0.3096592144559131;0
0.013446572542295528;0
0.2522442678472906;0
0.10338198163090732;1
0.08566992583522003;0
0.07612045755330492;1
0.0496201442539106;0
0.4871917829822689;0
0.0027683872827855968;0
0.170576120587647;0
0.0177434305043639;0
0.12728158107646295;0
0.22100476879955874;0
0.08271430966688383;0
0.32331822701855945;1
0.5700167734947988;1
0.16060497853603029;0
0.07338351636025736;1
0.13681656414501528;1
0.38203742819777825;0
0.12373477602282704;0
0.23122578974871466;1
0.5755321203886359;1
0.4402962547769317;0
0.09295140730603244;0
0.043326460162431184;1
0.04327388962014064;0
0.47466782095040655;0
0.3546642086158574;0
0.23434099989436957;1
0.15184234310349118;0
0.10961706832125476;1
0.17958893113575042;0
0.1273707664045448;0
0.2074520340068623;1
0.3868379090951919;1
0.012107627445104636;0
0.17528256940026168;0
0.03679727846180054;0
0.26086431408910504;0
0.14910345339779182;0
0.11448750677870376;0
0.21080021770723212;1
0.26601285642321815;0
0.001062043353748116;0
0.33021213696563934;0
0.09288575163539006;0
0.5393335878830541;0
0.002934650341316243;0
0.041567090865335526;0
0.09027458520969399;0
0.1067125465721701;0
0.08402790868844032;0
0.06176732171162062;0
0.23750749358257287;0
0.4010347472968721;0
0.023979167257734673;0
0.1726250865213521;0
0.1329657704352456;1
0.04207719354359536;0
0.10950756483262258;0
0.4366746201549511;1
0.05977512261038229;0
0.015513641851152619;0
0.12862720487050774;0
0.4008364796506547;1
0.36503559276199626;0
0.2438253641694279;1
0.06508054255277823;0
0.8310184867346541;1
0.10043229493555404;1
0.21265074073272341;0
0.01947367933176959;0
0.011446161733134294;0
0.3501641082089922;0
0.33526345468363716;1
0.35857220710642207;0
0.25452856035519966;1
0.018107535265126058;0
0.21498396135603617;0
0.45025669598433893;1
0.0733031785021601;0
0.15205285983508834;0
0.6347012586290832;0
0.15409809002551741;1
0.1619787104824556;0
0.5403263683138226;1
0.04641031645106745;0
0.31383864493958236;0
0.06767077736986281;0
0.04867527185482427;0
0.5386742460958528;0
0.3733652505242756;0
0.3358112777744444;0
0.18616937799256308;0
0.048321687424021355;0
0.09143296272246305;0
0.17114202205432782;0
0.004397364732998984;0
0.5548973498476744;1
0.05929452594967277;0
0.052672767892970145;0
0.3387835784859101;0
0.0859353286465434;1
0.001045225008328036;0
0.44492372226313975;0
0.10371807691800844;0
0.23365569697159136;1
0.13972414762958701;0
0.22279921932294827;0
0.7854196211939534;0
0.17643235644933344;0
0.00023509418018774567;0
0.3709114607112794;0
0.00037495431179360465;0
0.4663094666357973;0
0.3406656749490414;0
0.19143016155996417;0
0.04937264520811938;0
0.025488915524015443;0
0.11057029722042472;0
0.0065348942920868906;0
0.21118321468468165;1
0.44278386098317957;0
0.19257117321788217;0
0.3185386368566297;0
0.2977108035953405;1
0.4792027672393437;0
0.04069384915212435;0
0.548351422125622;0
0.2998096924370949;0
0.8042928746479115;0
0.41425099289908157;0
0.07965704865582515;0
0.5439579580267002;0
0.3304794092895288;1
0.11176610893808593;0
0.18236744943174932;0
0.025294822905189657;1
0.25766459507807166;1
0.3536630047428507;1
0.10428181906880062;0
0.4968747413863008;0
0.3662493759105009;0
0.2785428310581138;0
0.25422338690852025;0
0.02755874998568588;1
0.12308258986387789;1
0.19249934998338447;0
0.6410035841253826;0
0.2695825553800543;0
0.22134931681083939;0
0.07779823240443658;1
0.05496951298949082;0
0.1666704626571341;0
0.41659564650439584;0
0.23326649886303033;1
0.2492087456764461;1
0.8508755617399594;1
0.3896080696567284;1
0.4098453751739642;1
0.11207712700162484;0
0.0055687115219547525;0
0.5430421422042411;1
0.4602715869297539;0
0.49074811998610224;1
0.39823771970880245;1
0.016082257272840485;0
0.0169346845660913;0
0.0016758040394268892;0
0.07366356173884867;0
0.4424992660492243;1
0.3081830670565175;0
0.23129145980325597;0
0.2355331388790401;0
0.1213497673392156;0
0.07399471949599694;0
