pred;y01
0.18148378286193095;0
0.17662379105462453;0
0.13329136242658102;0
0.1619532218091766;0
0.3001510106110099;0
0.22312499282678783;0
0.22094950642968658;0
0.23942030837485426;0
0.31507780526272566;1
0.1621793534838178;0
0.1717276638158887;0
0.23931666639219754;0
0.23303331719478185;1
0.26685387669406646;1
0.15084832279838264;0
0.20115100666439775;1
0.2550207192268786;0
0.3499751848926351;1
0.1906145857076754;1
0.1550361812897586;0
0.154962294114539;0
0.19482615690726351;0
0.15481201939671707;1
0.19742787533309575;1
0.13839010355145773;1
0.18073560170756522;1
0.18158233017447972;0
0.2659652369652461;0
0.4158813595709393;1
0.23470638973799596;1
0.20389847592199337;0
0.2407954884453423;0
0.2013825524430009;0
0.3537144439099068;0
0.2820454336551863;0
0.31136376356815837;0
0.280944042311953;1
0.28258284362601144;1
0.3351199407781574;1
0.31407778520964447;0
0.35344434724859963;0
0.18439662352194322;0
0.1560462889468261;0
0.19773701299033847;0
0.30419908438505694;1
0.3173863672139215;1
0.31332032574778207;1
0.2627206510289083;0
0.3305941867375369;1
0.2301900773404242;1
0.23774731933628504;1
0.3603389697367768;0
0.2577272510946692;0
0.25620843895695367;0
0.30501686838996916;0
0.4212659180092134;0
0.36349300562442527;1
0.17182559744046227;0
0.2550150429787078;0
0.3055298099946228;1
0.4400050517009065;1
0.23175631841131447;0
0.17238581817431894;1
0.32768187201158866;0
0.17885219476058953;0
0.40523121497647074;0
0.18883757920978697;0
0.2131830322028631;0
0.20312223573568416;0
0.149741408153196;0
0.12907331130048216;0
0.16311897754379212;0
0.18515477566581773;1
0.17735241286295703;0
0.324009616046623;0
0.3104321071289824;1
0.2246334344723564;0
0.2492282692370234;0
0.31762588333730246;0
0.478091413367809;1
0.2498738410139231;1
0.25794219208285507;0
0.5252047975571784;1
0.3430217315277287;1
0.28744552295868203;1
0.2779059142981789;1
0.3275507530393002;1
0.36680071685145155;1
0.4094857955066358;1
0.2673856845177613;1
0.49776079841783794;1
0.3451633368535777;1
0.529533881486922;1
0.2905256659344386;0
0.35036618007189985;0
0.4621501820238862;1
0.40739178156526273;0
0.38028196442901074;1
0.33220818044352046;1
0.38515343037266053;0
0.31220602625411853;1
0.37484211691955865;0
0.37347257042259946;1
0.29770217897145757;0
0.3705408996980476;1
0.560807321682219;0
0.33810871450194613;1
0.37874375310639197;1
0.22388549608389555;1
0.3421923394601048;0
0.37364617024750024;0
0.3404104363625148;0
0.39169821966064067;0
0.28234907079869237;0
0.19600486561158229;0
0.14817280071079658;0
0.4711929506947873;1
0.2925385620024488;1
0.3014854571805879;0
0.3138951563247105;1
0.37909345197839567;1
0.3795874778981465;1
0.34385950651128977;1
0.40222562597923656;1
0.35143806135151673;0
0.3699125377494612;1
0.40757796016432607;0
0.2727775435904282;1
0.31393220356569407;0
0.3608097443651293;1
0.20875512819866843;0
0.4054065740649331;1
0.3952431001857044;1
0.41597255113338794;1
0.3847511385408274;0
0.3465204016572209;0
0.13917525034716086;0
0.11930527244487736;0
0.14567750358072756;0
0.3194438111440499;1
0.2369825353700738;1
0.2524248593998104;0
0.16634739734199552;1
0.1716436273008941;1
0.18185821993016235;0
0.2607559161754438;0
0.14663779751921208;0
0.2887012113528055;0
0.21349189493498322;0
0.26582550768330176;0
0.174552574581279;0
0.32990278660638817;0
0.23434102893145906;0
0.2839354556541628;1
0.43737547079239303;0
0.37127460893496605;0
0.3851080948711503;0
0.21479657440372066;0
0.1464592539589666;0
0.1678926590836047;0
0.16405068163945935;0
0.20250622466121343;0
0.20608660715261923;0
0.37245347707332416;1
0.23021454618341153;0
0.3153334427144137;0
0.4883111502523844;1
0.4191098212329092;1
0.49357887957181085;1
0.4293038506655359;0
0.48681778527928643;1
0.35063946666747803;1
0.4349627829509944;1
0.36392271623208183;0
0.4481699754468235;1
0.43606159645527665;1
0.5456913656413602;1
0.43700797827045323;1
0.46142279840035594;1
0.4654157994362002;0
0.3372985030911958;0
0.42788544571731374;1
0.401985483084927;1
0.42800176973920495;1
0.3339773557757995;1
0.3273107626787894;1
0.2844924396644806;1
0.4506612190514819;1
0.5353321395182122;1
0.5170883600325775;1
0.46902350529667286;1
0.47382542217060286;0
0.63918807790503;1
0.480323564337295;1
0.4581459971414773;0
0.3653394690764273;1
0.6732046092414669;1
0.7826783683345088;1
0.5653177609076956;1
0.6139033854566878;0
0.5047338709084549;0
0.4950952129916933;1
0.6240791572731487;1
0.46161602355095116;1
0.5923205112242408;1
0.4353547455087891;0
0.3627828579227693;1
0.4578869529620636;1
0.3008135523599648;0
0.3879986011548184;0
0.2539864653593842;0
0.1870079203167664;0
0.18304059908048587;0
0.13388885336618445;0
0.14760202291483748;0
0.17285761517902004;0
0.16876636997366104;0
0.5235882146117083;1
0.3169474975356581;0
0.19779322047995104;0
0.2062235226083825;0
0.1970169784189216;1
0.39942168920141763;0
0.194099521629933;0
0.31100571406525224;1
0.3132135532302856;0
0.24808585543898318;0
0.19091992165268495;0
0.17789322895770404;0
0.3678565106782369;1
0.18552172625358948;0
0.289334355218449;1
0.24600769628890248;0
0.26992300066910696;0
0.23631028565958168;0
0.32395614135125195;1
0.21303129561287643;0
0.27539857584661365;0
0.34100571037674404;1
0.22519094076768775;0
0.1635678620045455;1
0.17911349975487845;0
0.13977697841687292;0
0.3782302213472122;0
0.3524300948445888;0
0.12163473008870836;0
0.1974774754214522;0
0.22976336446637502;0
0.13994587705354442;0
0.17734580664568764;0
0.23471886044025467;0
0.19537903652631466;0
0.12698530401345584;0
0.161243092161553;0
0.21694516732855104;0
0.22692220656073087;0
0.18582095549448344;0
0.16677289666273554;0
0.18182423984479543;0
0.18479348609850865;0
0.1549363643441322;0
0.12890816001398797;0
0.17941159727103415;0
0.1816154228536057;0
0.13539644330311448;0
0.19720453295108334;0
0.13622390773178317;0
0.24240969184983274;0
0.21732987172326373;0
0.13787720354830924;0
0.2565597425831875;0
0.2166388180986016;0
0.12284779963550405;0
0.10766349163194708;1
0.24180595394281074;0
0.15306615238515106;0
0.16155562240911542;1
0.19247604622970058;0
0.23945844006063105;0
0.1327640943411487;0
0.33198348395196847;0
0.3601836675021574;0
0.27115896637432274;0
0.2755242890272217;0
0.3170717211209374;1
0.3740861262428565;0
0.3260621611754666;0
0.33897272155644104;0
0.14735371835566094;0
0.13874210169023213;0
0.23083083749856229;0
0.2066549783973206;0
0.19001956135970532;0
0.173911619493938;0
0.36442951187153166;1
0.4229047938274218;1
0.12197025169471952;1
0.20028203715228224;0
0.2090966567722096;0
0.2664994093526496;1
0.17042761423884256;1
0.1498627396944488;0
0.347059535079344;0
0.21577027667207943;0
0.1283054966928428;0
0.15675378509770127;0
0.24004474624388478;0
0.151599408090009;0
0.1586488512517084;0
0.32050630962475585;0
0.23953857584404298;1
0.2882202999269317;1
0.2863264023691743;0
0.2581893539355328;1
0.19256080322420008;1
0.13256620533998542;0
0.17246498840254934;0
0.30800755660798657;1
0.1383777015100325;0
0.1946993974196672;1
0.3394591098544225;1
0.19990729049180098;1
0.2256425097557743;0
0.18876996890600745;0
0.2088450121807688;0
0.20560445128954863;0
0.22936072876492952;0
0.17855221887097653;0
0.1788176740984622;0
0.32635529614544817;0
0.28970221726727724;0
0.1369428605557719;0
0.1595432813932648;0
0.2572467582661615;0
0.1846799029661923;0
0.21382297484602852;0
0.3134971022734875;0
0.1907452069986874;0
0.2176593463014838;0
0.1831504240762774;0
0.14776599768784437;0
0.18181760107467965;0
0.1892054702678814;0
0.15131624339141528;0
0.1839524611606172;0
0.20171115700134504;0
0.14333072314545245;0
0.16954542169455436;0
0.20275744068940235;0
0.29794182090328064;1
0.1468272413092126;0
0.1689975638131294;0
0.18373847075103947;0
0.19070890833256254;0
0.17884096751317247;0
0.22335062075894302;0
0.15662513453159882;0
0.2096986624526752;0
0.2836811803113478;0
0.14100560019278457;0
0.15631616473684493;0
0.11785744459620519;0
0.18219640272393273;1
0.15074516281205533;0
0.22664933127855919;0
0.1981623788025999;1
0.2671943735989567;0
0.1679886676084221;1
0.1923301272096033;1
0.1618709020537614;0
0.23841218972004835;0
0.12653365590753926;1
0.22446771067527782;1
0.1299582653854758;0
0.27645306435035877;0
0.1284223117992645;1
0.3498952935365254;0
0.3895311886062233;1
0.16953179997503764;0
0.1470114173789034;0
0.30752206604755233;1
0.3718364990128879;0
0.42715961952954024;0
0.2546859011675588;0
0.5146908147212241;1
0.6499125417540499;1
0.6389646130410721;0
0.3332542877866833;0
0.6724430618580394;0
0.6615868878727843;0
0.6209748537914529;1
0.5591285516713512;0
0.7173467333018437;0
0.8237802944999391;0
0.5337807888786203;0
0.7803826719485515;0
0.5550967488787779;0
0.6346344873546921;0
0.5690982548238551;0
0.364794322276776;0
0.5042999313666913;0
0.3658649274071534;0
0.6722915960809349;0
0.6444136203114692;0
0.4949476801863369;0
0.6379733148205032;0
0.7220877334596117;0
0.519967307309004;0
0.48883530341277504;0
0.3463044456401474;0
0.2229694450633625;0
0.3607429805121389;0
0.28065667430699487;0
0.1542927869221748;0
0.24893903473949391;0
0.28027069572124264;0
0.34975392013802553;0
0.4835869336748924;1
0.18447003695249317;0
0.18294325617583576;0
0.30289869660091756;0
0.34940479100119953;0
0.38367522152460426;0
0.36428854784125886;0
0.3355907097010331;0
0.42471615931447115;0
0.2906841344950077;0
0.4525926807020447;0
0.46515961490819785;0
0.4278383534593052;0
0.37555118218868616;0
0.34416657964088626;0
0.3838410040055404;0
0.33694473866932134;0
0.42167824887375743;0
0.3573234642406029;0
0.4922814435947179;0
0.2809343477991881;0
0.37059282300501684;0
0.08089302799658499;0
0.14452446228219218;0
0.11555314291721246;0
0.13818163924667604;0
0.15836302370987138;0
0.12976142660699894;0
0.10930395448698252;0
0.13770872004866738;0
0.12429993315289292;0
0.16218138376168303;0
0.174257340671835;0
0.14544861499917236;0
0.169099662005648;0
0.22060488175882173;0
0.15444702008768282;0
0.16231661748668458;0
0.18883555921661632;1
0.2027227573347813;0
0.22842060778916942;1
0.18620456079467143;0
0.11580661328930311;0
0.15990681621980443;0
0.09171176622385394;0
0.262034784239199;0
0.135346510790252;0
0.1315275629716813;0
0.2967057705172164;0
0.10897559202148774;0
0.11727294988741437;0
0.16992521521767187;0
0.12433986046012203;0
0.13925077838044325;0
0.23284126745487305;1
0.25240137689155534;0
0.25287642872761107;0
0.23986238582146777;0
0.27330981281650757;0
0.3410558909322268;1
0.1615218896734383;1
0.18539160239715644;0
0.37563465562079423;0
0.39739024093650427;0
0.11077785100539801;0
0.4054147785465932;1
0.2733754854685965;1
0.21260162288121584;1
0.23716250620263246;0
0.12734465585518237;0
0.1155137191384822;0
0.1308363527424383;0
0.19006811388251585;1
0.19468122723891887;0
0.19192539234210795;0
0.15655126766107197;0
0.18207619497918984;1
0.1195789554141732;0
0.11571659268892126;0
0.19011539090105856;0
0.15210893804807235;1
0.12907406630011323;0
0.14010446916016814;0
0.10333423217964012;0
0.200641083284208;0
0.2771773257176755;1
0.15800050906065027;0
0.20504261606030097;0
0.27079540290372583;0
0.22827144979514205;0
0.2695525603029886;1
0.1721907702802827;0
0.32367286183112215;1
0.15260608531402176;0
0.15680366237619212;0
0.12499490907705343;0
0.29558658683945516;1
0.25115876304645013;1
0.14545439913510977;0
0.2798631366034623;1
0.15814466762719706;0
0.8537874767895864;1
0.6815580494048938;0
0.7703473221869236;1
0.734209332604896;1
0.8129984081757655;1
0.7732142861179233;1
0.8240298108013686;1
0.731581552109621;1
0.785321677987752;1
0.7185981963836223;1
0.6932990756205885;1
0.8256566413677561;1
0.720742248816912;1
0.7724803734085991;1
0.8810955906250744;1
0.6600511187997121;1
0.788013298433521;0
0.7664063577051675;1
0.841782271029457;1
0.7358740340379853;1
0.7770121073167563;1
0.7935299334729755;1
0.5811944191722279;1
0.7434233203638838;1
0.7975444632081858;1
0.8651458175179552;1
0.7873701188615109;1
0.6450939616481101;1
0.8110931079888364;1
0.8701659844936279;1
0.8534174887113579;1
0.8135775943877749;1
0.6106966052901247;1
0.7750198573128716;1
0.5962491011580388;1
0.8061130188207041;1
0.7216737814013924;1
0.8496202408283404;1
0.928253004755916;1
0.7575365197592038;1
0.7810961303256586;1
0.8771838508173034;1
0.786590096283023;1
0.7402713777393835;1
0.9154233849800968;1
0.5755010181522912;1
0.7900617728805396;1
0.7208350391621783;1
0.7864234609154933;1
0.7642892286651587;1
0.7808132708763018;1
0.7824551534501701;1
0.8626000215642676;1
0.7844480052976995;1
0.8166077359103725;1
0.7642829898455974;1
0.6083129541156559;1
0.7406040728575013;1
0.5978480633583396;1
0.8084521387857282;1
0.7604539207393995;1
0.6205499157329883;1
0.7836203770457348;1
0.7476207569391788;1
0.825554160801704;1
0.8173255036068355;1
0.7411850285231125;1
0.7561184409821005;1
0.6868786878984735;1
0.7759853919583867;1
0.8110666050160331;1
0.6015393391867578;1
0.703889250467637;1
0.8591365369415973;1
0.23157172172186632;0
0.2659511424566688;0
0.2788660743088282;0
0.09576400107988234;0
0.10469684564154971;0
0.24045539073704045;1
0.30205131585199085;0
0.1453510175941817;0
0.25670201036686385;0
0.18900278600031112;0
0.206319668153958;0
0.09569041161111976;0
0.7626383521459295;1
0.7050441578412114;1
0.7315782106671807;1
0.8408311409239918;1
0.6567169377981713;0
0.7074673238670223;0
0.6478399546900688;0
0.7735975889784554;0
0.782917793756278;1
0.8124733923775103;0
0.6938858842985979;0
0.6475903498470795;0
0.6734479013482336;0
0.7149912112924243;0
0.763248567010307;1
0.7169078454456277;0
0.8081833214587095;1
0.9002197059270322;1
0.751980389987357;1
0.8434073114715296;1
0.7916773719609103;1
0.7561444651494574;1
0.7183746438265981;1
0.8893629030273045;1
0.8576426986500385;1
0.7659437016403725;1
0.5361749859024869;1
0.6756000800804455;1
0.5356602646538895;1
0.8759823575057434;1
0.8538957533030547;1
0.7112772695946293;1
0.7431208412907211;0
0.871387274979613;1
0.7060079458316293;0
0.798311129676544;1
0.6412858445791362;1
0.2379533966384152;1
0.1579545558548338;0
0.28813371026787055;0
0.2361593920257212;0
0.2883562128572851;0
0.24283289555510815;0
0.3240783672549417;1
0.20338542581439584;0
0.16815318992548356;0
0.18025232651536566;0
0.29687633402986335;1
0.19057020519298787;0
0.1553545096780511;0
0.15000579500718875;0
0.22582004754441948;0
0.16086351277142236;0
0.15225805469878767;0
0.21488567292067662;0
0.21511987480486539;0
0.20024663729837208;0
0.22149204294582653;0
0.22246508207109858;0
0.28358949188509347;0
0.5113048545263812;1
0.4307573185390182;1
0.5022872760802275;1
0.3780039811970555;0
0.3295193075838831;0
0.3563934384826308;1
0.4842373953467622;1
0.31797866004870406;0
0.44528030388363277;1
0.38668001601517826;1
0.30960807072826557;0
0.4652743528084406;0
0.32349212699641544;1
0.22924915063343154;0
0.4919711415909791;1
0.40923545841564585;1
0.17354352157274106;1
0.4572268417245238;1
0.37168084699710036;0
0.3097602694109342;1
0.2807319459191406;0
0.33275373835402966;0
0.3897277621932794;1
0.3410109764074375;0
0.3121845536578523;0
0.33123867403243534;0
0.352444029081044;0
0.31867819575470224;0
0.42768120622577704;0
0.2824196097900835;0
0.3482807140989262;1
0.41569936611369224;0
0.3437338168392901;1
0.32975386276037516;1
0.3811013673451969;1
0.4435412980599302;1
0.4278475201501354;1
0.535926864507131;1
0.31555254444667663;1
0.40096974328413176;1
0.35218407085446946;0
0.4008074854766242;1
0.3653370863952926;1
0.43034890624531985;0
0.3628668934933639;1
0.3973491720288833;0
0.3066876271177418;0
0.33342870321393003;0
0.4219031972543581;1
0.2849877046426533;0
0.49369031232375;1
0.43893245954632987;1
0.4967859028834984;1
0.3940735531195025;1
0.3745341542955204;1
0.3587198714109865;0
0.3817450673937517;0
0.5222877262051222;1
0.45635645877740405;1
0.4177176702545617;0
0.2917145013636469;0
0.40991156434640924;0
0.44799783081460465;1
0.37795236782843966;0
0.38207711167847574;0
0.3585624588646819;1
0.32945602593128787;0
0.31528068711261154;0
0.2953569836604794;0
0.3918547581120427;0
0.3969796515417623;0
0.47720260582189894;0
0.3609554639294371;0
0.37923115380775924;0
0.3421434312289579;0
0.47305659589832716;1
0.2892068783105978;0
0.3006038962639648;0
0.3575696582402613;0
0.42866832277064276;0
0.43333126379543424;0
0.4304796832740914;0
0.36871213668523223;0
0.3374094295731864;0
0.302540533639683;0
0.3541246876382316;1
0.42588287875630165;1
0.26581722453635526;0
0.31261546797037537;0
0.3466978179293152;0
0.2745423361850368;0
0.38624670582036613;1
0.3574920533827437;1
0.36134245605370213;0
0.28302294829214025;0
0.46156399609653354;1
0.3872634710996848;0
0.3293745516541171;1
0.3190074058315912;1
0.27824382768655725;0
0.3410187322776235;0
0.44638411054353466;1
0.30407376566329375;0
0.2898075476650108;0
0.3175665272826831;1
0.3656505794818599;0
0.34083967891661576;0
0.35240455179824415;0
0.27011748901928345;0
0.3254271855801531;1
0.350451240687566;0
0.3424399127398699;1
0.3117051282841122;0
0.25628363087796424;0
0.14586361907383166;0
0.2888919958724578;0
0.1921743938118771;0
0.15859497270677017;0
0.2288168959872755;0
0.27290111657656757;0
0.23187164825188333;0
0.3492894450163613;0
0.27963364117095946;1
0.40301921561636705;0
0.22155482418380618;0
0.3011231212058088;1
0.1843372698168907;0
0.21168768849030192;0
0.14919653767533433;0
0.15284984744895483;0
0.27079933842424453;1
0.1202846468580461;0
0.13354745274951133;0
0.28305699986450256;1
0.2793770288502999;0
0.2536864929991182;1
0.2439579438206418;1
0.2877813935242068;0
0.2567711315984833;1
0.3052496720416324;0
0.22532434448050054;0
0.34145479833324355;0
0.19586058410825766;0
0.19949797264357613;0
0.30745195998184754;0
0.2446885770863757;1
0.18684811852525915;0
0.15890481448720087;0
0.3599642108452857;1
0.23098803459755046;0
0.18751928007624993;0
0.3253558043778101;0
0.2553525038492906;0
0.4001019468313449;0
0.17917913566180502;0
0.18379700614650074;0
0.18617484241687546;1
0.26455043596581534;0
0.17887947562610262;0
0.254553439697522;1
0.5036306763820413;1
0.22204163186487458;0
0.20339108448580664;1
0.2723703086740901;1
0.24660490745166794;0
0.2667259616406921;1
0.23701007686103887;0
0.5714768651427273;1
0.28042734603654607;1
0.5770038558170123;1
0.5403997218065282;1
0.3135612531437982;1
0.47273828661671646;1
0.401240019930401;0
0.5419950674430629;0
0.32938886260448297;0
0.35756212683973954;0
0.4215508225589076;1
0.5655576122262386;1
0.5377181831929475;1
0.492534015491668;1
0.6044973173940446;0
0.21494211437077884;0
0.41772279252189876;1
0.4299434111889898;1
0.3922744009301638;1
0.5015905467167145;1
0.31896298431202574;1
0.4309072471150838;0
0.47560842203000175;1
0.45401428690133694;0
0.2937946606771699;0
0.3069247085153961;0
0.4643049233841327;1
0.35207372112530105;0
0.32010762790388997;0
0.6927483733337696;1
0.2579593665369729;0
0.5350745925296179;1
0.30030324395249663;0
0.39630289060822765;0
0.398791434925152;0
0.5516398662157401;1
0.4317515872649509;0
0.5156043598779115;0
0.3658100193960613;0
0.42682148001117437;0
0.4146877672150782;0
0.4820753571570597;0
0.5203225391677785;1
0.7094708339523097;1
0.3406399455091354;0
0.3167823426975523;0
0.3987541589669843;0
0.6813768149818935;1
0.4260814137601086;1
0.3849930217526565;1
0.38068640659722364;0
0.37972668291705297;0
0.3851544384694961;0
0.430088834564646;1
0.3995153970867479;0
0.4378341730880192;0
0.40140580535084575;0
0.373195977517715;0
0.5427024662709652;1
0.4568397694723689;0
0.5916631689184884;0
0.34506070867569677;0
0.4492972075239089;0
0.40992147530216144;0
0.3113854947562803;0
0.3562176475457576;1
0.5745694064708953;1
0.40115236640078833;0
0.46629930438897;0
0.5461902487693037;0
0.4742168043098454;1
0.6740243429365598;1
0.5370245754445053;1
0.44389299127077025;1
0.5109764605417181;1
0.5245439442876613;0
0.8446351301602103;1
0.34996030471983053;0
0.3347180331348563;0
0.49514675478381304;0
0.37864709904919586;0
0.4434907572659246;0
0.5798170683173671;1
0.5716191610958538;1
0.461955933362288;0
0.505141708860598;1
0.25382920816215826;0
0.4332902103279679;0
0.5671216567957387;1
0.6178634608849451;0
0.5571362436506582;1
0.4577735816303335;0
0.4259377878931359;1
0.5537677226767704;0
0.38371274230886815;0
0.5331864374193467;1
0.4832380732449704;0
0.43420511544315243;1
0.5092408348039176;1
0.38374786130648186;1
0.2507283017534374;1
0.558207267887139;1
0.4809213854820588;1
0.27932940007923424;0
0.3970968628727269;1
0.27838089109778297;1
0.38452676199872143;1
0.18992751586414336;1
0.49191116885118663;1
0.24199908703680073;0
0.38959838320599416;1
0.27717794124391176;1
0.24670467304247878;1
0.2980659852217871;1
0.24258704062421202;1
0.29152320945943166;1
0.322893919424484;1
0.24017330818014893;1
0.2176664218765994;1
0.15787624960301183;0
0.15523474706632603;0
0.16075174975547593;0
0.21379744903079836;0
0.21014459324389856;0
0.18149020668541652;0
0.15468810430017235;0
0.12119714828080405;0
0.2166647882251661;0
0.24135338038395907;0
0.14585596182209082;0
0.16197950932448796;0
0.32288696270117695;0
0.16416821341617507;0
0.21847369454385393;0
0.2308475086142097;0
0.11823809581129677;0
0.19193272620576848;0
0.260994793605301;0
0.1795827589515866;0
0.3490944656637611;0
0.405491998978623;0
0.5634885816270563;0
0.3192923786189914;0
0.38293334484916897;0
0.6187959682080788;0
0.43336411497914273;0
0.16482328352211828;0
0.282424945946665;0
0.5873014541458398;0
0.5952552434011019;0
0.45241953694755455;0
0.5214279525656105;0
0.5970613691887935;0
0.6495993477588707;0
0.7368806784159927;0
0.573770972709819;0
0.6684034532534695;0
0.35098829319677144;0
0.6375681878014711;0
0.6278636007863128;0
0.6302523955917436;1
0.7228199799671746;1
0.3015350978832225;0
0.5540689276468671;0
0.5049549988812292;0
0.2261256231993149;0
0.509207347779254;0
0.39925333365309174;0
0.4487193629501082;0
0.2694979506720449;0
0.7302669107114355;0
0.5528086416267146;0
0.3328077776556979;0
0.5567056982749283;0
0.5127717726379909;0
0.5414166920388834;0
0.20744865992198278;0
0.7570685979405293;1
0.7213598696536182;1
0.7141731925417099;1
0.4771355207108314;0
0.7537627356463174;1
0.4774909378589709;0
0.39615701554519167;1
0.636646418889446;1
0.2973293428095593;0
0.6855020592291863;0
0.6164470672226312;0
0.6950583463270876;0
0.5608356105404552;0
0.6151888999891338;0
0.5682017139199725;0
0.6889736362770761;0
0.29293109419409347;0
0.23898579005314075;0
0.3856075008005254;0
0.29971602454846485;0
0.38453298646351586;1
0.36342877967447007;0
0.3856338711380625;0
0.2785597755831603;0
0.2691066973184863;0
0.34006399664984543;0
0.3363254958340886;0
0.40833112659371684;0
0.37414683167379637;0
0.3774978660951358;0
0.31175652459371467;0
0.7905067273454125;1
0.8295351963273957;1
0.7062787729497843;1
0.7746014488818795;1
0.7523060445827431;1
0.582176625149494;1
0.7518636639646931;1
0.8015918538679284;1
0.6733709927908149;1
0.8766311314096579;1
0.8467643559391631;1
0.8013975115811511;1
0.7394334062547373;1
0.8041042549242151;1
0.8628632901240113;1
0.7644529709659377;1
0.6896009875223228;1
0.7285996631882297;0
0.7449814574112043;1
0.27392403066890036;1
0.8078833602527881;1
0.7767310257033173;1
0.7314178225416437;1
0.7582904934732939;1
0.7546093255323031;1
0.8601409866413345;1
0.8782167032691435;1
0.8348573480354494;1
0.8894068120798566;1
0.5841227895059002;1
0.8823230627728716;1
0.8298985835504187;1
0.7722803381633919;1
0.7323474000958;1
0.857149618762779;1
0.8837796121688233;1
0.7413885949854863;1
0.7187920517201428;1
0.7465629911386901;1
0.7818480760887485;1
0.829672094307602;1
0.7279489442146005;1
0.8591848113087973;1
0.8809318841430073;1
0.5246269832454187;1
0.7729855431311256;1
0.7872446474454309;1
0.8337338904518553;1
0.8884468717064137;1
0.8683729121601186;1
0.6671286501668867;1
0.8844683334312388;1
0.6892669188852837;1
0.7945641809150129;1
0.76620727368063;1
0.9058563303600808;1
0.8625304367201034;1
0.7635651741128066;1
0.762327460218049;1
0.7594078567891451;1
0.6610608280541517;1
0.8606371017782266;1
0.7658759518147662;1
0.7678217933038152;1
0.7052569122596262;1
0.7288170733003321;1
0.8244104283839968;1
0.880182793017857;1
0.8536542788191196;1
0.8053883384119193;1
0.8288094921873566;1
0.8815050975240736;1
0.734118192598308;1
0.8049250607313333;1
0.7759901350133769;1
0.7914670267475838;1
0.7452019977650997;0
0.8742745600375138;0
0.8494613322654945;1
0.7419814936141528;0
0.7861103410840397;1
0.7046298346424025;1
0.8492301090221062;1
0.851309367362704;1
0.8228869408061446;1
0.6905820481156255;1
0.8198805613194401;1
0.8247823991611685;1
0.8574882536431144;1
0.7957663132346915;1
0.9141144668609431;1
0.7805855269893597;1
0.7345660249243731;1
0.7319899428944785;1
0.8348958432581376;1
0.1555594951905677;0
0.19470656576031814;0
0.1704306463773525;1
0.18426430892427736;0
0.22586317542618542;0
0.367245105809293;1
0.21305266410173473;0
0.23943101751683576;1
0.2322048057284124;0
0.12265304592801907;0
0.14829079982825383;0
0.14767070918649153;0
0.29181395015535544;1
0.2950165585001893;0
0.11996956588084377;0
0.11842396254747602;0
0.13548735374165763;0
0.2614292471964675;0
0.17718131318276403;0
0.2643425356693429;1
0.13320516829738452;0
0.2511372604360792;0
0.15029777620038193;0
0.1293064781318171;1
0.14525916789908294;0
0.1976679739726886;0
0.1400104487054418;0
0.1478380939606157;0
0.11922223393225541;0
0.12652615683149815;0
0.2878343453321479;0
0.2285960915844428;1
0.16422804575396363;0
0.1596266956102466;0
0.1401691336954972;1
0.2304091643580254;1
0.1616842240776866;0
0.20157934501966956;0
0.1313566025121509;0
0.7559525598206047;1
0.5043197968670465;0
0.7259828741664314;0
0.36078250713051196;0
0.6045984546686924;1
0.8146702759424935;1
0.8404710459702701;1
0.5000653625204937;1
0.8231538486002776;1
0.7226899297581779;0
0.8326223630955077;1
0.8766705487747599;1
0.8034275087640528;0
0.8545226374886359;0
0.8638270237561588;0
0.7989328863214056;1
0.38002343240881015;1
0.7686014003114932;1
0.7955781092755135;1
0.7722737571010027;1
0.7411066380807786;1
0.6861927699843497;1
0.8351723254123976;1
0.7957141704127771;0
0.6505691059246727;1
0.7489175599759021;1
0.5296129100582787;1
0.8061962233301212;1
0.47717019961682194;0
0.8389044222440913;0
0.4965518794805891;1
0.7507669788516665;1
0.7635113821756307;1
0.6120238285218693;0
0.7776890152767972;1
0.6617991937703445;1
0.7285500145352614;1
0.7454209543553219;1
0.8598127278165176;1
0.7252310071147682;1
0.43322841970882536;1
0.2477754277900087;0
0.3762448789528955;1
0.35107907568443025;0
0.34709530989665405;0
0.382293158016546;0
0.4048602289105877;0
0.15194735157108094;0
0.21928634630108157;0
0.23243613581599035;0
0.21397796880348358;0
0.1677222753421593;0
0.260868871887614;0
0.1892964255893043;0
0.20037241543784567;0
0.18644354872403482;0
0.5120145969850168;0
0.29195960257933223;0
0.3055813887071654;0
0.3092178714196859;0
0.25383320157180306;0
0.3192542420810353;0
0.27726352433725077;0
0.43524464308929595;0
0.3393758763373953;0
0.29752630670570734;0
0.4374339529227819;1
0.3388369452513359;0
0.20377012046443344;0
0.1735395046731169;0
0.1437648058906433;0
0.2868163162001742;1
0.32287857750040666;0
0.3053825599313969;0
0.3299579358360902;1
0.4620745297318431;1
0.39344941237228936;0
0.2343417978707985;1
0.31651722734362614;1
0.1886134116918444;0
0.22769919147104684;0
0.21975737876152976;0
0.12470702825380356;0
0.18706732166487186;0
0.1694694133830139;0
0.27331272695418074;0
0.1742963017193404;0
0.2995154910449289;0
0.3398153642051734;0
0.2730117635818869;0
0.21984184561616352;1
0.4800740043856531;1
0.22138371153924494;0
0.26691734578048076;1
0.29374047257830277;1
0.2535418728808296;0
0.33336925452775035;0
0.24022836848690202;0
0.22521860048670891;0
0.34633095973783096;0
0.2034107245699612;0
0.24946928577694508;0
0.25822795009989524;0
0.2670611871997408;0
0.24931412823577442;0
0.31742271399445643;0
0.21193763029066423;0
0.31680379702510925;0
0.18626092561157986;0
0.30413095952526836;0
0.21347116503686767;0
0.27110232096986653;1
0.34837247417553313;0
0.22294115225602776;0
0.2340005718498986;0
0.2266285346876156;0
0.1772609285210306;0
0.17396212296014327;0
0.133883686271482;0
0.13143062491760032;0
0.3238765798049832;1
0.2292756778530544;1
0.19401301963267553;0
0.19940760850775602;1
0.18968148015407527;0
0.44056569317881383;0
0.3405934252029776;0
0.3046970615925547;0
0.1407412937109507;0
0.14998840322862828;0
0.15101534106199715;0
0.4529461309783697;1
0.7516509072239084;1
0.7169821919894315;0
0.7891561953811327;1
0.7266471586289616;1
0.7887979888814199;1
0.8382277477284389;0
0.500800748194498;0
0.7125701929280892;1
0.7986788409675183;1
0.8094695993734269;1
0.6500230334586621;1
0.6586203735780467;1
0.8059051782417636;1
0.6637162203257752;1
0.7290581970884156;1
0.716009763790824;0
0.8268143247918832;1
0.6685987121858684;1
0.900533508964196;1
0.8350248588391648;1
0.7710477182991495;1
0.8103768108809122;1
0.4780450746991417;1
0.8935397404091612;1
0.8416055359656278;1
0.7095579446601998;1
0.7793674988397776;1
0.6845135276082055;1
0.874502137720203;1
0.7978294115301848;1
0.7864185152300552;1
0.75590060036328;1
0.5560617041277286;1
0.7338585335590972;1
0.6185335816451609;1
0.8368785851264494;1
0.8242847683519415;0
0.8782165214473173;1
0.8752894950013235;0
0.8876869047756623;1
0.7623706086080122;1
0.8186940815540873;1
0.573755951034655;1
0.8079279327716051;1
0.7208307631730737;1
0.7853620024770507;1
0.7960964512323102;1
0.5474863672060988;1
0.8055696856108852;1
0.32208318767780325;0
0.3044026298583236;0
0.462322192864479;0
0.27673794776292593;0
0.281710219460861;0
0.33893358137953344;0
0.4109400672547813;0
0.38047119160935194;0
0.538237046196621;0
0.6659866609342965;1
0.5732152544721668;0
0.8210710329966582;0
0.6603584934733022;0
0.38613729410179465;0
0.3167233124198406;0
0.23685914450232132;0
0.28463359656535636;0
0.47572396736734673;0
0.14340067855056074;0
0.11573546646884099;0
0.4608622238439361;0
0.1619260027894025;0
0.2133294455966548;0
0.44547707693881944;1
0.49288284597136145;1
0.24503242541033918;0
0.3243995445014434;0
0.3288060432289768;0
0.3007505594691368;0
0.32589204657800075;0
0.5025776108812346;1
0.2985735331255418;0
0.22776587864328604;0
0.35728509065898023;0
0.3201735481569492;0
0.26356535678446397;0
0.41342722330734194;1
0.2551250582881572;0
0.3520588359191493;0
0.40364570611483647;0
0.48259335608560205;1
0.48400666473127124;1
0.4420267947601827;0
0.1560578315842704;1
0.1297245593250163;0
0.15039887089514364;0
0.1207606817388737;0
0.18103540127504683;1
0.15811381510752423;0
0.17632020775414847;0
0.13604858915587215;0
0.32023762020090357;0
0.1654835145424154;0
0.22094959829783672;0
0.22221625933536995;0
0.2941374330605487;1
0.3065047760156619;0
0.23043798161227436;0
0.21100892145297356;0
0.2567053826607293;0
0.32441105929271263;0
0.35149674283220805;0
0.1758440714596265;0
0.23087391286727652;0
0.28708540882120165;0
0.3374960720279876;0
0.2864110142533855;0
0.19213495849396944;0
0.16178865956987848;0
0.2429039618031392;0
0.36506328112210007;0
0.2771730072051802;0
0.15921561757127234;0
0.45927261129474556;0
0.7754770209815514;1
0.7366808149934806;0
0.8501239560979508;1
0.6190174894476609;0
0.8665369102697409;0
0.4080178733656098;0
0.37477528053363135;0
0.3778915882029602;0
0.8120503638318178;1
0.6957063981452012;1
0.7226021260741607;1
0.7990902057992487;1
0.8044394859412757;1
0.7279668837734634;1
0.7946555714665231;1
0.8553344036731886;1
0.7698129463745034;1
0.7609334748626969;1
0.8247339114694376;1
0.8485413361985279;1
0.3581650014983417;0
0.6793801272721128;1
0.7979275821150941;1
0.7844196764521529;1
0.6792790389092955;1
0.5735139468647661;1
0.8594245173803327;1
0.7870492037143921;1
0.19810179664761937;0
0.27790802517057633;0
0.15971977295421766;0
0.3848785166377189;0
0.1716364211508677;1
0.2438182252822641;0
0.25568849763683893;0
0.17199219824113252;0
0.23255908868873956;0
0.2264516792811966;0
0.24195313549144004;0
0.19530399419337743;0
0.4167356175830975;1
0.20683402007086074;0
0.2553630821001534;0
0.11192193289261225;0
0.21714445222731638;0
0.2589491159269069;0
0.21065979182877692;0
0.3731644712272742;0
0.3626294316992025;0
0.39997419565362524;0
0.17560378979356286;1
0.17019405615065777;0
0.1627640608109501;0
0.2913431805328993;0
0.1406290829177575;0
0.19194674419038374;0
0.4399576755497094;0
0.19561531126739878;0
0.21121311274883214;0
0.2553832603030086;0
0.18008516502979804;0
0.19705815133457566;0
0.10993838393881017;0
0.16772429210117107;0
0.1271134447102175;0
0.17869783833559474;0
0.1835581981995093;0
0.31554276021879135;0
0.21540655916360263;0
0.17081091431280837;0
0.26343967847963967;0
0.3087460462647964;0
0.28957010582531284;0
0.2873523486810649;0
0.2110964121618468;0
0.17919411844154345;0
0.21813856188688932;0
0.14848020356168518;0
0.13311316036549095;0
0.15830454756922857;0
0.1261588070929453;0
0.14824835660082927;0
0.22911166468993513;0
0.21064278016656168;0
0.21760315756013307;0
0.18258804875212176;0
0.23436351658686927;0
0.2751299753000797;0
0.20596536407668922;0
0.21214707203536523;0
0.2766451644627212;0
0.2531577387382494;0
0.29599721789295985;0
0.39185411306482065;0
0.14134004285140098;0
0.22879145941597956;0
0.32221272044321125;0
0.2698041266288687;1
0.18051367170160915;0
0.3823669510164312;0
0.276772922297833;1
0.2248116049190882;1
0.8338108126522006;1
0.7877244330804133;1
0.4805912129820494;1
0.3859461893939964;0
0.5596910540830945;0
0.536021118517043;1
0.3712435857310512;0
0.30928229095878607;0
0.16146251285156502;0
0.21690736030455968;0
0.20314850304483073;0
0.39456930965694176;0
0.3070171399095368;1
0.14356648997557964;0
0.21641960681932182;0
0.4553214687904727;0
0.4394029312316723;0
0.1813498421754318;0
0.3339078587890767;1
0.302244766185478;0
0.17402863515698874;0
0.3054725824980026;0
0.2488547014539426;0
0.1699946205352462;0
0.2157967997877357;0
0.324656369837067;0
0.2556981274673969;0
0.28397594668988935;0
0.41711616511252786;1
0.28710750839404925;1
0.43429947773592636;1
0.3472821119846624;1
0.40413965915313027;1
0.2577253677418251;0
0.27112194795076006;0
0.22355273774726028;0
0.17040708623259607;0
0.1654124903144256;0
0.33531419395572004;0
0.2410338813830213;0
0.3520072618226505;0
0.2690841876230825;0
0.4117638500676758;0
0.4509377522438937;0
0.3162516532337949;0
0.4397390899382189;0
0.24948142345205074;0
0.22902820053756942;0
0.44015639873969853;0
0.35921175759578483;0
0.2688834464881445;0
0.39803430510398985;0
0.3238221485165034;0
0.49961744917881346;0
0.3473810015828084;0
0.2816879020850309;0
0.2747147579851671;0
0.3593272406215285;0
0.2957455837398605;0
0.221789434857208;0
0.31283911437824263;0
0.20799714508145917;0
0.3462972353534357;0
0.36962554516708657;0
0.32046345644090163;0
0.35911306098462376;0
0.24076183104781698;0
0.43033540642657897;0
0.3114967597384353;0
0.27828146357300176;0
0.417871578886324;1
0.3559968514610909;1
0.42391585849296454;1
0.6258718207368211;1
0.48621702836483627;1
0.4130714688812538;1
0.4124509004021286;1
0.39745271945168853;0
0.32825055534650416;0
0.38950978204877895;0
0.4748723521135948;0
0.42513306947327645;1
0.34571337109633654;1
0.5130264931270335;1
0.3867087943889783;0
0.6048577833624813;1
0.3706155793854509;1
0.3836370768173943;0
0.3103765884783312;1
0.3595298342480461;1
0.4108616595684976;1
0.47986770563079856;1
0.34588139657155953;0
0.4190821086722929;1
0.3616269290439112;0
0.26522604217906526;0
0.4019425429105919;1
0.3627578602479645;1
0.35551712894791415;0
0.351481721978788;1
0.3437795091807607;0
0.35722214234403726;0
0.3171717620865839;0
0.35086615290857975;0
0.3099532696381211;0
0.2642556499239614;0
0.26345712391288967;0
0.16957563525561917;0
0.37022369589658993;0
0.42552673864050583;0
0.4507028239595023;0
0.4260415621703778;1
0.43715492817964924;1
0.36120168517414725;0
0.22131480408355458;0
0.16742736817996018;0
0.15909452249024597;0
0.19500474706477683;0
0.1319619696055864;0
0.27839431156429345;0
0.2686949916918449;0
0.2825596595311718;0
0.24761977625382214;0
0.13486493685605494;0
0.26237508454227443;0
0.3657851343619343;0
0.16824230833807727;0
0.21728871930672236;0
0.2131607508804829;0
0.6963608766415335;1
0.34812806472178415;0
0.2946836275145449;1
0.2295882841387731;0
0.12325212156197946;0
0.19349725573382087;0
0.4219452053556571;0
0.16980840629928315;0
0.16467591642648283;0
0.16263580098594285;0
0.20106686525265946;0
0.17778780372530087;0
0.18722707701476182;0
0.1809257661274047;0
0.15486148103756228;0
0.18536503031659982;1
0.12924495440630054;0
0.13194232792375127;0
0.14409357805656092;0
0.13662606138871727;0
0.15908202428451126;0
0.1806459599930993;0
0.21477409812365514;0
0.2184444175573198;0
0.22249685176955675;0
0.19509094620834772;0
0.16970613219358827;0
0.14996407856097158;0
0.1866651201623071;0
0.19214597147088766;1
0.14731588717741484;0
0.24904939205943746;1
0.15350337309118242;0
0.30055448999843837;1
0.18956688967032903;0
0.18332554539980547;0
0.38528827579801;1
0.22831741641274494;0
0.31903441207358035;1
0.3142848030644456;1
0.17956114531625866;0
0.20221396763626379;0
0.41522964241993704;0
0.516712992392708;0
0.595764929669399;0
0.27123861384568454;0
0.1931223697028489;1
0.3456105126069124;0
0.21654994628076646;0
0.4896200245287559;1
0.1648786284435614;0
0.3265675170439364;1
0.45959086609338706;1
0.3049182785729955;0
0.27319987814828023;1
0.3975441653942284;1
0.33217098289509284;0
0.2033270181017061;0
0.4278510164090461;1
0.3376251486314232;1
0.3750232980139935;1
0.432549523090195;1
0.21168839777884024;0
0.10671339374473143;0
0.20109309506211562;0
0.15313172475639403;0
0.3095733062184752;1
0.3659665324450131;0
0.5053379663550548;1
0.21733174344559145;1
0.17701880011722224;0
0.14855470141849444;0
0.24302336606571362;1
0.2646329437625044;1
0.3068493192480346;0
0.30867107663128446;0
0.48974670314487867;1
0.1563638236043025;1
0.18489819204272154;1
0.2905016235555083;1
0.17035039116968953;0
0.20120505995100674;0
0.2082093307603385;0
0.19925696586799146;0
0.23793669289896704;0
0.1441988506084348;0
0.4704013295357203;1
0.43013844546346813;0
0.4111936527219504;0
0.5427325898795539;0
0.1444731998420553;0
0.28942647092066215;0
0.22867487206341847;0
0.20607501846512125;0
0.2328862433945473;0
0.3373399579933496;1
0.20126464588028226;0
0.19073217325130795;1
0.2884851199665597;0
0.31358802014643844;0
0.1126513158720431;0
0.18224996221606599;0
0.15222822191507027;0
0.21646726954591328;0
0.19046110081756737;0
0.1807406692612061;0
0.19377386018264012;1
0.2611906947369606;1
0.16036475800759034;0
0.2124646933415165;1
0.1609148583493117;1
0.12917299426571538;0
0.2070443472275707;0
0.2867289961780643;1
0.23316918014314833;1
0.27112580103261574;0
0.16957751115215428;0
0.17232609454417652;1
0.29087979284920723;0
0.23359488524010527;0
0.25711937135017665;0
0.2678482259376182;1
0.27922963965448355;0
0.24657492885211502;1
0.1814380332326781;0
0.22585361394497716;0
0.32333527431628567;1
0.2056194274058476;1
0.2554972862265748;0
0.1972895362510605;0
0.21873806424097467;0
0.19333245697072413;0
0.2197453236013807;1
0.2702348537274836;1
0.13355521058109504;0
0.27722829090596657;0
0.2843761046486169;0
0.3064539209707506;0
0.3689236102429743;1
0.34249569594614065;0
0.1568917319283446;0
0.5578723346228224;1
0.20503590509465347;0
0.1852909171910639;0
0.10762489300467094;0
0.1884978939048408;1
0.5363519078046269;1
0.1376078288143593;0
0.2648333987949113;0
0.33481957357352793;0
0.22745685544221422;0
0.12433973551164104;0
0.31805450241051775;0
0.3762657206250876;1
0.22788997617343756;0
0.21017649572027952;0
0.2812214755708136;0
0.2672963097866443;0
0.3794366346045416;0
0.3639910635482372;1
0.23674625886750578;0
0.16053937510097993;0
0.2408566218380631;0
0.28927716474402915;0
0.3252565479463287;1
0.2792172816104115;0
0.3754943265349557;0
0.38575738940665744;0
0.2973552687233516;0
0.2493900979398023;0
0.42542934234034646;0
0.17530975680997937;0
0.17097302524497726;0
0.2832281040477604;0
0.25132784403418185;1
0.12950490230449574;0
0.491373615493149;0
0.1859068757290305;0
0.2562555544599402;0
0.2727982010036493;0
0.31051790309818034;0
0.42701980657103433;1
0.34222199158285094;1
0.15517956032111158;1
0.39935416206125773;0
0.311856201925842;0
0.21429709058849775;1
0.4568631194103452;1
0.398745323203897;1
0.3501696167350488;1
0.2364118078577704;1
0.20743126703914716;1
0.1868336007273617;0
0.2811943334011696;0
0.0981848625432049;0
0.25272059869786256;0
0.3329078208162208;0
0.34261874860701846;0
0.45703711148599796;0
0.2845185587382798;0
0.248584245536909;0
0.8134475081998985;1
0.4990133185507874;0
0.4294351313714633;0
0.4848958390779355;0
0.4678521995453298;0
0.4412643096392195;0
0.5322395724006728;0
0.4879497364807946;0
0.23413229601642485;0
0.430299245569905;0
0.38143797605884255;0
0.3780561162438993;0
0.11499871790316404;0
0.24442798557993498;0
0.1881506460723585;0
0.1578814043473605;0
0.2506226552603277;0
0.1584999986472238;0
0.13429893636312354;0
0.09182932700572367;0
0.19249841423812777;0
0.4622533708703369;0
0.22527898067620344;0
0.2789853798183384;0
0.13914602676725124;0
0.22317116893380864;0
0.2018085300174988;0
0.14692192655475905;0
0.1524059603223722;0
0.2778474851120834;0
0.18426771648085322;0
0.13939252664034382;0
0.18698199209627875;0
0.15625334440255692;0
0.15261034346512276;0
0.18583512985482764;0
0.27146768435722013;0
0.19842738886792072;0
0.1605708783238129;0
0.19311544875347578;0
0.21174517104848378;0
0.25098924500553393;0
0.18553984294396506;0
0.1418995553661619;0
0.11395393907463712;0
0.12879023100087755;0
0.24641073472076827;0
0.19690614356889616;0
0.21282921914380437;0
0.3008304055825097;0
0.15063536242474612;0
0.1456467162159737;0
0.1414902060903516;0
0.2665963509630018;0
0.12131010365705792;0
0.1888143701270297;0
0.2413966685807533;1
0.13998443119020726;0
0.2868823125634724;0
0.27541421538350147;0
0.40376875895596415;1
0.3036065404454041;0
0.504129443865345;0
0.276136596992654;0
0.3621865459409133;0
0.4494687671300903;0
0.5921682057985472;0
0.19369785853835553;0
0.23038500887780786;0
0.3192501186418323;0
0.31549741374346296;0
0.35677406098892367;0
0.3355361146912309;1
0.42203811348345505;1
0.4708464049280182;0
0.2861738184146597;1
0.30579787931363245;0
0.26707211571285294;0
0.3949116394880171;0
0.4899100592448587;1
0.446674645750684;0
0.4082676227108212;1
0.41067352228038784;1
0.6427336645225743;1
0.5685767004457352;1
0.4351570642117293;1
0.44616120322358266;1
0.5930012934069546;0
0.39382619015576653;0
0.1634246740448498;0
0.18379406743677332;0
0.14827123670083087;0
0.17480555329618674;0
0.24206734967313512;0
0.33039126338340696;0
0.14792045946408158;0
0.12701770156265063;0
0.11798981589076489;1
0.2093453662329495;0
0.552291579342533;1
0.5120764466320836;1
0.5950877579378957;0
0.4407174998711053;1
0.5187123425686887;1
0.5904087099566244;1
0.6662731717523811;1
0.4895353655045156;1
0.45793621400983;0
0.6622379562685573;1
0.596177274273377;0
0.4700859616176905;1
0.5103425964090459;1
0.5100714956695055;0
0.6118259182919018;1
0.39131924437468285;1
0.3998505884897007;1
0.41240368938790706;0
0.5992356741411743;1
0.589419841374329;1
0.4824721284930823;0
0.5891217045556743;1
0.43252825885717816;0
0.5123587624882773;1
0.676814234866134;1
0.4877630792762955;0
0.5174628207510273;0
0.5380634631662244;1
0.6523187238135189;1
0.447939743650082;1
0.560159001462829;1
0.6956346500534707;1
0.5111225459501845;0
0.37265277196850183;0
0.6544902074742773;1
0.4581938700717664;0
0.5178317543960294;0
0.6770810685763989;1
0.6910138036485183;0
0.4346802017976747;0
0.5479476860542039;0
0.4498119860195707;1
0.24449166063050828;0
0.20765512754447824;0
0.18601410687543615;1
0.2468712523507626;0
0.21569874454898677;0
0.14476155855917003;1
0.2704994547171274;1
0.27664578931289824;0
0.163431743210148;0
0.21330086406237708;0
0.1816757499668786;0
0.12096787905996292;0
0.256403037068473;1
0.12618041485323633;0
0.184524669261576;0
0.2132237749332649;1
0.48567519780808494;0
0.5577461468998137;0
0.4942461479212147;0
0.5750474688970267;0
0.4849961450110946;0
0.5314091137801075;0
0.5776822819946215;0
0.4651308269101316;1
0.6540648852729016;1
0.5594309481303371;1
0.2976795200707711;1
0.2506615303565477;0
0.14219389763107937;0
0.2482107333587081;0
0.15147311262276933;0
0.3964770216826833;1
0.20106412331137313;0
0.6227327523951092;0
0.4034026654212887;0
0.3059957459856429;0
0.5388398284283167;1
0.3206477885239675;1
0.18626770920213873;1
0.16683815326868706;0
0.444435091025701;1
0.34595734305385384;0
0.8230183503859919;1
0.2756713442519431;0
0.5462173316891517;1
0.6263523700303841;1
0.4182999527244986;1
0.412822286163314;1
0.23974408471899836;0
0.7358247707289967;1
0.46918153354924086;1
0.5613526525730971;1
0.3733373440282199;0
0.7163282050972748;1
0.206246757424406;0
0.32121012676794725;0
0.2601254025413094;0
0.7777435694484178;1
0.2581197876779365;0
0.6451293981397523;0
0.2517053097908387;0
0.26554485848572107;0
0.6667089801577004;1
0.25219905787388713;0
0.4687040366602423;1
0.4386705936557223;0
0.3236318476791785;0
0.6563541093543186;1
0.2885226386166816;0
0.567890559256832;1
0.27039416520592297;1
0.6430016141700149;1
0.2755870360693119;0
0.2992019212578264;0
0.7250538080637511;1
0.5693379137519179;1
0.36388069396749045;0
0.7739007975697675;1
0.4615287958252745;0
0.46329864464449505;1
0.3354799190905096;0
0.5626220738449741;1
0.3548652150615988;0
0.6037881947427187;1
0.6030909453398732;1
0.6379663542827437;1
0.4117495563099638;0
0.3737625643568493;0
0.21955137764561966;0
0.32815661454296413;0
0.5362126633003201;0
0.22287414976360798;0
0.21117663372258563;0
0.5057331874879133;1
0.6551576389656993;1
0.5687847029350201;1
0.7248799864616656;1
0.48713137731097345;1
0.2254935217609375;0
0.6195834167086249;1
0.27553871019481213;0
0.4591920096694634;1
0.28939699881382897;0
0.24539332339129444;0
0.5321922158936875;1
0.27794228942067917;0
0.23661327188568515;0
0.46334746535647237;0
0.26090950757318254;0
0.5207339541103245;1
0.19987070594643164;0
0.2839744501371411;1
0.438331038211177;1
0.12984156615978656;0
0.16169175581017592;1
0.2073713016440559;0
0.2838109197765562;0
0.3074169666391085;1
0.338581651761862;0
0.3447982221055906;1
0.14900420944655357;0
0.19701007912684843;1
0.19557536842690568;1
0.2865909977749086;0
0.14644530623220528;0
0.2745667400985;0
0.24803227857927684;0
0.3203534903191245;0
0.1497671556679163;0
0.2426062567065822;0
0.23541628328749292;0
0.31633626862110503;0
0.47839789662411925;1
0.6576866794837574;1
0.2960488645171789;0
0.32359448658701756;0
0.28149873918142493;0
0.41435216537064024;0
0.45601564059453326;0
0.37985054230234844;0
0.3862938752385119;0
0.4107555173569586;0
0.3185395395352002;0
0.25305231535504313;0
0.37121452127338944;0
0.6491392902207048;1
0.2626329314711898;0
0.31780859474907097;0
0.4062136507972636;0
0.2949484771572948;0
0.3300873746018669;0
0.3394304096911354;0
0.2560086581262126;1
0.18490509572256575;0
0.40805098124719996;0
0.707697805209275;1
0.7598370270104193;1
0.40028493196553283;0
0.4322956173781896;0
0.47204479505349145;0
0.17467030533992417;0
0.2026550104801908;0
0.16773638712632055;0
0.1601002142620854;0
0.1337539541040172;0
0.31810260130448537;0
0.16087819087556185;0
0.3830729679653781;0
0.30256998896962295;0
0.32084408873461473;0
0.17596796178460342;0
0.1596761095241027;0
0.1498724371193405;0
0.17020396798800053;0
0.19652897501607128;0
0.29173844299909135;0
0.1438683332467613;0
0.26660419861144175;0
0.2772088073024083;1
0.14974540853413046;0
0.1859278314211728;0
0.37321784890572146;1
0.22292568229445353;1
0.18334350003740107;1
0.13245250408213038;0
0.19899420750965008;0
0.13590607723848414;0
0.306418444286722;0
0.11479879949677811;0
0.10132923357426964;0
0.5011359002075391;1
0.5440654363275458;0
0.4325613980832244;1
0.3432469046146979;0
0.6012468395799371;1
0.4710960092896373;0
0.2574059040806689;0
0.4082026838913838;1
0.48700334369804177;1
0.49471711631841186;0
0.6811959757078626;0
0.7425936698961182;1
0.1785422872727723;0
0.12601173343904268;0
0.18432875449025846;0
0.12105809943717874;0
0.14494007233658118;0
0.2566157918197836;0
0.4481917536599488;0
0.2616342640673828;0
0.3021555370025885;0
0.23713431556320508;1
0.253094265770942;0
0.43792224991674195;1
0.25963040903931944;0
0.15659752053832804;0
0.439686100178789;1
0.40239179507633155;1
0.15896966638209467;0
0.3681226369574545;0
0.4111551846899461;1
0.12762769203150237;0
0.3210607977896727;0
0.34510952497951913;0
0.3786968966476227;0
0.288947134566519;0
0.42026475438183725;1
0.37904151824642895;1
0.3948582183362078;1
0.37056491660380425;0
0.3533464090119696;0
0.3013756810671256;0
0.392304112300219;0
0.4696546868278657;0
0.6791821128384464;0
0.6968642889342735;0
0.7429442953869798;1
0.5663785974877975;1
0.2261070860505625;0
0.3111251589765674;0
0.1699214619349017;0
0.26145125977996514;0
0.14965303666628213;0
0.22876284524237775;0
0.22654090701790622;0
0.17912690019504526;0
0.31404859204098395;0
0.447504402819742;0
0.14449041587907016;0
0.1726189963822704;0
0.14185705479583355;0
0.12740446831560812;0
0.1113146186577515;0
0.12340556139098238;0
0.2493179039138307;1
0.24442907600721683;1
0.37149874429462476;0
0.20163792304227024;0
0.18295692264286897;1
0.16568324876665894;0
0.29740109443055585;1
0.41923957146341634;0
0.2773623351496003;0
0.19863108817808905;0
0.1739848131715243;0
0.2450108851246386;0
0.2458376063347925;1
0.2690217307710284;0
0.5346426365626346;1
0.1726762544720259;0
0.16542119927731413;0
0.1841598856469305;0
0.3027312212587128;0
0.17285960304857043;0
0.17862987364834912;0
0.2319716157630604;1
0.42780836079370455;0
0.29594375127126293;0
0.255365577722515;1
0.17371943688260907;0
0.20249775528758243;0
0.18805471937707716;0
0.5158654996339163;0
0.3737449926015966;1
0.19715643154607934;0
0.23492955389458037;0
0.36348944223955854;0
0.18242723970918143;0
0.20106219147428864;0
0.17819882979988833;0
0.21885178699604607;0
0.2546469789857728;0
0.13420561670474598;0
0.1614608304406704;0
0.19377219718883873;1
0.29754879147987506;0
0.2818689159248059;1
0.26635137685797367;0
0.3881822260983474;1
0.34553143505414746;1
0.4206175961917091;1
0.2781558603037498;0
0.14373796896346386;0
0.13555255805742641;0
0.49321636562419274;0
0.4413644410131138;0
0.4432769271863476;0
0.5528278208027755;1
0.435019186454893;0
0.41081587015488;0
0.6260986766163095;1
0.6315129857176137;0
0.4266090584937492;0
0.48628903663985235;0
0.3881355952620944;0
0.33347541073718245;0
0.4747280172326581;0
0.3970697375631072;0
0.5707226091296019;1
0.5835046542314629;0
0.49875296152157866;0
0.5987532865375447;0
0.5004358423580445;1
0.17318563894773495;0
0.37838361386990504;0
0.10912759236988832;0
0.12318286885637554;0
0.19657444822153583;0
0.3245397483531002;0
0.23959986651286666;0
0.26168526184186675;0
0.2877582397956563;1
0.19930399672412602;0
0.29117420963084156;0
0.22565006664690232;0
0.38537140922667823;1
0.22755660408156153;0
0.19049322907608085;0
0.21546050157151483;0
0.23882702618428364;1
0.3958922179797036;0
0.4314225692775452;0
0.23760946521885828;0
0.17408107958627445;0
0.27906411780072904;0
0.4240828138003439;0
0.5591460615874538;1
0.22524467393169903;1
0.1945078720482523;0
0.2266466737656927;0
0.2927873354427506;1
0.19528110906644522;0
0.20647446206821765;0
0.23667883360433162;0
0.22374376101445037;0
0.14717268623121244;0
0.1483213250913316;0
0.22355196519286713;0
0.21439743099542052;0
0.2665966640672921;0
0.23586585653665015;0
0.1860073508667415;0
0.24535737534166063;0
0.2569316463127212;1
0.3395765920889566;0
0.16303516927178593;0
0.20056226087848988;0
0.2628073367269351;0
0.16945847449801948;0
0.24539329978581773;0
0.15033895514535958;0
0.1558846717751561;0
0.23084520809072015;1
0.33428718067171376;1
0.2795259695467482;1
0.4711644850374509;0
0.4462289876112254;1
0.5407795607934396;1
0.37847740420461656;0
0.3792574185852503;0
0.42680213586499827;1
0.43044752730228825;1
0.25656440051776;0
0.546025782005222;1
0.414575395687213;1
0.5391520800115549;1
0.5745078519449993;1
0.5086084327955603;1
0.5581156236323077;1
0.348871464753129;0
0.3932293496653053;0
0.12134231727770362;0
0.16795390923166045;0
0.15480254447302189;0
0.17701594186834863;0
0.11528422805967041;0
0.16751998727769715;0
0.22404161667413444;0
0.2384479118799009;1
0.3657407707623715;0
0.12051351248850382;0
0.15983189129532777;0
0.17289987798644013;0
0.2389661308481976;1
0.20058790711549132;1
0.2529712763143853;0
0.23279774858668653;1
0.46234323144225237;1
0.13216159395173482;0
0.32858752885080467;1
0.1924678849582763;0
0.3236585231837489;1
0.42280273273035435;1
0.4302724661089999;0
0.4548602375242434;1
0.5156651192058366;1
0.5008185370651118;0
0.3076235320825041;0
0.27144301290466644;0
0.3835025830588813;0
0.24676990308978936;0
0.23623678173518836;0
0.25500290471903325;0
0.16234765842426635;0
0.2039619933833948;0
0.20363192669505775;1
0.13095316796715795;0
0.20312054155969447;0
0.24393259415193086;1
0.16911807070479795;0
0.15366469797975388;0
0.16385531259409947;0
0.28298933660035136;1
0.21632062932244095;0
0.31825462917114555;1
0.18828195592751942;0
0.30895641674991015;1
0.23229748098648512;1
0.21968179361093595;0
0.190977704240601;0
0.16321164927074136;0
0.23852379992153433;0
0.29265275483925707;1
0.1514375876278673;0
0.206916788835877;1
0.1522426181494576;0
0.1814810404917256;0
0.3506513967832663;1
0.20631894909293885;0
0.20538321353621705;0
0.17945820220499387;0
0.3347524960424872;1
0.19249572706810822;0
0.27709611670726736;1
0.24128985534620942;0
0.1762439199805591;1
0.32443219932848694;0
0.1718463470624655;0
0.28009578058044726;0
0.301059254051781;0
0.23940528043456868;0
0.14378794814055046;0
0.12054819677820315;0
0.2001938556355704;0
0.15225852301139514;0
0.21446569666966847;0
0.17103308094122932;0
0.271236196844525;1
0.26360214155264206;0
0.18019138973377768;1
0.24797767757363684;0
0.26625124398715955;0
0.16893550841046717;0
0.29601578822353397;0
0.21486010424326557;0
0.19371711457868251;0
0.15888859575955752;0
0.16582981874709998;0
0.18711255773122623;0
0.23631315928681082;0
0.17661546993424315;0
0.20318628504103173;0
0.2620347394439274;0
0.25598872117476384;0
0.18792101812795584;1
0.14817707434903718;0
0.18348137231752518;0
0.24481779041050866;0
0.25493145024201685;1
0.17232014524642864;0
0.21519402388816786;0
0.2681273376607277;0
0.2835365026376201;1
0.2189357806872017;0
0.40360252279690084;0
0.20039314974431102;1
0.30246952133834326;0
0.1946691552076166;0
0.2479700654842426;0
0.23202837721111097;0
0.1751388686009637;1
0.364472605783284;0
0.40182725565886956;1
0.1692930564394274;0
0.3277320734730582;1
0.4037120273056079;1
0.5069418485510642;1
0.6034040568115608;1
0.41635448149055987;0
0.21946617703781024;0
0.33250480256527426;0
0.20022045554492326;0
0.3873146269419834;0
0.6785543190551138;1
0.7248076623581178;1
0.46037702503393185;1
0.7423267207184956;0
0.786025795907213;1
0.8364254564672029;1
0.7315993466737625;1
0.6974079622629866;1
0.7600731179129431;1
0.13480533773995693;0
0.35966610313922426;0
0.24197667208000115;0
0.5214474034203576;0
0.30857708107952486;0
0.49562246969207496;1
0.4552776206094389;1
0.403764359114562;0
0.5740366373032044;1
0.550819057512483;1
0.5369961740216769;1
0.47191896794448324;0
0.4600138618495378;0
0.47136478456192216;1
0.4402510965921383;1
0.4975846184051331;1
0.5486460069438417;0
0.16636929387083016;0
0.16601581436280102;0
0.2551813641786878;0
0.37561382455838216;0
0.7954430144709914;1
0.7480329443637669;1
0.6645695137656878;0
0.7187294988475019;1
0.834505068894333;1
0.7774738308587771;1
0.5823005893000442;1
0.8454040205962412;1
0.8345010330985627;1
0.7979292876264474;1
0.7679092923920552;1
0.7774850271126834;1
0.8106288256921657;1
0.5898865370090999;1
0.7896935753169343;1
0.7277169447174326;1
0.6327986292809158;1
0.23225407079456678;0
0.3576820186842933;0
0.5654941021859824;1
0.6434747344202872;1
0.416805441729535;0
0.48016469924845934;1
0.48467580183572656;1
0.4592091248612903;1
0.41995771768092305;1
0.6389465747273985;1
0.40016727921504536;1
0.3608841635627769;0
0.3064189435359803;0
0.1791801354247922;0
0.4668020524194982;1
0.24002450037028572;0
0.3828657548736876;1
0.2243433777017491;0
0.20351690504861022;0
0.21131629922479042;0
0.265190821955239;1
0.24318165085237203;1
0.2280591506880548;1
0.1674457719691659;0
0.15149698212120538;0
0.17042935004411708;0
0.20951988908728392;0
0.3872753250850316;0
0.30820066265499413;0
0.23217249365391487;0
0.15796891066638657;0
0.3864232064768321;1
0.4105724242056704;0
0.4520052679498441;1
0.5859776185302674;1
0.43126832311617763;0
0.5931914833627696;1
0.4912141775859488;0
0.6568184618687247;1
0.27929463311990765;0
0.3511593035599233;1
0.4249943064889906;0
0.27962999641113606;0
0.42947211849317546;0
0.5562425888944392;1
0.14534314224755002;0
0.11957699333311766;0
0.3177389525703432;0
0.30290299109954505;1
0.3631473590112091;1
0.29827567440363373;0
0.24801295903508044;0
0.17154091882911754;0
0.16652416099900755;0
0.1883321785747594;0
0.43480659121538623;0
0.17334099814663065;1
0.1205290071220696;1
0.15960155462748743;0
0.13959564029827717;0
0.12581837078150543;0
0.31665787457208344;1
0.27289250971288015;0
0.17070899226939207;0
0.2065652565842715;0
0.5453498406970834;1
0.24408908764268442;0
0.19001176987464247;0
0.3359094364534239;0
0.26984558342387877;0
0.21662744381578325;0
0.2652249873979709;1
0.19262929046770588;0
0.20004945164826474;1
0.2052718608380679;1
0.27280777936942474;0
0.26159103024338143;0
0.22304051321773574;1
0.19676599675236822;0
0.3294240255969881;0
0.2269430261637572;1
0.43394187225204556;0
0.25962952412309703;1
0.29321404839568393;1
0.2547521579730061;0
0.43346596002737087;1
0.5127389760967875;1
0.2547408344549074;1
0.22954506728501517;0
0.3958612344956412;0
0.34629425207900427;1
0.2978160023852387;1
0.17388053852201918;1
0.33812097557937343;0
0.3123675444646339;1
0.30240418919896594;0
0.2394393279951873;0
0.20478288994310764;0
0.1716419308955572;0
0.2530251179190454;0
0.4216299051132897;0
0.20529641051982933;0
0.3026144926618311;1
0.3381386412568369;1
0.2748344901899349;1
0.2693231779049684;1
0.2924842564622263;0
0.18434518565344024;0
0.3090748949394919;0
0.33980561819222393;0
0.6560411476994703;1
0.3544828727660354;0
0.1936219333956287;0
0.14563954702995988;0
0.1839388460915655;0
0.2145342944647592;0
0.15662390249783836;0
0.12305035831161397;0
0.24094307733151354;0
0.17616378904502664;0
0.32204139588667735;0
0.45572327064772017;1
0.2262274018097764;0
0.1685207057278842;0
0.21108563961070465;0
0.2065783114098206;1
0.1752166541982668;0
0.13694041675520627;0
0.15383023959376813;0
0.45044622243039595;1
0.3434594216288804;1
0.12245583376300544;0
0.1293358597127085;0
0.4135444401843605;0
0.2791029762324157;0
0.373980073296782;0
0.3799604845266994;0
0.4013801395486784;1
0.3834957363329255;1
0.5012538053093576;1
0.5378605857803521;0
0.6112536068156564;0
0.1605324720569341;0
0.2507930823620125;0
0.2395664459010173;0
0.17041504700503465;0
0.17068958316673166;0
0.20333377755255805;0
0.4738178035681273;1
0.31537186574632803;0
0.20431643900334465;0
0.2017918119541379;0
0.38677246165107343;0
0.8645744847710877;1
0.6643921020954766;1
0.7386466740697222;1
0.12350349764156544;0
0.2699938740727078;0
0.32184682303283785;0
0.7515485613910612;1
0.6855642811495408;1
0.22053381025397512;0
0.26253344415879565;1
0.2614371694875198;0
0.2334685057798866;0
0.199001301074406;1
0.3084180803173689;1
0.27864788460970497;1
0.19716227682906312;0
0.1889111060923659;0
0.29447186916065604;0
0.2846999746321781;0
0.19809677472609658;0
0.18418151434852217;1
0.27135330449464756;1
0.14088959111711002;0
0.32701002835431014;0
0.1929722369418608;0
0.3557933459400643;0
0.24313381407228782;1
0.22049371023868364;0
0.34162988951335593;0
0.23351852626932904;0
0.19434504582327408;1
0.30195128370333424;1
0.3903907242748221;1
0.16098712970905557;1
0.2621077140106876;1
0.4038178620346912;1
0.4856892840761558;0
0.42577236684137243;0
0.509740649544607;0
0.2083105825375312;0
0.15238256504373995;0
0.21656260826872983;0
0.1362193955114259;0
0.2278559459702719;0
0.17894636623744858;0
0.5543469319689004;0
0.4245363185061594;0
0.30646405282591205;1
0.3599791189943043;0
0.3035677611434342;0
0.7391256755026501;1
0.7522033758909614;1
0.7208508901520512;1
0.47571778933675707;0
0.4666849765711029;0
0.4300048790372201;0
0.5557535074036597;0
0.3716074031849587;0
0.24746586588994055;0
0.22672017359669128;0
0.12933569278948395;0
0.20640200287251437;0
0.4175938065266245;0
0.2630797979038987;0
0.2259162337980543;0
0.2078748333896513;0
0.12188804270926042;0
0.18357334212171567;0
0.17172958634654317;0
0.1610725337850642;0
0.21811712673595965;1
0.2563524207174537;0
0.20397471840250053;0
0.4882767248241632;1
0.2039454849556756;1
0.21058639052060213;0
0.36779349966293806;1
0.31988680872622244;0
0.25915241558278496;1
0.34573885245110175;1
0.2554486441245274;1
0.25284338183123417;0
0.3525535442110792;1
0.15667716525048608;1
0.2990240430546663;0
0.23130579741110394;0
0.18486842389323674;1
0.5082590772037968;0
0.24532681386001387;0
0.19918203427222847;0
0.20630325797315424;0
0.30074149141726825;0
0.3041695580038662;1
0.2648005445769941;0
0.19717705180094366;1
0.34929415677247533;1
0.21820588984437816;0
0.21221001258899835;0
0.1766120012221667;0
0.21309773496555653;0
0.26612552110534515;1
0.28233336440923423;0
0.24235002725562962;0
0.2912187382746631;0
0.22977974799268513;0
0.2516838708742312;0
0.5192567922496909;1
0.4865606738794418;1
0.49760406170426114;1
0.5749140622004423;1
0.32020473822842493;0
0.5009676495201506;0
0.1826824406638521;0
0.14528808457039538;0
0.15792928890992108;0
0.1265887346852575;0
0.14569420152377627;0
0.19392248574441223;0
0.16168801009472775;0
0.1609812744486795;0
0.44817327707809096;0
0.42726190261889113;0
0.5910359377285018;1
0.5405940628280587;1
0.5491615354302105;1
0.5035092224399655;1
0.646433709973454;1
0.33249299573426244;0
0.28061071364672174;0
0.3752337182955274;0
0.2477150415776502;0
0.3684098886026002;0
0.4750968530887706;1
0.360175475535585;0
0.5131555810775198;1
0.3790037575721835;1
0.35198542432647295;1
0.4354058251149893;1
0.28835273168066067;0
0.5354453810974226;1
