pred;y01
0.18112382167080449;0
0.18088404184042745;0
0.12952684302690914;0
0.16470602062362352;0
0.32165697482638245;0
0.2141306261631209;0
0.21275461104717242;0
0.23415518040678204;0
0.32881180921522696;1
0.15162735348968126;0
0.1635233576860712;0
0.24261430931997272;0
0.20004239434657795;1
0.22693931178104743;1
0.15128925499045517;0
0.2586669494228829;0
0.1771524749646156;1
0.14846761257442145;0
0.1433509248896103;0
0.16498246466253103;0
0.1417755467917055;1
0.18323715678715094;1
0.11621049992031438;1
0.17754912533966138;1
0.1740097369889374;0
0.30597273929336705;0
0.44309993004391957;1
0.20140284999639665;1
0.22243705638122022;0
0.2691663036021225;0
0.21725523941808408;0
0.32379677757794956;0
0.30971658800757473;0
0.3450220112788513;0
0.30318116258790667;1
0.2810975354838217;1
0.36999671876461154;1
0.3284950752938142;0
0.3794571633400853;0
0.18705724283243685;0
0.15669091488454726;0
0.1983198613049733;0
0.3537308192714158;1
0.361963920028532;1
0.3717913386881326;1
0.2872112708916971;0
0.3562698469924122;1
0.2626671160806111;1
0.28481352122550213;1
0.36424075051224153;0
0.26971207604567327;0
0.2843295733989999;0
0.3286821002923448;0
0.42032662778335345;0
0.39482051359997994;1
0.20463017515619564;0
0.2708374780508781;0
0.3449208162694406;1
0.45685830369030866;1
0.24443990953506764;0
0.16786987097385508;1
0.3750606204103905;0
0.15865848604228935;0
0.4193137931309001;0
0.17657005095859352;0
0.18300681119131718;0
0.17159636862038302;0
0.14261712089714684;0
0.128894142200289;0
0.14690150566472873;0
0.15663609293119699;1
0.17279244573397776;0
0.3147486321592301;0
0.35292438677667753;1
0.23620725029899406;0
0.28387555440152534;0
0.37924632810777;0
0.4546807931194538;1
0.2802203077457486;1
0.2921549890016051;0
0.5663626195254805;1
0.3676039471809156;1
0.3683303052485322;1
0.3540337992477174;1
0.38582807907698347;1
0.4317078256970418;1
0.42864003095102854;1
0.36288079866349326;1
0.5439359739005541;1
0.3447938477656978;1
0.5251292472852225;1
0.2692997872313355;0
0.3435996126320037;0
0.5161886124520321;1
0.4308564809154322;0
0.3619453852391552;1
0.3691223374859077;0
0.31100017728483537;1
0.3452432328849222;0
0.2423462246711409;0
0.38852779740129767;1
0.42989372607891013;1
0.25402110007837925;1
0.3448975631694995;0
0.37544061132788115;0
0.3197208015789704;0
0.2743412173363508;0
0.18896505347031575;0
0.12318098966946148;0
0.49471051948359146;1
0.32086438991167976;1
0.40234684610956084;1
0.41291451975105475;1
0.3491336460267617;0
0.37564335634935175;1
0.29721855048943574;1
0.28428586265833644;0
0.4051017579368628;1
0.3425925893132527;0
0.35960468851884786;0
0.14010242495310044;0
0.08983475329467341;0
0.29404419388998226;1
0.2237632652170119;1
0.18852335573906404;1
0.2732303765385168;0
0.30636301064182664;0
0.17604277728138745;0
0.2679599482510905;0
0.1879649490401636;0
0.30838961124008013;0
0.27959709413231226;0
0.2831535680962636;1
0.23113314621416703;0
0.17846862973102404;0
0.22500955316401183;0
0.38951026622371193;1
0.2880569859958946;0
0.5148691628388942;1
0.49771986179236527;1
0.5728614563517744;1
0.38326024826283717;0
0.54771367394571;1
0.4031059273879344;1
0.4958909098058305;1
0.5796774465084816;1
0.4955159922419887;0
0.45297624402676706;1
0.44434121093728446;1
0.44490666045688293;1
0.2938582654392579;1
0.3234798075137111;1
0.4321355942773876;1
0.5388306456844335;1
0.45567657913951964;1
0.48297927048850503;0
0.6226349576244108;1
0.438748885107024;1
0.39853411036700587;0
0.35636981016307845;1
0.7310833926559914;1
0.7128801592340568;1
0.5319277492014953;1
0.6242830378565721;0
0.552436976361042;0
0.6660192656431102;1
0.4662655452782642;1
0.6570299210620136;1
0.3813101073990821;0
0.3438313926563775;1
0.3565965138844229;0
0.1792492554652838;0
0.1638875954395109;0
0.18004400412506044;0
0.27241988762903097;0
0.1789757998787819;0
0.20118571014876155;0
0.19021066710792964;1
0.3923882538713802;0
0.19767533426476389;0
0.28557357773459513;1
0.2636942161606687;0
0.24069344557782218;0
0.19128923115129481;0
0.1432034293953167;0
0.3519539695330681;1
0.14204679412320445;0
0.22861594418374986;1
0.1749019424312514;0
0.22656895444605943;0
0.28403111661552277;0
0.32821674090991615;1
0.20774536199210658;0
0.3042457825414178;0
0.3486140142524476;1
0.24107891479969296;0
0.13783943439519425;1
0.40666445301718535;0
0.35743002892760334;0
0.22271170207255117;0
0.1510189524146714;0
0.17628737079477727;0
0.2104812422639833;0
0.1296826546989498;0
0.14588083915971953;0
0.1851447506371983;0
0.195738725563584;0
0.18544671850412386;0
0.20008318482878068;0
0.19623556908014067;0
0.15476155986127102;0
0.10828831773147357;0
0.18038776882403842;0
0.2242669804526935;0
0.24889903977547184;0
0.23667041548876364;0
0.14406544802003177;0
0.29052968728458245;0
0.23072163354936653;0
0.1196986549548977;1
0.173247353071495;0
0.17483374015603384;1
0.1737127762683213;0
0.20883244654344232;0
0.1355353844492511;0
0.36969155857439967;0
0.37404313672973316;0
0.28022428403519584;0
0.3308106137438817;0
0.16178251531244742;0
0.13614233299945339;0
0.2535325624428627;0
0.21837484213136993;0
0.20037865650188982;0
0.15994700236154105;0
0.14767517680839803;1
0.24346293555395881;0
0.2966453482141019;1
0.16219209061390988;1
0.16407990059808703;0
0.31300581292112745;0
0.17559325360603506;0
0.15014742047521853;0
0.17313515975066154;0
0.2464690089215525;0
0.3334074010804081;1
0.3065980016291294;0
0.3094615127830788;1
0.1992942595248304;1
0.18733247767794114;0
0.2897538885987983;1
0.16168142898950746;0
0.19257743224347695;1
0.3120940826939704;1
0.20623149657763767;1
0.2272422729504057;0
0.197327617250348;0
0.2285800804422854;0
0.24807684436062452;0
0.23697093740325326;0
0.21347707448354092;0
0.37054390587896335;0
0.1651813285513089;0
0.16159757160757496;0
0.2697546253486696;0
0.19563273719910168;0
0.32040678984311016;0
0.20539651590642305;0
0.1823756422035322;0
0.13432687482671923;0
0.18865530720075713;0
0.15456801595051883;0
0.21244403466044812;0
0.18594490790996213;0
0.15586027216202977;0
0.22235822790878745;0
0.2053592125359368;0
0.19827610525280373;0
0.2434482489766559;0
0.18003593808276597;0
0.3235821863204413;0
0.16294655697781243;0
0.11443555571586383;0
0.1582472334669282;1
0.13197438993545027;0
0.21094957348696744;0
0.17460578331541826;1
0.23545435430103506;0
0.16810033669495344;1
0.25620719590504415;0
0.11393083185823386;1
0.22542670921855093;1
0.12278886678762888;0
0.3282697098072965;0
0.14129990640456686;1
0.28289739376040085;0
0.3529196830605735;1
0.17180163249789177;0
0.12021679952397545;0
0.35071980698330985;0
0.435676692115651;0
0.2588237198119333;0
0.35414821152799414;0
0.6994908933789649;0
0.7135079087514961;0
0.7058762472023393;0
0.6135286217735051;0
0.6646222567567903;0
0.482411946509228;0
0.5050551998708134;0
0.660902971906309;0
0.45950081718442554;0
0.66585634296664;0
0.7364727101359035;0
0.507389366054047;0
0.20151453700690966;0
0.3274256821168862;0
0.2909101949383773;0
0.11626155044552229;0
0.21861717326826463;0
0.23923470691073476;0
0.3327343015807985;0
0.33384279903567865;0
0.32654563271605713;0
0.43880102073278204;0
0.40184113258463616;0
0.36765577947918987;0
0.39972211657235757;0
0.25721544804658414;0
0.46395211341977816;0
0.4587788602063701;0
0.42199683898527424;0
0.35810395588214794;0
0.36236450067794856;0
0.36498762326585416;0
0.30669291728133985;0
0.30724844291278447;0
0.317588625332555;0
0.06625417529896735;0
0.10665237246215833;0
0.09305524630805573;0
0.1273344551893674;0
0.09381088802953984;0
0.09143130247972218;0
0.11134759362253174;0
0.11413639035954795;0
0.15232111286073668;0
0.13730805258818524;0
0.13574448785614002;0
0.20998321121669147;0
0.09459071201944422;0
0.15464580089126595;0
0.23519640705766534;1
0.17514716331952446;0
0.10238026649866151;0
0.1502205501780193;0
0.09806744738554095;0
0.23888975887065136;0
0.1087223635298517;0
0.2574660973146281;0
0.10004129270265555;0
0.10301352149100776;0
0.15510789476467188;0
0.11954729157375123;0
0.10911303507708199;0
0.2688065647825685;0
0.22034431105716762;0
0.313728319696249;1
0.15089150201469126;1
0.1378165182942127;0
0.3116859362743892;0
0.34477453043511613;0
0.24256088226027903;1
0.21796873726185517;1
0.2551193381528703;0
0.1152324760712354;0
0.10459769940410521;0
0.09502011112759753;0
0.13984433661500317;0
0.17662322266889585;1
0.13521417847358538;0
0.16759680681634936;0
0.15243913571653225;1
0.11963942336603206;0
0.16231398635346922;0
0.09908558018922903;0
0.2011500721531941;1
0.13783425627902515;0
0.18415683836549251;0
0.18809436570566568;0
0.23077695098309117;1
0.13016816825815558;0
0.2515395727839032;1
0.13267653441470598;0
0.10244483795253667;0
0.23285363856596075;1
0.20475449975434673;1
0.1327217687877602;0
0.2132930349842002;1
0.15419168575584122;0
0.6842770153054767;0
0.6598512488817158;1
0.78890714869222;1
0.780803824274238;1
0.7385961645929606;1
0.7735558387097182;1
0.7284110011218223;1
0.7721325937746515;1
0.6787709399835393;1
0.6852457997914174;1
0.8493379422375255;1
0.7830222689275824;1
0.6884345950964557;1
0.7461867086133243;1
0.6602777703023403;1
0.7285315547433646;1
0.6415778588530748;1
0.8193678143537899;1
0.7419769786420272;1
0.8845680864010199;1
0.8886618342816216;1
0.7179444598169752;1
0.7804294981083432;1
0.6785111903251229;1
0.8971634694461823;1
0.5062898241495996;1
0.7282970450629748;1
0.7046939087544479;1
0.7403330022157842;1
0.790569661460456;1
0.7987390570549604;1
0.738556711594209;1
0.6708235540275506;1
0.6460931715331495;1
0.5624633956539018;1
0.8101770666554949;1
0.6744231421899355;1
0.8020450419618859;1
0.7125271052546184;1
0.8413700795329264;1
0.8196745111659652;1
0.7673165466369857;1
0.8261936158584628;1
0.8193240673001803;1
0.6911264992974249;1
0.8523322129985282;1
0.22014293046390507;0
0.22646952603100196;0
0.22019651003714552;0
0.09759345215774401;0
0.08749250390931998;0
0.2682184007803602;0
0.12805834537414595;0
0.3139551727702832;0
0.16324036442097342;0
0.15526478475113722;0
0.10396128736516293;0
0.7200492666455278;1
0.7475065984975828;1
0.6999802885504306;0
0.6538630896932763;0
0.7063365772778697;0
0.7363935555390309;1
0.6792531555993728;0
0.610182301819948;0
0.6892251991319012;0
0.756526985974127;1
0.8698720125970544;1
0.7495422432450248;1
0.806544801582356;1
0.7340051298931158;1
0.718710009665864;1
0.8875649241837809;1
0.6715062868567861;1
0.5541945282465931;1
0.81546636699583;1
0.8331113642608904;1
0.6792007892050781;1
0.7114203065742397;0
0.8285327654829676;1
0.7039113112835987;0
0.8038633587144007;1
0.7052831990985706;1
0.18827453854642237;0
0.34344341827907754;0
0.2467237639161688;0
0.32960674367250303;0
0.24674378602012442;0
0.2604633272464886;1
0.21751240643238823;0
0.250458999825942;0
0.18483647267719805;0
0.25326480805053003;0
0.5029142787276422;1
0.4907180872835636;1
0.3623940967675614;0
0.2858179186712319;0
0.41848228003088916;1
0.29494642575476804;0
0.24228437424788735;0
0.4090070324759067;1
0.18310455786771362;1
0.42981370311236367;1
0.2897436985511798;0
0.3456192985607834;0
0.29948573231317566;0
0.38967286970911513;0
0.2931352103766974;0
0.38197380231295414;1
0.3456113116500923;1
0.32464331936118623;1
0.46393567432895727;1
0.42736839989558056;1
0.44251664150302294;1
0.5461697745623876;1
0.35282233493066006;1
0.3942573141639863;1
0.30992390736058584;0
0.4120524460034129;1
0.39797580749856404;1
0.43061053925640397;0
0.37604433032502926;1
0.3912277871455734;0
0.35763855358749963;0
0.3992236279237339;1
0.25520985726244283;0
0.4910511342565218;1
0.44928892465492354;1
0.3687032686105259;0
0.4202468609795307;0
0.5318758098370074;1
0.49699818326537987;1
0.39940221340542725;0
0.474471459527877;1
0.42558355965300587;0
0.3268600162334324;1
0.365563124052278;0
0.38976838115864854;0
0.4821391717830832;0
0.3448848757331867;0
0.3688549337510323;0
0.33864396102043953;0
0.39562753789179866;1
0.29726670054374893;0
0.2993454801589115;0
0.3588090224336845;0
0.47270142107464164;0
0.3142919899300981;0
0.3074581819163288;0
0.2974252621291456;0
0.2860197170245474;0
0.2811502944224791;0
0.3833272755346005;0
0.27835950768756007;0
0.41667625379165335;1
0.3874702753642216;1
0.2851004477427938;0
0.4833322634575071;1
0.3845939837669832;0
0.29909082226561534;1
0.2858765545538732;1
0.32961334260938907;0
0.2960389829291728;0
0.44518784087733243;1
0.34081109439515184;0
0.3187784751991038;0
0.31767942790136405;1
0.3218962082573308;0
0.31273659353536604;0
0.3503346345639475;0
0.26882751627819057;0
0.33997219436761433;1
0.3495127408644985;0
0.3999520427479644;1
0.37366992240779945;0
0.1809363157227595;0
0.19979842047318444;0
0.2609227031377836;0
0.3055396055684475;0
0.25616600288844726;0
0.31158086638443;0
0.3366183348644945;1
0.20674466729435548;0
0.11624590310766619;0
0.17439455821064628;0
0.2399052215961815;1
0.13786783173660705;0
0.09191780172004488;0
0.2970719804919317;1
0.2660382108081516;0
0.3121469116873605;1
0.25387152919516975;0
0.20474109627846665;0
0.3545760874126833;0
0.19075984959294148;0
0.18900784466669054;0
0.28372842209790694;0
0.22876788381559005;1
0.15920025137970378;0
0.4354257372185868;1
0.24707161856531457;0
0.23679627388897764;0
0.27007535256196974;0
0.2114533022544595;0
0.22915607844189034;1
0.5480590608857325;1
0.25881505492258194;0
0.21262370995567;1
0.2862657245923197;1
0.24873454215800636;0
0.31773811590255;1
0.22441099443255924;0
0.5852512419919105;1
0.280583830273396;1
0.6539461821866025;1
0.45216654040674104;1
0.5596925493811375;1
0.4421889698947213;0
0.5787459399825843;0
0.4066127242617281;0
0.4481669480425815;0
0.6364391248384079;1
0.5934022610004102;1
0.6352923776034042;1
0.2989953258158266;0
0.47413829530342666;1
0.3498257587515026;1
0.5507405288673982;0
0.4638305623094796;0
0.526366667687895;1
0.4115203557413452;0
0.3916689446341747;0
0.8058202921614114;1
0.36438485871892956;0
0.44463379926242974;0
0.6155542744424227;1
0.5184179564919704;0
0.4400360116468797;0
0.4721527760267237;0
0.7008298565037446;1
0.347073636501191;0
0.48217704782916243;0
0.5062321197463319;1
0.49513459615558036;0
0.5063160490361677;0
0.45469600515059055;0
0.6417723866305197;0
0.43813526610844533;0
0.45132517603416245;0
0.5835266415461424;1
0.4757768828333251;0
0.7217937088112693;1
0.6148029239721327;1
0.5276447539255688;1
0.6009467821533936;0
0.8450835482203222;1
0.3994091112557265;0
0.6956021305286668;1
0.27862722868589085;0
0.48295405303462613;0
0.48634667069010107;1
0.6118558399752394;0
0.5741710613122949;1
0.5373123910331732;1
0.47653654725666134;1
0.4633777528364619;1
0.3007883410397087;0
0.3774572444686688;1
0.2847693238913396;1
0.21977479061479852;1
0.27809556663925983;0
0.27863437114219236;1
0.2849195649470764;1
0.23162426762778823;1
0.19041559168096964;1
0.11292915578709765;0
0.17531612680463457;0
0.10992857472233665;0
0.21920109724251557;0
0.11083530385955809;0
0.13778804726638355;0
0.07348034511688324;0
0.17872805217121107;0
0.22992491540459514;0
0.11232296795409101;0
0.1284433013429271;0
0.3908322410272825;0
0.13840034339177987;0
0.18812638632512343;0
0.18769458189219385;0
0.10052851649723268;0
0.18507639793074576;0
0.2625075737105774;0
0.4880521524143565;0
0.45511415595198723;0
0.5811932968758506;0
0.27866177819347543;0
0.4432107067471577;0
0.6241405028346654;0
0.4984766334378316;0
0.6093370133194984;0
0.5475840504011279;0
0.7397276028566837;0
0.5556588487952195;0
0.6473358966844364;0
0.32683241853652356;0
0.665578815064947;0
0.7099184429606435;1
0.5214526549307981;0
0.5274600543460889;0
0.5710982106662623;0
0.586676549240947;0
0.3640702396261014;0
0.59408831242434;0
0.6508894324532684;0
0.6640697830739097;1
0.7538628775826731;1
0.4781146629882469;0
0.6177953331805566;1
0.31966108339390914;0
0.6534478579516699;0
0.7468948379604359;0
0.3433972384069803;0
0.2699600565832581;0
0.3198179550145248;0
0.39720464564954655;1
0.27739291836460733;0
0.3218949544098796;0
0.3315992637421902;0
0.7809070797975549;1
0.8065361683203282;1
0.6825685066641094;1
0.8447762166850379;1
0.6916188321598301;1
0.7962399888256713;1
0.8173562643545261;1
0.7329831330669415;1
0.7368871149934293;1
0.7937896754720125;1
0.8684496529137312;1
0.7689319843736248;1
0.6940459381756818;1
0.7166980262510481;0
0.7822305160267965;1
0.2496907941644183;1
0.7950618916695282;1
0.7415011005196516;1
0.8284014771315441;1
0.6343649800163107;1
0.8666510596521882;1
0.6822752373576751;1
0.8444073113007632;1
0.8164670423702093;1
0.7478809551431638;1
0.6801457852700171;1
0.7126955272328107;1
0.7413684060697803;1
0.68602933985382;1
0.783983243191018;1
0.8353691673188515;1
0.8189990742229737;1
0.8365256109301108;1
0.7157408946639697;1
0.6904995654568998;1
0.7287375871492247;1
0.8918827266866268;1
0.7959245841431749;1
0.7187023830447007;1
0.7173858067733766;1
0.6168353666990757;1
0.7242613743402869;1
0.7534170029018614;1
0.7330553962551278;1
0.671011417747808;1
0.8264051076050414;1
0.795827632214833;1
0.6913241463941648;1
0.740825205846323;1
0.7831864784444887;1
0.7856473499823625;1
0.7254914650628173;0
0.7924228969373475;0
0.8275055941579282;1
0.7049975597306345;0
0.8006398406572895;1
0.8329111214740491;1
0.7930338581750904;1
0.7493882559582269;1
0.7992523153209826;1
0.8025522343247943;1
0.8439892688780868;1
0.7791868361961204;1
0.7240977956824841;1
0.6911408659672175;1
0.7091861954848835;1
0.812335465554578;1
0.1501468915767789;0
0.18555316685695822;0
0.16190037367377375;1
0.17593005383039884;0
0.2000772580502713;0
0.3772036482169911;1
0.178377489524559;0
0.23160414947832023;1
0.23329061495665704;0
0.12168826426965558;0
0.14433477459741148;0
0.14283115606525565;0
0.2839352569247808;1
0.30419764170658087;0
0.13277028126237775;0
0.12662122184551672;0
0.1434205737285332;0
0.2483251114330357;0
0.17840653617866795;0
0.2598615764412885;1
0.13604302115965142;0
0.21725748515928295;0
0.14658729061344847;0
0.12382186797878997;1
0.14296593845153321;0
0.18371843141054112;0
0.13828013481139684;0
0.1414143564178468;0
0.1159521154052123;0
0.1264495627660581;0
0.27551087099699534;0
0.2049798824895884;1
0.1619242764243418;0
0.1592637105330219;0
0.14234053626789334;1
0.2221306752694356;1
0.16677338659606625;0
0.18783121904391006;0
0.12158790352229915;0
0.749420876293664;1
0.48882678624841985;0
0.680085425538561;0
0.823107233730969;1
0.4965888554542604;1
0.8095453207818614;1
0.7290535574810112;0
0.7812486342761156;0
0.8192919166778978;0
0.7831453978953009;1
0.7351489047917097;1
0.7685206896095977;1
0.761702285278015;1
0.7094575372378302;1
0.6985930654052073;1
0.4709046573260272;1
0.7956443069929772;1
0.8228201911400522;0
0.4700965073167177;1
0.7350170473759562;1
0.5493603139079851;0
0.6790129527495782;1
0.7557171654139095;1
0.7643991317509137;1
0.6337592061718718;1
0.43933997924195156;1
0.27957057856158535;0
0.3796727031196813;1
0.3335587144445974;0
0.3466644356470123;0
0.44171418334983115;0
0.18850508943336605;0
0.22698746724396554;0
0.20209853255300614;0
0.16266327416460483;0
0.1291212089490068;0
0.23914261403409484;0
0.1628100010254597;0
0.14068695614071794;0
0.1470315913430214;0
0.48765051239290746;0
0.35242383154740486;0
0.3210178434423;0
0.27764641482095226;0
0.38507734356597445;0
0.38978671779510293;0
0.4219061559367884;1
0.3214783569079613;0
0.20232682124892326;0
0.1808578978442285;0
0.13330446261622095;0
0.27106635886466024;1
0.36766641399248867;0
0.29724585684458044;0
0.35733368509839486;1
0.4148938909350368;1
0.4172674524196648;0
0.2265777183388449;1
0.34401354464376677;1
0.24398001465148175;0
0.22473313625989652;0
0.20880382147082013;0
0.19924477288527317;0
0.153220608382457;0
0.22303669685617555;0
0.16993249691713952;0
0.3462212124948501;0
0.36425383627271335;0
0.5644456084854145;1
0.27976033220546875;1
0.30882801455302783;0
0.21693404846798714;0
0.19496139969718973;0
0.19217625569035926;0
0.2679637586251099;0
0.2742770564228708;0
0.1922835782971511;0
0.2079848653611163;0
0.330099708848996;0
0.14890395965919717;0
0.3385841866750512;0
0.3995564088541285;0
0.25483089396143277;0
0.16411563749158595;0
0.281143096790183;0
0.12263675967222845;0
0.15242359070504152;0
0.1529830959195685;0
0.5398803577673165;1
0.7327572805003211;0
0.7719629180513212;1
0.5187600714859134;0
0.8035848430889435;1
0.7741497304303914;1
0.6487050292164502;1
0.6541337955256751;0
0.7488663629924239;1
0.5091074190452152;1
0.8735397868863969;1
0.8413765674174598;1
0.7248196116444773;1
0.7813089250658145;1
0.71901898614956;1
0.588255706337538;1
0.7387601924191871;1
0.594660615056546;1
0.8172098813012798;1
0.7795386101587636;0
0.825103278116622;0
0.8913013100260444;1
0.6514605382299756;1
0.651446640113223;1
0.7931085215019329;1
0.7686636504602296;1
0.3601346337358071;0
0.29517183065758107;0
0.4304110526291215;0
0.43305222252195874;0
0.38465076575371604;0
0.8169685394872049;0
0.45633368760712406;0
0.1297859501141075;0
0.5069132417477349;0
0.13922708151106716;0
0.17852705592358886;0
0.483328762518625;1
0.43505560140822147;1
0.2822602659968547;0
0.30527358322637593;0
0.3396644499236271;0
0.2697518519179199;0
0.2616952201927816;0
0.30986046875455;0
0.24232168080810002;0
0.348547490604212;0
0.33097547286904216;0
0.27138667255430077;0
0.42006365002059354;1
0.22777788941135096;0
0.437877595279821;1
0.44430537015414395;0
0.17639234584654723;1
0.1325007065555161;0
0.15868316974369914;0
0.11851371718229618;0
0.2151243050611883;1
0.1564445597052251;0
0.17234621158344704;0
0.1351411668680812;0
0.2971980030976183;0
0.1640265246933297;0
0.22712211970284685;0
0.24829694548073541;0
0.2850412021945475;1
0.2977370640745487;0
0.23162060184379335;0
0.18583899614576257;0
0.2634106974104818;0
0.29416831496814433;0
0.31248166085675905;0
0.314748563406001;0
0.3202166843927603;0
0.22070326631548653;0
0.19603669124850498;0
0.5147916211529208;0
0.6054810961949902;0
0.830638032138767;0
0.38843244920956466;0
0.36821098775565814;0
0.6589955453061894;1
0.7488251011650472;1
0.7541649452207165;1
0.786107039680941;1
0.7027011787046632;1
0.7584835942011204;1
0.8170989997711833;1
0.8347287084747507;1
0.7617384112071058;1
0.7569683318857953;1
0.6713920801451013;1
0.7944061932759101;1
0.22294731574776414;0
0.2438163731326426;0
0.13811079871314286;0
0.32871930210725947;0
0.1231333351679883;1
0.25409369747261257;0
0.24853603474515096;0
0.14564482332398423;0
0.22573466651836682;0
0.24867023963363344;0
0.22127655555758532;0
0.19538460936083119;0
0.41861868366690397;1
0.20837388627171052;0
0.2341960218089653;0
0.26455226449063923;0
0.2298549500239566;0
0.17211729159499523;0
0.3164801568096628;0
0.3375665102833604;0
0.1136187985471876;0
0.17685523767469377;0
0.30664242245371837;0
0.1483401676556339;0
0.18083799249578242;0
0.19861778123421653;0
0.2097682268093338;0
0.2354890135024416;0
0.17392573419458968;0
0.21622551020059977;0
0.10662156521013103;0
0.16209057416940087;0
0.12210622542990736;0
0.1750310171822758;0
0.18818935748997734;0
0.27127886238777765;0
0.2187921320925901;0
0.1582320452901787;0
0.2710332418884651;0
0.302067547245652;0
0.29894867222453236;0
0.3034642148502377;0
0.20678009015440527;0
0.17067020409258113;0
0.19897077359367088;0
0.13681848625005555;0
0.12632696399202817;0
0.1497062720509255;0
0.11198933039328812;0
0.1489412934912241;0
0.21962253382112595;0
0.1954948569339481;0
0.21644781303656913;0
0.18551917009926133;0
0.20153078165304245;0
0.2715002012986908;0
0.18644033332474516;0
0.2777383713398292;0
0.37745358033697246;0
0.20387864946736883;0
0.3231462965810612;0
0.12120723373671982;0
0.2777332325306896;1
0.22309029634302335;1
0.4085468390393337;0
0.32518852835396106;0
0.30963287705313053;1
0.3015886237115337;1
0.3178515976509887;0
0.25574276059074436;0
0.31169820030263906;0
0.3229592058667803;1
0.40641172539988835;1
0.3895783000304467;1
0.30290551268744054;0
0.2607367701094194;0
0.2265633170334292;0
0.20300083129690094;0
0.3112836088215135;0
0.3733345123401018;0
0.3301034504771876;0
0.37316990132701783;0
0.2917398098455867;0
0.2519462877625419;0
0.448969249373305;0
0.32195363106210045;0
0.2772839760644005;0
0.34966132536525124;0
0.5221045124184017;0
0.2613542833017225;0
0.3354135100282074;0
0.3848901850759508;0
0.29507185336185887;0
0.2729004096423098;0
0.3672354864478241;0
0.30838001617247457;0
0.42549472673430416;1
0.5255954477684809;1
0.45595038467199706;1
0.34359065385685567;0
0.4404880129074597;0
0.4960235789787518;1
0.6146733002513243;1
0.3559890149574987;0
0.32937330066197873;1
0.3503572359754465;1
0.3288242741453079;0
0.38538259844333206;1
0.3534295700758011;0
0.2625350599499219;0
0.3536100815679552;0
0.35772957282102025;1
0.3255523704955486;0
0.32855083704391913;0
0.36594010506481683;0
0.35536182658164583;0
0.2834716492559318;0
0.558947490655563;1
0.19317481518171448;0
0.16308976722390817;0
0.16042429414199427;0
0.11995533724953426;0
0.3528096644071614;0
0.2535894520081713;0
0.2636151737982131;0
0.12399621490003757;0
0.21594717388279502;0
0.16212632742100486;0
0.22051698934254815;0
0.21086832762804175;0
0.7310711321838803;1
0.28071237248081815;1
0.20766028351041327;0
0.11967689985662044;0
0.13608424494187268;0
0.46833317871674773;0
0.13147439162060548;0
0.18449501076864508;0
0.20515560379723194;0
0.16471673033637574;0
0.17510315306755272;0
0.17143801744994955;0
0.15021755525196995;0
0.17521776842943051;1
0.13375624050021487;0
0.1319333622484277;0
0.13235107392109047;0
0.1285319337137221;0
0.16013895055852356;0
0.18301951493000865;0
0.20718178250034866;0
0.23020437958588028;0
0.23874072943415636;0
0.1776353415455386;0
0.1641136538827528;0
0.1473410147026346;0
0.18133011296785922;0
0.18766158017920642;1
0.14173181314907993;0
0.2594528168538882;1
0.16039595005359064;0
0.3307289706218508;1
0.1912154068529408;0
0.1860889555315091;0
0.37817375275837634;1
0.2470395850733156;0
0.3246450156717461;1
0.31247133387481285;1
0.19008541429159276;0
0.21490449115158888;0
0.3943813774054016;0
0.2038794577103616;1
0.4246187749818071;0
0.5217066971006508;1
0.13134719606960532;0
0.3676542759902881;1
0.47120852864678964;1
0.3528647226416798;0
0.30857460523045344;1
0.43122055473883336;1
0.3521061630353329;0
0.3328568159181848;1
0.2211744094148094;0
0.1210373401142223;0
0.16836805185973225;0
0.269165036312937;1
0.32899532935997233;0
0.542073089011014;1
0.17960015634120963;0
0.21813903780794627;1
0.2698329477508391;1
0.309800210934449;0
0.32271041380765175;0
0.46204773270067384;1
0.16600794415090384;1
0.1962240297547006;1
0.3155087221016304;1
0.15794721841594664;0
0.19063440952511354;0
0.20443606160301206;0
0.2105205298839281;0
0.23162857098502476;0
0.1401726980229676;0
0.09698372188861204;0
0.25785880348971;0
0.1933744279488639;0
0.21284348586259463;0
0.23262250847162566;0
0.3528023304120611;1
0.18834244859244484;0
0.16491877140282588;1
0.30218191217913315;0
0.2940305626615157;0
0.10746975332409787;0
0.15749004029797134;0
0.15886273050663186;0
0.20901572666221435;0
0.1786262280531051;0
0.1940923017804114;0
0.18687024087897253;1
0.24690698683071385;1
0.1585253736634191;0
0.220463463650118;1
0.13762583388188224;1
0.13718272605657952;0
0.19583190530310743;0
0.2764790264659479;1
0.24535472407187986;1
0.2806604664977826;0
0.1847907440223892;0
0.17690329751805173;1
0.2723775474362657;0
0.23438009563508178;0
0.2553917928393488;0
0.27140646564858667;1
0.2696808786990272;0
0.25954540480463234;1
0.18413918940583526;0
0.19747462136971936;0
0.33324422080354715;1
0.1955437979196891;1
0.24102336581502976;0
0.2020511314325233;0
0.18950001052599055;0
0.17215722740289116;0
0.21196379039428911;1
0.23831734081170922;1
0.2929390508710467;0
0.3187704215764666;0
0.35445687387046476;0
0.20310084162733755;0
0.14199580732024233;1
0.16361450813425119;0
0.39124511745512025;0
0.3262584082014683;0
0.13351236042311182;0
0.34178558322942165;0
0.3521303477458897;1
0.27381792347786493;0
0.31095298803826743;0
0.40281257890173394;0
0.40139922309125264;1
0.2971235314962216;0
0.3789353805216659;1
0.3295338917725979;0
0.4543337870433644;0
0.3195712172432857;0
0.40617435093063486;0
0.2215121126737936;0
0.13402353462432295;0
0.3411776585905556;0
0.24467340205912474;1
0.5109171542253022;0
0.3135972295212033;0
0.3078383219139446;0
0.30762511247613866;0
0.49310877859301;1
0.3693627362711817;1
0.4594766760450703;0
0.20433549684524951;1
0.45694907380559224;1
0.3726866525540169;1
0.30420481009249273;1
0.21108009637303;1
0.1850190896327087;0
0.29041534262916274;0
0.11393826146652974;0
0.32934699137428375;0
0.2721352388384824;0
0.26494985544697836;0
0.4564762391247245;0
0.39392139491540795;0
0.49787261523593057;0
0.2333818835332829;0
0.4188358220983913;0
0.13061747299469756;0
0.1984427541486354;0
0.1847516384201484;0
0.15240958939691499;0
0.2777090650941483;0
0.17000588788037443;0
0.1285824715448036;0
0.07290523454164974;0
0.22629268505544475;0
0.38554503766732606;0
0.21912146236153743;0
0.32712215381665594;0
0.16244877108128417;0
0.2030939761810135;0
0.22990523968230056;0
0.13416922338167747;0
0.16901250997649897;0
0.27816343393772386;0
0.1962923693718319;0
0.14609060413088415;0
0.18065545361862098;0
0.1552684656181809;0
0.166130733494414;0
0.1748577811201355;0
0.23822262602945413;0
0.17628015312758405;0
0.1400507492615674;0
0.25112971937982653;0
0.20062180543482;0
0.31108891429842284;0
0.17839647405220826;0
0.14467275730000614;0
0.12808694066919704;0
0.20147965312568633;0
0.23300762952231638;0
0.32997401868741405;0
0.14171927985301994;0
0.14038577222839968;0
0.2614991854509443;0
0.1141403704654872;0
0.18633190404965438;0
0.2326900621906279;1
0.1344444038932833;0
0.26522865771114856;0
0.260098750566755;0
0.365610128810592;0
0.33687327190740585;0
0.4147851227763037;0
0.5300681662182233;0
0.20048872630529246;0
0.24603141910399226;0
0.31316918896846896;0
0.3274547347808043;0
0.31691608537209387;0
0.3088340698613805;1
0.390546747107452;1
0.4090324407782517;0
0.44662696210937075;1
0.39829332962055697;0
0.38611593538398475;1
0.6483264943015008;1
0.5453371907162556;1
0.5515241924215561;0
0.4146333759454589;0
0.1333068384019639;0
0.1645284617874746;0
0.29469972679422063;0
0.15902653894443267;0
0.12834945292033767;0
0.11423756874197996;1
0.16291520401773005;0
0.23700847825496546;0
0.20607859508586365;0
0.1672482041091668;1
0.2388561011767541;0
0.2067695675023189;0
0.26566354598987807;1
0.17039759468160215;0
0.2188326499793218;0
0.19861594020710116;0
0.2585077619322898;1
0.10828087333990673;0
0.23217653891310847;1
0.3360251280214285;1
0.2742409901133257;0
0.18753992855214185;0
0.2063643973779491;0
0.17403738678897096;0
0.38712737014129334;1
0.17402736092302878;0
0.6677824863133078;0
0.3893830527950424;0
0.2813923835918883;0
0.14202600280405775;0
0.3215008635035576;0
0.813348518919371;1
0.29485907890847535;0
0.3985419581218045;1
0.31797460359432794;1
0.5600386084530358;1
0.1921310796040456;0
0.22640748547609413;0
0.4557121158253565;0
0.21548762772815216;0
0.33051186582199943;1
0.24181465262616766;0
0.24585213988616558;0
0.24077913503506718;0
0.26365640937057966;1
0.2232468177325581;0
0.30248914882106753;0
0.5374513535995468;1
0.273206226769801;0
0.3085435611585456;1
0.5055632066316087;1
0.5530034260486176;1
0.40065361026765445;1
0.2246623668013987;0
0.21236255891728192;0
0.21547655254114975;0
0.1650458548956453;0
0.27012551879859636;1
0.40838291278623595;1
0.12911714019529644;0
0.12390071399799439;1
0.1747803175860582;0
0.22419398755117945;0
0.3177733965177226;0
0.2977709751541607;1
0.12336471628059573;0
0.19962251116892987;1
0.28025319761860684;0
0.17978544578625674;0
0.33827458077820843;0
0.19206989264848673;0
0.23922304620288518;0
0.3268380899721608;0
0.21484765775441075;0
0.36835712448633445;0
0.3437992708016285;0
0.5819318654377418;0
0.22110069453267037;0
0.30571867759318566;0
0.524125522308328;1
0.24834825414730635;0
0.3184709269474438;0
0.2092143856379807;0
0.3518634787872312;0
0.6903054589232753;1
0.7401506098791052;1
0.4495040601025678;0
0.4877411003464092;0
0.17058713431201356;0
0.28206993974858185;0
0.38854175224434084;0
0.31717110842710644;0
0.3348521742145705;0
0.19274016687969475;0
0.18753694052496;0
0.18291891770770244;0
0.29966329909131395;0
0.17843421243294436;0
0.10148296676931726;0
0.19774964623702995;0
0.3352691628495874;1
0.16027538073857042;1
0.11552272687437838;0
0.17140021575801268;0
0.26259358785258863;0
0.11696147326403811;0
0.08275823127859147;0
0.4684650958080681;1
0.3309874515355579;0
0.5831797047527258;1
0.5225836566531952;0
0.688933192725446;0
0.18006910491067554;0
0.11708048204156186;0
0.17310033093629676;0
0.11416175799641705;0
0.1426758279943872;0
0.2388993272062626;0
0.4278395814581838;0
0.3293798720696739;0
0.24973341410849229;1
0.3243354264911559;0
0.4965665444611058;1
0.30607179498382714;0
0.1552052720625186;0
0.4652102306435783;1
0.4745748189685946;1
0.21875790187550034;0
0.3793274400070795;0
0.4327124655539246;1
0.31707310568584063;0
0.2534647807681218;0
0.4269289981555824;1
0.36874935139558795;1
0.4443283938348503;1
0.350593184166884;0
0.5062455547570026;0
0.678785050445309;0
0.6714592622916723;0
0.7559186850162808;1
0.25476614585789314;0
0.20308123066851466;0
0.2373141034415191;0
0.192581073329539;0
0.288341487812961;0
0.1440184700459537;0
0.16155679199456457;0
0.14273968779208843;0
0.1170109291215671;0
0.12023952009538172;0
0.15333515149856225;0
0.292089243972321;1
0.3714906933231049;0
0.24968711820318362;0
0.23947599190479024;1
0.21283301232072058;0
0.4263356139962324;0
0.19510140070255116;0
0.23651073360397398;0
0.2626989737275489;1
0.26819553708531146;0
0.5379062712040225;1
0.2338146017712652;0
0.2007534118036796;0
0.22465374344492106;0
0.31028865326483185;0
0.2790218642676721;1
0.2966849744999928;1
0.2217219124553245;0
0.36525463125388824;1
0.20428775800898502;0
0.2156379614473967;0
0.24159927846398274;0
0.1920888384246211;0
0.20932110771910106;1
0.2761139894606182;0
0.3026186144169489;0
0.38555803701943486;1
0.42201690697338284;1
0.3373261723386506;0
0.1368272127945943;0
0.1182633091150593;0
0.40706906420646166;0
0.5239487784606843;0
0.3852442449391353;0
0.4224089461794585;0
0.7072134456745293;1
0.4591179241586444;0
0.45568447813471175;0
0.3579747290271299;0
0.43824806210551887;0
0.39364778128736955;0
0.6494591326352099;1
0.5897049578321689;0
0.1723069491883611;0
0.3685352198805175;0
0.09954550912581271;0
0.1184443462408646;0
0.19245118706847472;0
0.33860930370637515;0
0.2508243376866908;0
0.21010106425371491;1
0.17940526480273616;0
0.23509031395749713;0
0.22969754102640635;0
0.24211327826305684;0
0.2620978593077199;0
0.38346410080455073;0
0.45051369599340885;0
0.2547209381483942;0
0.46950013961466464;0
0.6559677763484546;1
0.25650755665252556;1
0.2709829941658686;0
0.33769085431622153;1
0.2015655585070754;0
0.21871736826902174;0
0.30701745203914893;0
0.1947067826175619;0
0.1080154039165632;0
0.13099576915388195;0
0.2280100410845427;0
0.22390573386415472;0
0.25562434563861935;0
0.3078909443373761;1
0.1992145497976019;0
0.2217513071409563;0
0.2283367636410198;0
0.25920771715634366;0
0.21235279125252574;0
0.24836477891854714;1
0.3435989120861641;1
0.49312852249540107;0
0.5112167248160778;1
0.3462294969126215;0
0.36578988482941804;0
0.41594698060517726;1
0.4782044943162427;1
0.5871619187645498;1
0.5283874399581504;1
0.5880187838217654;1
0.5564354405962608;1
0.5826168910133559;1
0.1292228444243284;0
0.16536316117813488;0
0.15961721473302562;0
0.10489874131678692;0
0.1683698314529486;0
0.19198270874592602;1
0.3630677262750103;0
0.09054638835538359;0
0.1444611669668625;0
0.18818804365818348;0
0.17883505243255818;1
0.2041385343205274;0
0.1166528830105492;0
0.23350735468023695;0
0.3689794928015034;1
0.38189882127651315;1
0.44352156282740013;0
0.4880388130381093;1
0.5195868170992447;1
0.27957605860193013;0
0.3805671031808734;0
0.27051754113517745;0
0.23886890781246453;0
0.21759237670849463;0
0.15306899079292463;0
0.19941105189670233;0
0.19847829491837438;1
0.12834426547942557;0
0.21261492946792976;0
0.224234272032865;1
0.17010785387995425;0
0.14983168812213132;0
0.16410820228356313;0
0.26373718809890045;1
0.225957089619537;0
0.30008927818172587;1
0.19112368432486096;0
0.2872607322370159;1
0.20140772664449105;1
0.21862561719842846;0
0.18354926192180246;0
0.14352268852587294;0
0.2537859218181817;0
0.30093633227858146;1
0.16978694444032044;0
0.1952742732580969;1
0.1376457362173952;0
0.16988915864432777;0
0.3724378483180436;1
0.20313617067022222;0
0.21614705403431206;0
0.2279856909352022;0
0.3404709191750379;1
0.17732829678126136;0
0.2571096929602879;1
0.26359920892646654;0
0.18190367027142382;1
0.3745306326370875;0
0.21149422526803702;0
0.3077504015208956;0
0.32214202166998845;0
0.2619753897001623;0
0.13212528073889548;0
0.11075188772863644;0
0.2028770910831249;0
0.1397185953412672;0
0.23765544540192782;0
0.16144825928835607;0
0.2302099622075008;1
0.1748007953456175;0
0.2809858740685358;0
0.21544983573966567;0
0.18704132475886837;0
0.15141412613690225;0
0.15234762690319734;0
0.19062915125891194;0
0.24312446198771148;0
0.17906122393040633;0
0.21790424315709794;0
0.24885568509034622;0
0.25495468285466966;0
0.1780862093027438;1
0.1526457626318148;0
0.19153809677163894;0
0.24313624056012897;0
0.27188624347683654;1
0.1755650516192495;0
0.19365434246893218;0
0.2701234036524121;0
0.28469867376464103;1
0.18565173204697638;0
0.40602185639290705;0
0.21736129074221605;1
0.3200663371391013;0
0.13304549393914078;0
0.2438063452940637;0
0.21595485911608878;1
0.3652461119822517;0
0.47157594657311386;1
0.33107625745818314;1
0.6590355061564597;1
0.4342831120613971;0
0.25512511600426063;0
0.4131256289377927;0
0.7315448524953341;1
0.556427347846301;1
0.7776496145042917;0
0.7432428293534792;1
0.8088375500604182;1
0.7146426328286272;1
0.6563061813589137;1
0.7587659976607085;1
0.13104746755954086;0
0.3761489104637409;0
0.2771092034189978;0
0.45848425948280513;1
0.43616565441751176;1
0.38840835121341977;0
0.3858119768603365;0
0.18462874036174023;0
0.14505261509801515;0
0.23612485552653398;0
0.7697214048547981;1
0.7465460477646131;1
0.5760691163074049;0
0.7351878992962173;1
0.8249879139715396;1
0.730698770933542;1
0.5975391746821417;1
0.7475495491973254;1
0.8181584258392568;1
0.7790375725296554;1
0.7951706005770884;1
0.6254740684153688;1
0.7286599577203536;1
0.2703245120935831;0
0.6978446762807035;1
0.5325811300718724;1
0.33907292344304696;0
0.2114810855868779;0
0.24688094607725014;0
0.22502737055673103;0
0.3010552967519886;1
0.24547906974656225;1
0.13797124414995363;0
0.14472460063427497;0
0.1852981279294953;0
0.203202290891347;0
0.32594157744193625;0
0.23324904990867054;0
0.14572393962337857;0
0.4763267146535206;1
0.606752341463975;1
0.7042914337602372;1
0.37929258874534283;1
0.28774841828694514;0
0.5712877830362982;1
0.14073006730015117;0
0.30728883131219936;0
0.26520412021019474;0
0.16253409759462217;0
0.1421347568312606;0
0.1927285896241208;0
0.4242313032673261;0
0.1487766800426826;1
0.11697516806263421;1
0.15061628199202093;0
0.11107897350138062;0
0.13005683723817313;0
0.34816032359592597;1
0.2639838092615602;0
0.17135069891968646;0
0.1745173423856873;0
0.5110690181457824;1
0.18101666802618332;0
0.3309289646177363;0
0.24721377184637816;0
0.19700374574782067;0
0.21391780932372279;1
0.2671492540939084;0
0.21058476798114265;1
0.23478738606565866;0
0.3162795729484364;0
0.24491460221394176;1
0.4243801875304497;0
0.2922074690270467;1
0.3150656391405385;0
0.2601732916820364;1
0.1887630991147198;0
0.39381194685165194;0
0.3170759205155473;1
0.34039215444690596;0
0.31802840425660894;1
0.33757363982758665;0
0.2241257413776389;0
0.16632866138737687;0
0.28811258871079626;1
0.27857058419770653;1
0.26792382848355584;0
0.16670367070417588;0
0.6828635505541083;1
0.19676092078623905;0
0.14755716064443233;0
0.1912901664397837;0
0.1968774510894435;0
0.1451016876281556;0
0.11230974349549708;0
0.232509747563462;0
0.17303570307850494;0
0.2970927597835434;0
0.44562687220192365;1
0.23814531449635767;0
0.15216260079805213;0
0.2085963172763964;0
0.1970445068029257;1
0.17680240487014504;0
0.13162973524211324;0
0.1552864683311256;0
0.4252191740215027;1
0.13062046814643166;0
0.1462608581749336;0
0.3954471778978136;0
0.2914627146473602;0
0.4749260779892069;1
0.3831708425501271;1
0.506809489326251;1
0.5647968542139689;0
0.166109823101994;0
0.2977606995764021;0
0.2777021846624857;0
0.1554656865259784;0
0.16982536301074935;0
0.2047547378316498;0
0.4713239268464079;1
0.3421618643109742;0
0.22409990830515575;0
0.34217884842239876;0
0.6985242093627407;1
0.26704450569813537;0
0.434943860295032;0
0.764391557437932;1
0.21058519736553502;0
0.2602217752058821;1
0.29028890099920496;0
0.2500456265123652;0
0.1851974812343125;1
0.2819177658671891;1
0.2662672149058525;1
0.22070988689420126;0
0.1846384817439169;0
0.3000929330859454;0
0.30796088091369234;0
0.19104564172917454;0
0.17323773546437937;1
0.30137766074708144;1
0.13964709404293868;0
0.3423979137972361;0
0.18155274827327916;0
0.3976006918339679;0
0.21630105055764198;1
0.21165965604704678;0
0.31331315935886106;0
0.25230140458565714;0
0.18592918128711464;1
0.3048965280975946;1
0.37234609676809893;1
0.15629055935318573;1
0.25500259243054235;1
0.4163704296035953;1
0.4086655684230788;0
0.511783556292633;0
0.2474877471061167;0
0.15441451752104132;0
0.20856706180924267;0
0.129966943150777;0
0.27008767681953144;0
0.1681238232242957;0
0.5389160726115146;0
0.42104123244737557;0
0.3143790438203641;1
0.37454276190184443;0
0.7243387805025556;1
0.41747654201050655;0
0.25520609786115817;0
0.24933854313201675;0
0.11141163582171751;0
0.19524094763857683;0
0.273247535168668;0
0.1900879014049343;0
0.1439598555361249;0
0.14781124329640039;0
0.12742861006961956;0
0.27215050356826165;1
0.2693299335977331;0
0.511521786796404;1
0.15260608666726114;1
0.18378045327068168;0
0.31862971136960944;0
0.2909030771588655;1
0.3066057500086908;1
0.214764249312334;1
0.2563711626202255;0
0.3453150796533149;1
0.1637577002583911;1
0.2353474318620232;0
0.23880520585914297;0
0.20686020920044929;0
0.3176766610850064;0
0.30308946846484536;1
0.27710781708376786;0
0.19440026053876555;1
0.34641219798632894;1
0.19514246771700114;0
0.20005157991867073;0
0.1658643362628618;0
0.22402491485334425;0
0.26602755857917526;1
0.2576621653735724;0
0.23164131580957215;0
0.315340550876164;0
0.2072909197362943;0
0.25418240882152426;0
0.4682891060121141;1
0.5159935514309352;1
0.4343614051968505;0
0.1894603605357881;0
0.14640474964215727;0
0.12941254655173165;0
0.11579344636186446;0
0.1396091305217409;0
0.2022587773401767;0
0.1718645319621112;0
0.15020990685035393;0
0.4072744153242528;0
0.41960467081667774;0
0.635026184747112;1
0.47142273838232696;1
0.5144279345088008;1
0.4917003081921118;1
0.6873901240060417;1
0.34920451841182965;0
0.3932435058042473;0
0.4520393508969713;1
0.5282981488530554;1
0.3841909434082907;1
0.4178837021177086;1
0.24017488199403536;0
0.5100679718975961;1
