pred;y01
0.7062220775278611;1
0.9841776545827821;1
0.6551372145942371;1
0.8011441381596209;1
0.4611707904922496;0
0.36879527106927545;0
0.35761418622807706;0
0.7253151348267205;0
0.4593365957743343;1
0.17536591924535108;0
0.7854140867756071;0
0.7947304621589286;0
0.13494546424918613;0
0.5990578095956918;0
0.40459496280231844;0
0.9776745389079826;0
0.9343726121584914;0
0.6288014949474755;0
0.8877256706815497;0
0.11858088335035138;0
0.9365967005120228;0
0.4876909029984614;0
0.2526082196435094;0
0.5724871089887362;0
0.31154986367503223;0
0.1445321250623605;0
0.41815874020167376;0
0.9554868775437453;1
0.91891069523929;0
0.9413207998798331;1
0.8902912874713153;1
0.5907270645308248;1
0.8661425487432816;1
0.8100237409341068;1
0.9752689306813493;1
0.24588372556021318;1
0.7475958186147197;1
0.30033494762188007;1
0.7304246684373682;1
0.9039259702980766;1
0.9681880680903525;1
0.9427411265244466;1
0.8317985861391632;1
0.7712438290970146;0
0.6860203311979832;1
0.24443390383891456;1
0.9649562175665245;1
0.8415308005971176;1
0.980008058473812;1
0.6410571178049168;1
0.7659359597660171;1
0.7141270956939223;1
0.6333085731284634;1
0.48251761649023794;1
0.4101797230036355;1
0.683658603756717;1
0.9874473949353716;1
0.8995705355438453;1
0.9170404403074942;1
0.9882352941176471;1
0.9887586909257475;1
0.8006737989548196;1
0.8125930014081122;1
0.6569185963943878;1
0.28392825467361305;1
0.7199721646004439;1
0.9655878946282004;1
0.8571185211867148;1
0.8039232918177975;1
0.9246988776481141;1
0.992156862710653;1
0.8275001074763775;1
0.9920994393964992;1
0.9839650022099896;1
0.7582650636354481;1
0.9882352941176471;1
0.9160559235022202;1
0.43780641540865606;1
0.2643950781419422;1
0.6100976752480898;1
0.9854166312287381;1
0.45944079840896623;1
0.8714386653955343;1
0.984313725490196;1
0.9764811903591761;1
0.9603397751872688;1
0.9678646096585931;1
0.9835689903929226;1
0.9788376709561449;1
0.9775188722638801;1
0.9921558111568828;1
0.8261517299630033;1
0.9323197984849487;1
0.25227406236157157;1
0.9713729972794422;1
0.9806173588912366;1
0.21032002938660374;1
0.927258642384787;1
0.4102775255537202;1
0.9921568627457698;1
0.9610571970499477;1
0.7641357975231858;1
0.9641818615490869;1
0.7905598020839407;1
0.9915774234939084;1
0.9431003561000736;0
0.9243905438587491;0
0.24479699365527136;0
0.9404062030846817;0
0.694132386610293;1
0.8846026124301212;0
0.8399439500327075;0
0.10303125614784645;0
0.9802826672064421;0
0.2438583879492398;0
0.8273976414400895;1
0.44669744682423557;0
0.6826672739841437;1
0.7417061349706472;1
0.606642059795977;1
0.864905506318562;1
0.5408931041009277;1
0.7742983486462054;1
0.7426443204545915;1
0.9842834615972993;1
0.59969434961351;1
0.8913461778948937;1
0.9592724649393696;1
0.6155347059253772;1
0.9929632435065787;1
0.9303643715457585;1
0.9725451311847453;1
0.9803400823030116;1
0.3154589926845153;0
0.9882205976886627;1
0.04070910478401266;0
0.42749431079635447;1
0.8263517898432677;1
0.19998351120832658;0
0.30180891723523584;0
0.8449530548104351;0
0.16509353240237892;0
0.2739664592878609;0
0.6666953387108224;0
0.0683167368171238;0
0.04293385056106682;0
0.09619180946082385;0
0.35419531006116217;0
0.3760216325686801;0
0.45607810304711366;0
0.6214588917561057;0
0.8396670472380457;0
0.9587663321630235;0
0.8863777006078964;0
0.8095873369386184;0
0.8793656372558136;0
0.41496801110276743;0
0.23022325001915342;0
0.8147595972108695;0
0.9668122239090239;1
0.1519175140994239;1
0.06672495879110911;0
0.5687001939220884;0
0.6032768207607786;0
0.9283687010764559;0
0.15579979382941297;0
0.2617775031028109;0
0.7373192852003555;0
0.07950493488146755;0
0.06723613518020986;0
0.996078431372549;0
0.11294630316838955;0
0.29105740090261734;0
0.31406970894748293;0
0.561326948169793;0
0.04059072752686111;0
0.9844984067198476;1
0.9827489542646997;1
0.38399745144995834;1
0.30747421448073664;0
0.6557337900992186;1
0.5129093631025723;0
0.9725517935078719;1
0.3876450630896202;1
0.07868663025397261;0
0.24306942147373511;0
0.9189381492653277;0
0.4669723672019948;0
0.9610061202311994;0
0.8762443895159358;0
0.5882454989844983;0
0.9628952295797059;0
0.30705241971011127;1
0.9792139456607162;1
0.962844940735029;1
0.9725487131880659;1
0.39548349240590863;1
0.37746053906639576;1
0.8611744346403325;1
0.4625454411851161;1
0.9714905370960984;1
0.9531260457086463;1
0.9197987334967919;1
0.7412631566776011;1
0.7814204899876237;1
0.6448306118049734;1
0.9759384428777617;1
0.9356587968034066;1
0.9802161594423372;1
0.5736893490126517;0
0.449158220430644;1
0.5236820971089012;1
0.8476166616424509;1
0.7463071640736618;1
0.7468774882799729;1
0.9271398677221918;1
0.9747849210061541;1
0.6108558040625683;1
0.9692132600427904;1
0.9501936061617927;1
0.9843053495990228;1
0.9350317640246987;1
0.9460253265334138;1
0.9692587172655363;1
0.9764705549833524;1
0.8094673001777658;1
0.8271992176951151;1
0.9608361345748152;1
0.9460234805900861;1
0.9667417005119013;1
0.44175468055324985;1
0.9128683700150856;1
0.9095408333742293;1
0.6641429153002708;1
0.9463418118136209;1
0.9882261652198263;1
0.9734196858329474;1
0.9843137254896124;1
0.42501541310503055;1
0.7054179433487549;1
0.958543828103772;1
0.7610606926327941;1
0.7823945287494731;1
0.6530020282325575;1
0.972556783452989;1
0.980179133215623;1
0.8354468311717904;1
0.19556960487355213;1
0.7547500264357098;1
0.8593957536470629;1
0.7968983895829358;1
0.7559674324467099;1
0.9646310532958018;1
0.9853454275372027;1
0.9299541546153348;1
0.9849038650302481;1
0.4015960041887796;1
0.44045116146866464;1
0.19006181188535523;1
0.9724613087684494;1
0.9753673518989631;1
0.9682397334699834;1
0.7540883062022989;1
0.9512666946406022;1
0.9916798258534483;1
0.9889812132946824;1
0.5436132223793453;1
0.9763988795197095;1
0.8505259207428431;0
0.7983886188897529;0
0.7999951650013937;1
0.5155467003620968;0
0.879480352036867;1
0.8592468348569191;1
0.8456059846167702;1
0.3196909905526703;1
0.4196548925764938;1
0.09979183993739438;1
0.8825435414011483;1
0.9134214777040977;1
0.6477443740723857;1
0.30976271970039737;1
0.5799961222125954;1
0.9843137253372677;1
0.9882575765023766;1
0.9921568566061856;1
0.9764705880131089;1
0.8043756119767844;1
0.5432077748521356;0
0.8301410587502495;0
0.6927190939990249;0
0.4988675167771805;1
0.9568820355521304;1
0.9960784312394455;1
0.8431922818263183;1
0.646422479851242;1
0.6873449050625917;0
0.887187673530486;1
0.9244305201915283;1
0.3977578571543187;0
0.9163812907662007;0
0.9442552513428872;0
0.4181077957516481;1
0.6681718310598378;1
0.9705500711171886;1
0.6715804557759592;1
0.8768587416969491;1
0.9850047486981017;1
0.9921365449063178;1
0.6292954627788048;1
0.9804290294203525;0
0.582860889744475;1
0.9855945095732491;1
0.9790860153504534;1
0.8715742037273413;1
0.3746253423124905;0
0.653711876827964;0
0.6383457250820618;1
0.4132841923669109;1
0.870720715570167;1
0.3196753979610025;0
0.5974214779496625;1
0.9633453197353501;1
0.7443337349923591;1
0.9465949605192262;1
0.8178926972809871;1
0.9491595605817635;1
0.660859483242221;1
0.7346562909032328;0
0.38586581168784884;1
0.9342103535055317;1
0.979738331085802;1
0.9151673359693553;0
0.39425186832523695;0
0.6957586548047309;1
0.7590385974900989;1
0.8469793048439423;1
0.9830575520984923;1
0.9881497138141836;1
0.4468001547659487;1
0.6489675475011693;1
0.968631202425133;1
0.6564355695394016;0
0.8706199979497815;1
0.5493622514018897;1
0.8439683641945263;1
0.9543719246077453;1
0.879385303697675;1
0.5659042586556845;1
0.646371189958662;1
0.9713141017936315;1
0.7918023959834507;1
0.9660295616064735;1
0.924343773827539;1
0.9637583969116678;1
0.7972445468008019;1
0.8905170309695748;1
0.525073739573801;1
0.6912520056002086;1
0.6315431279750376;1
0.818413886162556;1
0.9505906640338676;1
0.8544921360729648;1
0.7406021534072532;0
0.9625545172436976;1
0.4378228358676491;0
0.558053031054348;1
0.980975518639836;1
0.9119555862471708;1
0.6952576372386512;1
0.7902613545120062;1
0.9060946851879875;1
0.7232432403284746;1
0.9405909856974218;1
0.32599257302279794;1
0.7540650216594902;1
0.9450371115332665;0
0.7528978304561273;1
0.5126291219741466;0
0.539581917477187;0
0.9843137253380824;0
0.6278215487264382;0
0.9842973530850734;1
0.9921568627450981;0
0.8084064993080462;1
0.9921568626770728;0
0.979019317490626;0
0.9757286942038679;1
0.9658881461734085;1
0.8754637362518802;1
0.9885638134631011;1
0.974567039300741;1
0.9686396574760195;1
0.9478762065568488;1
0.9086824627319245;1
0.529196336091897;1
0.8458297024884074;1
0.9414999125713959;1
0.8057641359229752;1
0.18156399202572815;0
0.3804634989386816;1
0.98823524477426;1
0.5176727372897908;1
0.2991990888104433;1
0.7888212209880071;1
0.8034927229700778;1
0.5477778118814862;1
0.9759680416526739;1
0.9921543423598194;1
0.6067770837945289;1
0.5057652754645612;1
0.9803921573401916;1
0.9374063624224546;1
0.7776057422026528;1
0.9882352777259369;1
0.9833982746150158;0
0.7706215169487556;0
0.9637980671016682;1
0.9587889815661825;1
0.9653767094073685;1
0.5939309905351656;1
0.43012839429844035;1
0.6151055610515175;0
0.9803921574071298;1
0.9891393706279666;1
0.9803381485432048;1
0.9921568627450975;1
0.2390586271344254;1
0.5966036109517224;1
0.8810318026454121;1
0.8731164017075039;0
0.9327925609889982;1
0.8819906801028492;1
0.892060543267251;1
0.7124979862598175;1
0.7025074057195564;1
0.8661933966921108;1
0.866981386417599;1
0.9725490434440918;1
0.9882336707154774;1
0.9526488682641672;1
0.6449824821412289;1
0.9026835743288116;1
0.9153692976269164;1
0.9819796613994117;1
0.31324216300268837;0
0.0801389356031205;1
0.8891638942308002;1
0.44516093041123633;1
0.8517514342137099;0
0.9407438336544804;1
0.0882394174045134;1
0.9811671567372104;1
0.85744398236404;1
0.08324843117208622;1
