pred;y01
0.1824158622866375;0
0.15874084192552013;0
0.13239444229713043;0
0.15320787068516858;0
0.32051557308901524;0
0.20497668987209644;0
0.204926110870003;0
0.24349931516597673;0
0.3365783981453784;1
0.1514474853538968;0
0.16737186479832547;0
0.230953468953837;0
0.2178188205842025;1
0.24276967143156997;1
0.1733951146821829;0
0.162672389077249;1
0.24510095814488905;0
0.3306852561245142;1
0.1923385661233789;1
0.14335624174732173;0
0.1404952620124053;0
0.1850494574283666;0
0.15751471487499877;1
0.203671544602006;1
0.1283044021621776;1
0.17697610393999322;1
0.17844259828352313;0
0.28741158724107085;0
0.45073518968688875;1
0.1973151356576681;1
0.20016678840383145;0
0.24504181941832684;0
0.1949182962601747;0
0.3702366355760203;0
0.2853564430396906;0
0.3608527711866225;0
0.29320263618552855;1
0.3126379066087661;1
0.3529697444042781;1
0.3181824360281748;0
0.3638235910767017;0
0.1601224779882346;0
0.15604206185854824;0
0.19129428439651958;0
0.32596904492654843;1
0.3319745877730503;1
0.3562811612787577;1
0.27778929659675883;0
0.3521526135423822;1
0.22675140779858385;1
0.26578937127927377;1
0.38686527355030675;0
0.23739797961608153;0
0.2544188297664345;0
0.33418247242078436;0
0.46210361950945583;0
0.36663382009239454;1
0.14005405691015546;0
0.2633559343766914;0
0.35341159146237283;1
0.5114468965082539;1
0.23079490277214174;0
0.17231243359130155;1
0.33808078696354016;0
0.15247505059032693;0
0.4476642073168347;0
0.19530982650977197;0
0.20622423424963332;0
0.19982391286323553;0
0.13368672057317182;0
0.13112929586897562;0
0.16111275323803217;0
0.17615772050145026;1
0.17948622123826405;0
0.33289971682743635;0
0.3250423811178398;1
0.21511475616531278;0
0.23663779214297084;0
0.30467687347532435;0
0.5574420434536881;1
0.23424902957602553;1
0.2785071874240212;0
0.5066951586742255;1
0.309518669917324;1
0.3072957029057466;1
0.3248063406028062;1
0.3261556035505264;1
0.399519254511232;1
0.3667076052082559;1
0.2643928748239878;1
0.4544034092015698;1
0.2835548093864851;1
0.4736630469208358;1
0.28110041915045664;0
0.31175060230171997;0
0.4870546542339462;1
0.40669963605208537;0
0.34860739389687223;1
0.31633429080791975;1
0.37176257891455194;0
0.2827910100900546;1
0.3786842924901462;0
0.3923575504632451;1
0.24395625748400923;0
0.33689447608540657;1
0.50528448934407;0
0.30330219292187865;1
0.3966192655468246;1
0.1948229051513166;1
0.37211439445335115;0
0.4003125739475216;0
0.31373522104678414;0
0.41882475730329455;0
0.2512270592504785;0
0.16990250308957272;0
0.14023449103081087;0
0.48532183826452185;1
0.312603426092475;1
0.29665760700186805;0
0.32387641675743317;1
0.43360127236005713;1
0.4090729430853118;1
0.35933207619785235;1
0.3359858541120088;1
0.35068755608627;0
0.37662684531790935;1
0.433174331938672;0
0.24029601248178975;1
0.2873465995802927;0
0.3848414736631538;1
0.19720852540211425;0
0.39737207024170845;1
0.4213296519853694;1
0.39461602729613987;1
0.35489912566813137;0
0.3624769435249388;0
0.14518162302611018;0
0.12395954232094974;0
0.1591786931276496;0
0.31087008245014186;1
0.19402364355996776;1
0.3198685061973302;0
0.21788762057797798;1
0.17349356897681448;1
0.16772695988840575;0
0.31352201136399316;0
0.17567758654246318;0
0.294170634992601;0
0.19803823568553855;0
0.25923211736419094;0
0.2017008371304437;0
0.2943271478962036;0
0.2342881135056398;0
0.2734313322792696;1
0.4361361310046498;0
0.36828038260223545;0
0.3667725267831761;0
0.16449034084480815;0
0.11895904161001071;0
0.14569263927440723;0
0.12288478575057186;0
0.18900698742932026;0
0.1823695559621207;0
0.3822466580337274;1
0.19792838193496617;0
0.2722507306283089;0
0.4826775912883237;1
0.45776100960253474;1
0.4827873842092669;1
0.44074235942007567;0
0.3792052266220342;1
0.3174732877953225;1
0.4731406390478315;1
0.3836917309428014;0
0.5183798994606552;1
0.404835847833873;1
0.5628304331481645;1
0.5202540789200135;1
0.5432907859152225;1
0.48631205605645766;0
0.40075883642454857;0
0.4599592198382498;1
0.44560034884184857;1
0.4846271034234618;1
0.3875249172093044;1
0.3012282053321099;1
0.30448985584880994;1
0.4599266485160732;1
0.6020957275106997;1
0.512804850150592;1
0.48644589105953695;1
0.47763612281376094;0
0.6564750426535563;1
0.4749053985511421;1
0.4212350285770084;0
0.3902487903890877;1
0.6154144101606516;1
0.7758002073209913;1
0.5587945380547145;1
0.6370784860814787;0
0.534180081314003;0
0.50815619704953;1
0.6609392554029216;1
0.4598282250411586;1
0.643021000686128;1
0.4035048950923458;0
0.36044511447338673;1
0.5190599909147218;1
0.3136554885657828;0
0.4306707003049852;0
0.24728761375588562;0
0.1517125596813691;0
0.18790352641460248;0
0.16986806037304789;0
0.15159253578834014;0
0.17285465785664098;0
0.16602104954324068;0
0.5126429519298082;1
0.295090667311694;0
0.19186764194209877;0
0.21074595628956677;0
0.18026112433324484;1
0.4034783241079452;0
0.15626754005622864;0
0.2765328178163317;1
0.2636869572118489;0
0.22517956635313263;0
0.20895979888497943;0
0.13981184021225287;0
0.3656183328946135;1
0.21496720828160895;0
0.2488963950595848;1
0.24174985369303598;0
0.269456057919662;0
0.2579978140937839;0
0.2891744348629404;1
0.22651209442912934;0
0.3213575171947571;0
0.38222976356226596;1
0.2285678420616898;0
0.15480419317526517;1
0.18406021614991477;0
0.11010154406355756;0
0.3622671737819283;0
0.35585399654823113;0
0.13967815482343351;0
0.1854880263031174;0
0.15814967446427772;0
0.16845824729175268;0
0.15839604800421012;0
0.23090385441443823;0
0.22610516254878926;0
0.12296533852843677;0
0.15002914719937538;0
0.23263297334190894;0
0.23771133304035577;0
0.1869756879986399;0
0.15753725461477386;0
0.16933225111970052;0
0.1702808071453224;0
0.13015046623123094;0
0.14412083962994138;0
0.1856370802449456;0
0.19356526710973213;0
0.16724337018786975;0
0.2064371715958894;0
0.1390794045086426;0
0.23606456668590126;0
0.22213088070789438;0
0.16010559851426417;0
0.25350349488138774;0
0.20186208550264212;0
0.1521232995474169;0
0.11586614392179825;1
0.2653060905231061;0
0.15946152360868365;0
0.17170561335923626;1
0.19701186554441047;0
0.2265459881227294;0
0.16435317170930722;0
0.2827550006466612;0
0.34940196036288584;0
0.27750633694948157;0
0.2696025962253371;0
0.27789394029469633;1
0.34193282352424537;0
0.3065698448262166;0
0.33684006013910783;0
0.16268984979357998;0
0.14333807352462197;0
0.1973774177058153;0
0.1683162714466791;0
0.21032114048248632;0
0.1887274114835529;0
0.41961308144722387;1
0.4117868870419168;1
0.1372598010995318;1
0.19269206917763296;0
0.2075922039374848;0
0.2598822057267686;1
0.21354822098403456;1
0.1307193995689778;0
0.2807908752751568;0
0.22477912499722652;0
0.1407737178911731;0
0.16848551792189284;0
0.21814746538235488;0
0.17937155240056166;0
0.17809806620625016;0
0.33385784326593326;0
0.23971208297802094;1
0.3404066246676705;1
0.2994761879848376;0
0.27913895413647977;1
0.2420244648256964;1
0.1646516781049332;0
0.20473989159664088;0
0.29716847859675394;1
0.15339084186511345;0
0.18181035694489267;1
0.377437412465288;1
0.21821880577860378;1
0.21773556416345594;0
0.2165681856067487;0
0.24009589101435816;0
0.22745139094217626;0
0.20362503200020762;0
0.13462834184729533;0
0.2052887913834383;0
0.36307628632979316;0
0.3014560866888007;0
0.12774045270657094;0
0.18920846043559833;0
0.23859352586007215;0
0.17703692427068468;0
0.20791894910399317;0
0.3207380737404203;0
0.24722622168279165;0
0.19372330868460064;0
0.1752215875482414;0
0.15693118570557835;0
0.19176437110232022;0
0.17905000699335102;0
0.17536052973262428;0
0.16974948127719236;0
0.21076955854772003;0
0.12354336915106959;0
0.17327206234361262;0
0.20742846950859628;0
0.3139631751601797;1
0.13256515365237792;0
0.1437717706988115;0
0.18289068825312027;0
0.2005391660726962;0
0.20155341705712232;0
0.2229641043119192;0
0.1619043171831116;0
0.2006630332317104;0
0.29020964448988107;0
0.14420590483233747;0
0.1971952079269295;0
0.11644627521317014;0
0.18457897321112163;1
0.12867341714082162;0
0.17151530656503267;0
0.19730044446794898;1
0.20674035704140187;0
0.1604614771263753;1
0.19379919540445767;1
0.129011525955921;0
0.23430951585794108;0
0.1152135209397501;1
0.2881552815013462;1
0.14071518166995356;0
0.2918803099183577;0
0.18653066145080147;1
0.3032155792600348;0
0.41322029678098415;1
0.20358841163295396;0
0.12004746954598217;0
0.3476917876461864;1
0.41261413346993236;0
0.43842361166514054;0
0.23732125007081692;0
0.460016867726676;1
0.6640459469486996;1
0.6558261944431131;0
0.3661057329095347;0
0.6239216013202404;0
0.6553814287352493;0
0.644930176272097;1
0.6453429576059562;0
0.7264643982542626;0
0.8315323516822999;0
0.5893211112667609;0
0.7980055768928763;0
0.5376925263015497;0
0.6337854063078264;0
0.5477942902991763;0
0.35908503670598885;0
0.5497861416354848;0
0.3706833315736037;0
0.7076275241040096;0
0.6003087877191198;0
0.42083584233476884;0
0.6421659742121003;0
0.6899086991320305;0
0.5289900894044247;0
0.4281700704233335;0
0.35694242500551204;0
0.27948340557961754;0
0.33669022979566626;0
0.25538320368328915;0
0.14756299272156642;0
0.2554534187670003;0
0.3069748790130481;0
0.3402742032484284;0
0.4809315974945827;1
0.21361520302423168;0
0.22485922469333877;0
0.36004395629700797;0
0.33731065410687644;0
0.3849233642001519;0
0.3639919223401083;0
0.3178745568345367;0
0.3769024097284761;0
0.28211430737473964;0
0.45295057157939733;0
0.478565077673577;0
0.3777030458381898;0
0.40008858228374017;0
0.33671731719575565;0
0.40367119698918646;0
0.38234726818581133;0
0.414600276185196;0
0.3510153123723541;0
0.44817773173825515;0
0.24562714428747306;0
0.3534607888732463;0
0.08146215886864187;0
0.16731456496067093;0
0.10986257556276166;0
0.12232130149338864;0
0.15740734611528964;0
0.1125782905788657;0
0.09589954620395509;0
0.1411911308024793;0
0.12751063295893555;0
0.160279303102613;0
0.15834270892247362;0
0.15491884638851647;0
0.1805861431391484;0
0.20733130277497483;0
0.13056198278802664;0
0.1549445359660605;0
0.19611620151497053;1
0.18297383381580135;0
0.21104469940583964;1
0.203220770602469;0
0.1035342612446333;0
0.16041343606330627;0
0.08086637050623502;0
0.23850153588276093;0
0.13085749562504684;0
0.14625607025096582;0
0.3116405290916188;0
0.05617308063754666;0
0.08945354757148737;0
0.16516943197617626;0
0.09176326395183035;0
0.12580873914872198;0
0.26781717535098915;1
0.2417640061285265;0
0.23182258297829858;0
0.25927285232228414;0
0.29383026425171993;0
0.3870680829824236;1
0.15072783289015554;1
0.16237482061421674;0
0.3595824249093174;0
0.4136190525625497;0
0.10704049973461949;0
0.446078757870264;1
0.31266309062183895;1
0.24180582310169338;1
0.27883207472337085;0
0.13438024417641262;0
0.0960044270423293;0
0.146435759477554;0
0.20030040311394093;1
0.2576382341106102;0
0.16948081287922162;0
0.15775760167582964;0
0.1519243968081205;1
0.11581145284618875;0
0.1190612355077033;0
0.18189501959369092;0
0.14813747153219955;1
0.1102752319512229;0
0.13128470514621027;0
0.10146465177075814;0
0.20599455734657302;0
0.244313251113756;1
0.17881918901010094;0
0.1681568612233291;0
0.27365648919412255;0
0.21509071313351485;0
0.238159977661909;1
0.20457174544256096;0
0.3561251286518909;1
0.1675202205302558;0
0.1253536980085725;0
0.12728427601084497;0
0.27677492251947955;1
0.2186912860039727;1
0.127386193172068;0
0.23622456401317793;1
0.12815299987492537;0
0.8586146445059601;1
0.6583506851644589;0
0.8045597299932057;1
0.7567732021235445;1
0.7872453869569271;1
0.8056694061006805;1
0.8543999198423282;1
0.7396479461272594;1
0.7261784506348496;1
0.7595592760563488;1
0.7106831074746551;1
0.8304661433407445;1
0.7551930724715205;1
0.8192454620610082;1
0.9254758446423093;1
0.7080530882944267;1
0.8426302115089234;0
0.7820156187538403;1
0.8643677867520251;1
0.7509854356107706;1
0.7639094852950808;1
0.8009971114219608;1
0.4900450763268386;1
0.7354401805235932;1
0.8477769284685058;1
0.906596145131102;1
0.8154147749961772;1
0.6929930470091313;1
0.8656222958653468;1
0.8756485079129;1
0.8329905464984225;1
0.8826964474622655;1
0.6587421219710299;1
0.8283412195819508;1
0.5481871783606391;1
0.8225861561596557;1
0.7794161452596413;1
0.8526852304179818;1
0.9416026873548351;1
0.7922993274072717;1
0.7929161346694884;1
0.8931698992376474;1
0.7739915015889586;1
0.8141958340164364;1
0.9440767422979166;1
0.6041831891323682;1
0.8366304861842431;1
0.7700560265316394;1
0.8145125303830772;1
0.764655981202178;1
0.7726368594071527;1
0.7928362865228585;1
0.9009647337638779;1
0.7678495905749588;1
0.8741039643182851;1
0.7988468808413318;1
0.5387195928222422;1
0.6965313659715963;1
0.6003670438388612;1
0.8045314826469347;1
0.8020994726594122;1
0.6281192039294201;1
0.796394378542275;1
0.7668654919766742;1
0.8460545262281399;1
0.7841557191243281;1
0.7298139915283925;1
0.7577406064626653;1
0.6915524722135897;1
0.7918329915507234;1
0.8426892049027231;1
0.5992340113674066;1
0.682760956714307;1
0.8769010522340389;1
0.2247877837757096;0
0.26956795855314164;0
0.29949227742921897;0
0.09525315281011072;0
0.11596478172891857;0
0.26423929705814103;1
0.3135572330308252;0
0.12878252819783115;0
0.2482245818102067;0
0.18315185179367752;0
0.24526047643839674;0
0.10526148992297357;0
0.789836191450599;1
0.6983064005650991;1
0.7299098832570583;1
0.8658550549123023;1
0.5916399881613493;0
0.6880819564010299;0
0.7059608913685754;0
0.7925880276585917;0
0.7697766360139382;1
0.7912113192723487;0
0.7040261391781474;0
0.6478156403264036;0
0.7361500179146735;0
0.6018211145140778;0
0.7565092756591162;1
0.6791350198677545;0
0.8490158103796083;1
0.928715416364067;1
0.7905841818010189;1
0.8549986782198711;1
0.7894531578045156;1
0.765605134983299;1
0.7317539685690015;1
0.919664726589382;1
0.878716294264454;1
0.8019969628927605;1
0.5849641369545127;1
0.6333862975982184;1
0.4999004384421017;1
0.8314179215420039;1
0.8864467706298085;1
0.7863728934424146;1
0.7321609899150132;0
0.8796169290404557;1
0.7036300104694223;0
0.804963567433369;1
0.7043316154545495;1
0.23699152717957853;1
0.13515064556757092;0
0.269987682848006;0
0.25558535163746315;0
0.2494714584113;0
0.24004451036841618;0
0.3135426480045257;1
0.19688675376494394;0
0.16045672136016265;0
0.19462295778086164;0
0.3284756909458256;1
0.17717713214354516;0
0.11506383499283507;0
0.12615097353212829;0
0.20263177875254895;0
0.1416491731703644;0
0.14841283482106318;0
0.22648118714906132;0
0.21853008093808068;0
0.20906351289469385;0
0.23885344330308664;0
0.20264256961479726;0
0.37176886933819797;0
0.5728403626933324;1
0.3999117917692437;1
0.4864930777419984;1
0.4243839213629504;0
0.3386701127483025;0
0.35643843161839833;1
0.5240267521606515;1
0.29460223127975854;0
0.4831557973454452;1
0.3662296675934582;1
0.28104652024197885;0
0.532817002701257;0
0.337285906713957;1
0.20371883882182315;0
0.4453465627532415;1
0.41919694956664827;1
0.14404371071532096;1
0.44182227628855975;1
0.3968156934391428;0
0.3050536140123753;1
0.254018179861813;0
0.3559154082017946;0
0.40840289261766666;1
0.3017376355526879;0
0.364465570033162;0
0.34396561218507227;0
0.34022004595592886;0
0.2033399035257022;0
0.4055667241006919;0
0.2844891711012871;0
0.3425302820619724;1
0.41792707879797064;0
0.38540104209442394;1
0.27871779427960064;1
0.3721955934357872;1
0.4881027257260788;1
0.49200694189982774;1
0.5759980740633067;1
0.340355335793267;1
0.4406039510986258;1
0.37075599951882937;0
0.4055227802087417;1
0.3728785590078046;1
0.41831730836604847;0
0.43604590653796216;1
0.40425392252857706;0
0.28559916336850694;0
0.3634367066863637;0
0.4320933196821097;1
0.256634957541544;0
0.5281490047752986;1
0.4607071619303262;1
0.4478236506083186;1
0.3931108619086574;1
0.3726335333285644;1
0.35310848218816826;0
0.4111025116093643;0
0.5003789157665338;1
0.4646367077126526;1
0.4112380345318512;0
0.2566209891721713;0
0.398641843516841;0
0.4549483783974115;1
0.3394711702227958;0
0.3858582657885455;0
0.3267714041617788;1
0.30760307016980964;0
0.3609805626373601;0
0.2717534022328803;0
0.37208126123240953;0
0.3898698166945516;0
0.48663103664590285;0
0.3936901758019568;0
0.42852862148009496;0
0.33524272491581286;0
0.4218135255311897;1
0.28812265880973154;0
0.2556060795457992;0
0.33685340019872867;0
0.4678085479308313;0
0.41316050769868157;0
0.38559527064174076;0
0.34270850288537624;0
0.2703310623322021;0
0.26618425013389774;0
0.33121330634634544;1
0.45286721644123495;1
0.24261638229797275;0
0.28316196878851785;0
0.374488328907383;0
0.3125064246370938;0
0.414774651281148;1
0.353870085597132;1
0.33537541686522754;0
0.28082845616059193;0
0.4701443296593723;1
0.4092775549502981;0
0.2833297257283962;1
0.29040291282714437;1
0.2807065564897024;0
0.33912530608868396;0
0.46159054205265365;1
0.3257227537669818;0
0.2884888790393758;0
0.3107399771249196;1
0.36927777100279374;0
0.3233681832029324;0
0.3727618489648792;0
0.2655443898076242;0
0.35644062450177333;1
0.3533353870886306;0
0.3151200362156791;1
0.28015182978681563;0
0.2511239320711286;0
0.1091535581509422;0
0.3132705975480167;0
0.2024160179225543;0
0.14054871473866823;0
0.22208961899096147;0
0.265096988310968;0
0.2052812367630259;0
0.3552149949690272;0
0.29709325734732056;1
0.40939495775276885;0
0.2124305075485934;0
0.2848461122425948;1
0.20609712956151996;0
0.2202978553021847;0
0.1493980458810911;0
0.13764355714508464;0
0.2625621240381452;1
0.11673109371832083;0
0.13397770106402132;0
0.32046506038383815;1
0.29176302342631216;0
0.23793625699174908;1
0.29330327258515737;1
0.32462690204704076;0
0.24846966109691984;1
0.3070810660598423;0
0.22108979788272098;0
0.34779088503814154;0
0.1685445106384447;0
0.20952020384169487;0
0.27178687502798127;0
0.23249115415145702;1
0.19560804533136397;0
0.18120811251901203;0
0.3935953771236337;1
0.22797046597451734;0
0.1834489956357904;0
0.39175869417416864;0
0.22001784603196384;0
0.4714328149914524;0
0.211282878148031;0
0.17611584754520482;0
0.19536682566152647;1
0.24738954092334345;0
0.16153302398102032;0
0.3309821473908779;1
0.583282583280084;1
0.1999504376068488;0
0.19290039134821627;1
0.25458489982960814;1
0.21932347208424513;0
0.28554803989642175;1
0.26405399736337504;0
0.6122676151031551;1
0.2934809930041942;1
0.5960906694847719;1
0.4976287997021328;1
0.2729957375097396;1
0.41371430766710426;1
0.3211174491505744;0
0.4740612445045424;0
0.2800753111822595;0
0.2945509134518405;0
0.3501528094632281;1
0.6231586617858123;1
0.5305737313555331;1
0.533266285753058;1
0.6117686290970947;0
0.17945332701570313;0
0.4424415139925163;1
0.5004090979879363;1
0.46359472157413045;1
0.5178713955399182;1
0.30914774135110856;1
0.3769022397167216;0
0.5537488580993853;1
0.32838825604588995;0
0.27410357991153933;0
0.29979450043194605;0
0.4757390720867453;1
0.3111178694841062;0
0.2719279246952121;0
0.6809237539115119;1
0.27413787497921577;0
0.5994355839951445;1
0.2902645572567795;0
0.344028313857333;0
0.3469478542099478;0
0.5467208757796782;1
0.3754320323195642;0
0.4489628198363116;0
0.288236208869204;0
0.3176568393052142;0
0.34913762498189055;0
0.4190257332491002;0
0.4088095755420685;1
0.6644401269389828;1
0.27323204821179453;0
0.19504933051075188;0
0.41155085289102794;0
0.723277847498759;1
0.4235955179111353;1
0.3870333422410256;1
0.4761775303959793;0
0.44061538503754044;0
0.372649587692457;0
0.4154191516651364;1
0.3520911737272009;0
0.41344732866000344;0
0.3543803694901544;0
0.2783596021137897;0
0.5145810489235362;1
0.3988157710932694;0
0.5385454275409525;0
0.3059235458661298;0
0.39271344098635796;0
0.32765158930872296;0
0.24436934348297062;0
0.35452392167755087;1
0.5886897473358893;1
0.44736298526431234;0
0.4450054127228115;0
0.5129413642118132;0
0.4365196128855804;1
0.6203336922975605;1
0.5019926337130091;1
0.3652259070354872;1
0.5159543998605145;1
0.5066816468306594;0
0.8812450470060192;1
0.26195192549604646;0
0.2637431049415807;0
0.4980498092260059;0
0.34675286978007513;0
0.38868668277822016;0
0.5788533225850652;1
0.5740274547294327;1
0.46126349719253745;0
0.44191971158247045;1
0.24594900470921205;0
0.4695095351814809;0
0.6277189790838913;1
0.6466084175730951;0
0.6039945267089968;1
0.4180184115100102;0
0.3576516740395274;1
0.5645527361150797;0
0.33488042199912504;0
0.48788967368522596;1
0.4082139125902773;0
0.41570907662949125;1
0.5603359850589427;1
0.40890057298101556;1
0.2333793097829699;1
0.6211592265004151;1
0.5766322461012378;1
0.30766169975558905;0
0.48131696238679367;1
0.3240315872327862;1
0.46579230297851604;1
0.19775709702537023;1
0.5532951516928644;1
0.20607415520822753;0
0.4017189129001794;1
0.2526994461850029;1
0.31355667313076735;1
0.38858944342112467;1
0.30954681860836303;1
0.2503760265677918;1
0.27958053125997473;1
0.19028447664304454;1
0.21279175247547238;1
0.13118540579240748;0
0.15020922493552158;0
0.1098591200827202;0
0.2619760109737306;0
0.21207212500143474;0
0.17140522845783;0
0.16788200918419802;0
0.10872360501814238;0
0.17934411222248323;0
0.24292264054086418;0
0.08839367146746863;0
0.16891447284050556;0
0.3181122560149381;0
0.15486805456849542;0
0.21691154656055114;0
0.16952810115459327;0
0.11215755623668287;0
0.198793179522738;0
0.23990839851718146;0
0.19205280456552346;0
0.36052684509570665;0
0.3418853882488596;0
0.4874776946198331;0
0.30406091517113354;0
0.485481988931284;0
0.5790155813018488;0
0.4083775398219883;0
0.1631472530764451;0
0.28845423485692256;0
0.5515701167788861;0
0.5149615523309974;0
0.398266008784027;0
0.4210573946127008;0
0.540412996344113;0
0.5893186598824041;0
0.7692575895361994;0
0.5434799481826998;0
0.5713169708261635;0
0.34150531074514434;0
0.5649223621804297;0
0.5937586904880611;0
0.614174388353573;1
0.741226274592747;1
0.296738059825002;0
0.49970706017368016;0
0.46541698926209274;0
0.24329682706743028;0
0.40651976429548703;0
0.353494739352644;0
0.3720134105310684;0
0.24203933384669044;0
0.7111270394892815;0
0.568456446097321;0
0.33708667551192056;0
0.4858488329354176;0
0.5311696225547099;0
0.5281767926693188;0
0.15173622788045646;0
0.7893288490994099;1
0.6848213020976537;1
0.7178180411763917;1
0.4897347283096009;0
0.7315839489679724;1
0.41925508694988806;0
0.43459689867792667;1
0.712658766977747;1
0.20607275897302252;0
0.6933915928091565;0
0.477888668735134;0
0.658553829280864;0
0.5353179782213563;0
0.6511730394813245;0
0.556280971947048;0
0.70379423561534;0
0.2826097701086232;0
0.23705140839150415;0
0.41602914537989355;0
0.3136019304944825;0
0.4074923650553788;1
0.3711794560013323;0
0.4214110900590214;0
0.24438564707916538;0
0.23689766228049833;0
0.3339145271210722;0
0.3374558201993085;0
0.4400025311656222;0
0.36047352462522486;0
0.36984992842112663;0
0.31574746252105035;0
0.8196642500058278;1
0.8703728103859036;1
0.7028195937951096;1
0.7749258410092312;1
0.7545810841482782;1
0.5050613472226897;1
0.7472333761723727;1
0.8128636604636408;1
0.6798175272586805;1
0.8891415130951601;1
0.8222002587545922;1
0.7778334359966576;1
0.7881085876721103;1
0.7869834490970424;1
0.8967622261390031;1
0.7872714011894405;1
0.7184638544021446;1
0.7246504829348186;0
0.7887120813920478;1
0.27036879879460535;1
0.8213649255499457;1
0.716218370759191;1
0.7189819304189777;1
0.7537848054614814;1
0.7245183214550159;1
0.8538019573610414;1
0.8815107501900445;1
0.8198940538247808;1
0.9200473963040084;1
0.59260124656548;1
0.9002759703250723;1
0.8792877749897288;1
0.6824640921443215;1
0.7609220831401523;1
0.855373456177228;1
0.8890685589921747;1
0.7748115160002225;1
0.638201755404621;1
0.6655409161700893;1
0.7781667788279495;1
0.8612728583271404;1
0.7392131185388588;1
0.8676838631751909;1
0.8666727330753854;1
0.5900882518675111;1
0.8007106876077246;1
0.8045911216342809;1
0.8446144463715044;1
0.9317761756140419;1
0.8605172936816312;1
0.6263692559070463;1
0.8957047123730626;1
0.7805964154832187;1
0.7915003065674823;1
0.7979089434969261;1
0.9418065611600464;1
0.8837161989740547;1
0.7935047179902226;1
0.7624226689968785;1
0.6710821594954006;1
0.6757294605025019;1
0.8171378036197152;1
0.8110551790206204;1
0.814948941182202;1
0.726597556428797;1
0.7198912118644881;1
0.8352281611684061;1
0.8581142022568751;1
0.8772092400080418;1
0.8172223220007055;1
0.8469385095678197;1
0.8986138971237196;1
0.7836296808303453;1
0.8344758222253561;1
0.7920348138631914;1
0.7887385902943712;1
0.7617731233589828;0
0.8851680152345465;0
0.8415870009190562;1
0.701885611621244;0
0.7703859606219122;1
0.727570642294257;1
0.871871712200646;1
0.8709981318695147;1
0.8021374865027612;1
0.6740737586545174;1
0.8395490902667876;1
0.8104631531721366;1
0.8187563451689429;1
0.6966944961834908;1
0.9304740992064983;1
0.7835591708388479;1
0.7217319214856044;1
0.7919275992156999;1
0.8093056998606007;1
0.17068230321178876;0
0.19477320847511684;0
0.16593166159566575;1
0.15496773961644109;0
0.20320353430753635;0
0.3857494293461023;1
0.180040453222994;0
0.23414232418622644;1
0.21613804564950537;0
0.1198239126270123;0
0.13508302386744725;0
0.1256765578216665;0
0.25980858928563866;1
0.3252989088616067;0
0.10085021142364632;0
0.10558411426266666;0
0.13682902052022142;0
0.24666351023580663;0
0.18782853751919573;0
0.2804795606851658;1
0.11692729479995069;0
0.2313918014283613;0
0.14958354734082005;0
0.11920929522892608;1
0.1567660740550738;0
0.18490323319517474;0
0.13780917800512002;0
0.14034737340435746;0
0.11739887696874417;0
0.11978662793517769;0
0.33250616665262317;0
0.24784408664516872;1
0.16744370769902636;0
0.16019140632212506;0
0.13613079339154857;1
0.23099773679621305;1
0.16242745492551905;0
0.2027257818462082;0
0.13234156949992815;0
0.7767820588740563;1
0.5012542464120413;0
0.7498145949220403;0
0.39345603841950305;0
0.5909060934834085;1
0.8312215399185976;1
0.8791861088965988;1
0.5036364703177497;1
0.854701976805243;1
0.7284755856359384;0
0.8798317301558051;1
0.899765911650669;1
0.7705480698893061;0
0.8758699457910383;0
0.8693206337968982;0
0.787929285044353;1
0.3479631983039745;1
0.7709597137073024;1
0.8049311095324604;1
0.8227666205901228;1
0.7345238921571762;1
0.7154434118732519;1
0.860002393058228;1
0.8297436701266642;0
0.6492404998780432;1
0.7532852394371223;1
0.5576483455011614;1
0.8506539668508046;1
0.40056459116045645;0
0.8467780051087809;0
0.4795325404166056;1
0.7517361422438816;1
0.8277897698167467;1
0.49791509688859914;0
0.7807259641320723;1
0.7403551160659021;1
0.7301153891513683;1
0.7040529233446113;1
0.8992921018207989;1
0.8090686826213618;1
0.4243863310749908;1
0.19261690810020093;0
0.32660102914169886;1
0.3011918419089083;0
0.3585069610465929;0
0.3440213866783571;0
0.4128282562213844;0
0.1340693833583324;0
0.23651856550962244;0
0.2539905148722111;0
0.21698568903742657;0
0.16032994492632205;0
0.2632816840481575;0
0.2359983192929496;0
0.19050765466654343;0
0.14232537447176996;0
0.5129127000122415;0
0.27448105290692004;0
0.302513353388147;0
0.3109712931403246;0
0.2514480387902487;0
0.3040827383878377;0
0.27141507637088325;0
0.42190526234553144;0
0.36200373357388405;0
0.23916395960315856;0
0.4135466659107177;1
0.34687326936446516;0
0.20386157672890087;0
0.1753031470346209;0
0.13358536999442996;0
0.22931625987567264;1
0.316840276530321;0
0.27741097544762394;0
0.36304767984524755;1
0.5200027344428958;1
0.37447995107385634;0
0.2354045914934468;1
0.3396433437827206;1
0.1900353694812408;0
0.24160758061741744;0
0.20372763768316718;0
0.11211030694357027;0
0.1815780297717534;0
0.17613669668282364;0
0.2539784658549406;0
0.1665093383135787;0
0.2806207645139327;0
0.2824530230253736;0
0.3004031783394951;0
0.24761836760877684;1
0.48017670411619945;1
0.24675686573070987;0
0.24919463889452162;1
0.2946696216927508;1
0.2602783908014176;0
0.3328530928781507;0
0.25860558337880124;0
0.19776209053187635;0
0.3283901854437918;0
0.21983412917333303;0
0.22534849993850287;0
0.2703471345653409;0
0.3123337417499357;0
0.21790163928546186;0
0.32039999644087935;0
0.19522135296025317;0
0.2886386785446534;0
0.13562243144126285;0
0.3248642002255312;0
0.2603780397343712;0
0.238304393104119;1
0.41231291614326976;0
0.20275970197499482;0
0.23375887177126606;0
0.21408753886380788;0
0.13651221064431512;0
0.1880702794678579;0
0.10935002668819772;0
0.12072682107575212;0
0.36630537716414807;1
0.2343606477747311;1
0.20918122894499022;0
0.20880850310049145;1
0.24173908023327947;0
0.46225550942125654;0
0.40454118444461523;0
0.24309302257110915;0
0.14841467697955826;0
0.15762234485282495;0
0.1256681486028239;0
0.3928315115267495;1
0.7302911445685913;1
0.6518867840054132;0
0.767977736426348;1
0.7365700162342983;1
0.8254524405014845;1
0.8483029477117355;0
0.42982061953316847;0
0.7643279274581566;1
0.8407796399869605;1
0.8302314207936404;1
0.6905505677569485;1
0.6847260327661547;1
0.770704685562399;1
0.7015324009882637;1
0.8070669855000087;1
0.688316714231693;0
0.8445269747663126;1
0.6787863205198599;1
0.9121558255115216;1
0.8253322348064905;1
0.7954652619639768;1
0.859768369063101;1
0.4782796477339387;1
0.9161750185527837;1
0.881848338339715;1
0.6646006832320808;1
0.7652368499139885;1
0.6437216360452109;1
0.9131252025722271;1
0.8259507819868847;1
0.7336474264037783;1
0.7683637176881232;1
0.5514390287586325;1
0.7648510694761295;1
0.5998787320348016;1
0.874171446009714;1
0.8129092920108882;0
0.8935394183262491;1
0.8212557023813847;0
0.9067482307949848;1
0.680203082880641;1
0.8318485197548541;1
0.6172974748956183;1
0.8172092601321735;1
0.7766355248721999;1
0.7691245998904841;1
0.7992871645434455;1
0.48312359833520807;1
0.7875765731690205;1
0.3535623301255044;0
0.2925926162634648;0
0.4756147203346887;0
0.2857234074219265;0
0.2648093971379877;0
0.3165722667323988;0
0.3604644071348185;0
0.403535589408902;0
0.46414121522304697;0
0.6413105244718232;1
0.5981909203201402;0
0.8488546390538197;0
0.6853561904018183;0
0.3473938866293041;0
0.25072335086158326;0
0.22081851134186173;0
0.28537606432790497;0
0.432552584020919;0
0.12455748237526047;0
0.11588552217687743;0
0.3975700743311588;0
0.15115718281611593;0
0.1799267869153876;0
0.4755729598373455;1
0.502692700623611;1
0.2289116498632952;0
0.3212347050858912;0
0.33516049610995713;0
0.31341522649419856;0
0.29212524160399567;0
0.45823519430474513;1
0.3236636289175868;0
0.2033305172422134;0
0.3487227610892885;0
0.355485972942535;0
0.2640707531017462;0
0.44958377951937717;1
0.2485915648340515;0
0.38098730827510746;0
0.41982159749937276;0
0.5050465841554975;1
0.5018633854424047;1
0.4601957390582199;0
0.16398614416658053;1
0.12603271523419435;0
0.1462896263759681;0
0.08316356977677568;0
0.20574035941331148;1
0.156655888659352;0
0.19208651528481696;0
0.1420972469731505;0
0.3288730527520367;0
0.18047540791206806;0
0.24364507348504258;0
0.24019942603558947;0
0.3279908402963379;1
0.3064299536898162;0
0.22054914236095075;0
0.19037262771607794;0
0.2696491242049443;0
0.307545236909247;0
0.3598027738633998;0
0.1491168932597886;0
0.21093420356664677;0
0.2830401765237988;0
0.32106881075266336;0
0.3131405133118697;0
0.16330544952141735;0
0.14907383100537705;0
0.2501509514619045;0
0.3830707992304257;0
0.2303363828209509;0
0.16623847486059562;0
0.41215318383633315;0
0.8050559104194848;1
0.752275324632455;0
0.8686136255741685;1
0.6628595439091798;0
0.9039011416345638;0
0.4595557896415013;0
0.39631613691370854;0
0.3855106278167951;0
0.8286930598470538;1
0.633632350887846;1
0.655989407110996;1
0.8259167972206515;1
0.8419741131591456;1
0.6798413871761642;1
0.7651937957945633;1
0.898542293982213;1
0.8292468269924613;1
0.7303497792828683;1
0.8072001561064419;1
0.8641036306094302;1
0.3129905041599866;0
0.6667252172264634;1
0.8153350784819445;1
0.792473579563061;1
0.7045824990330837;1
0.5588744051090888;1
0.8550962147304775;1
0.8157284511395543;1
0.17442948508271522;0
0.2876110927238499;0
0.16107061949042745;0
0.38446793388803485;0
0.15734309243897301;1
0.25738220377922544;0
0.22487933109049543;0
0.13428347664023482;0
0.25432796699969995;0
0.24368931344797945;0
0.2320770828800682;0
0.21355031694698395;0
0.4407691535526171;1
0.2061985853002971;0
0.2781989553760645;0
0.11643107138391019;0
0.2356220604361593;0
0.27399054154000707;0
0.2098653952287914;0
0.3754092715586402;0
0.37552918719467243;0
0.4263026021656508;0
0.21107439212737908;1
0.0994500579785008;0
0.1357090942073601;0
0.2685991661475014;0
0.14844117581039515;0
0.16199818732902005;0
0.45266198411789965;0
0.19285258658955406;0
0.19116502457133036;0
0.24488773508550518;0
0.17898278908781645;0
0.1899955773240347;0
0.11249168142636154;0
0.16161142672162065;0
0.12179621903496915;0
0.20014965669020926;0
0.1771579040708999;0
0.3195543929718576;0
0.22079741199088965;0
0.16270665417443564;0
0.2685329410789267;0
0.34362926968274077;0
0.28212371703904254;0
0.2857139061410024;0
0.2158193996945832;0
0.14723376274129096;0
0.21275592340951707;0
0.14160286106708855;0
0.10829375104880318;0
0.14452310706287413;0
0.09109903535487733;0
0.13720797461257336;0
0.23574005803226236;0
0.2035164082379808;0
0.20664256634365594;0
0.17718859048301167;0
0.24854707188218064;0
0.2874776765445186;0
0.20222115618084704;0
0.2246806596487348;0
0.28088424257205546;0
0.28597001659427723;0
0.33998235645463776;0
0.3394213895304885;0
0.16047869737738357;0
0.24378391379013784;0
0.35790385959829957;0
0.2701726438055501;1
0.16186648083504698;0
0.4174934613539179;0
0.2361073472762208;1
0.2401938503522126;1
0.8448038334047425;1
0.8291879664902577;1
0.4327454981564177;1
0.3753256741824258;0
0.5823572704052631;0
0.5294169404313415;1
0.38952810900513113;0
0.2681147301053544;0
0.16932450500146573;0
0.19709957382154797;0
0.26857263398958514;0
0.3686946769262394;0
0.3861563641723262;1
0.13153214070313077;0
0.2562374123305608;0
0.5164964331800255;0
0.45978869077658047;0
0.1596386291237522;0
0.366903812305191;1
0.2985141918012925;0
0.15680604787039282;0
0.3082003636074047;0
0.2723502492471698;0
0.17827279661220083;0
0.1530605574662259;0
0.32854301988181206;0
0.24153906416574958;0
0.2607788018044843;0
0.4139377714554953;1
0.3008278242655527;1
0.3550286539717022;1
0.32804989491992004;1
0.3715071092572074;1
0.2637142683166427;0
0.243776369635433;0
0.24387080016134824;0
0.15199601718466;0
0.14629822730120517;0
0.4279579138767779;0
0.21327562700878314;0
0.2818872083131189;0
0.29758101980045826;0
0.37070519646472916;0
0.3704422451435874;0
0.25337730149141974;0
0.40239076835528165;0
0.21136045871259576;0
0.18815166839010325;0
0.41834554610815966;0
0.32316738666454436;0
0.22400350298331564;0
0.33229015043053445;0
0.28414834823733537;0
0.5090880269957312;0
0.32287506861864274;0
0.23772447324068713;0
0.24401120318255828;0
0.3547195418366328;0
0.2764331697593207;0
0.17835611359741096;0
0.2979459519789236;0
0.17947105968835295;0
0.35316820366646234;0
0.38959551628633493;0
0.30438340980426337;0
0.34428245546417946;0
0.2187447208555698;0
0.45142146551179263;0
0.3094789832558301;0
0.25189651929849516;0
0.41000358135650267;1
0.36399052612817134;1
0.37305175412086367;1
0.5803823002661423;1
0.495504651821433;1
0.34665779103911776;1
0.4007844225986327;1
0.3662301595332833;0
0.2647597791224115;0
0.38489148670734974;0
0.45596794857212575;0
0.38976448208684455;1
0.33498749741860256;1
0.4620463972905035;1
0.36363518656697014;0
0.5825419053520356;1
0.27984527044247587;1
0.3792141955436879;0
0.29427022391747365;1
0.34462733973007215;1
0.3948336851019382;1
0.5037499842811836;1
0.33899988928272917;0
0.4383765609709027;1
0.36549389569882346;0
0.21411271462583592;0
0.390379758391726;1
0.34957006706100413;1
0.3596061672284818;0
0.340642380579429;1
0.34517626496269693;0
0.3240634327215045;0
0.2937675729639246;0
0.35817500399980906;0
0.2790977433946212;0
0.20124746268219215;0
0.22838258817189974;0
0.1820954526140314;0
0.348889698429167;0
0.42031951708062976;0
0.3954286673968038;0
0.3419548667536788;1
0.5176257145897551;1
0.39454344859920676;0
0.2126958079988212;0
0.1854954926843637;0
0.14608212479216431;0
0.15585069911777344;0
0.11409389805855906;0
0.29597956196295555;0
0.2099177746239425;0
0.2605592171053491;0
0.18889446060851173;0
0.10817905998987463;0
0.2519075609030398;0
0.38785023237360217;0
0.12788409163469766;0
0.20074532673968032;0
0.22516458682652984;0
0.7450765180446369;1
0.3597769250267219;0
0.3066599067273353;1
0.22558128331513352;0
0.07360130841858167;0
0.17028516082445047;0
0.4029189850822369;0
0.19268456889313273;0
0.18256588972956614;0
0.19063904729024161;0
0.1850258467302962;0
0.16336253113827656;0
0.15621852829842522;0
0.16526927412644205;0
0.13858119854445272;0
0.1649930036186128;1
0.12004196729606038;0
0.10984918968463094;0
0.11060010743880375;0
0.1260267651375475;0
0.15891577542339222;0
0.17216318014302565;0
0.21083402067071338;0
0.20798024488029973;0
0.22724961547645356;0
0.19148283883603942;0
0.1730461031162187;0
0.16464230540619706;0
0.18586217941320002;0
0.19905500837046042;1
0.12990819624800765;0
0.2613121242239021;1
0.1669363533781674;0
0.30650437007414316;1
0.18896011265880414;0
0.19177061360156095;0
0.39305773876745226;1
0.23410460072826555;0
0.3444846215544044;1
0.3204355697969414;1
0.18719673333525272;0
0.20821664120031522;0
0.41476864358634313;0
0.5112043604523514;0
0.6666560197196605;0
0.31956240747295867;0
0.17129878503691398;1
0.38879535782803437;0
0.20221800843010623;0
0.4380771972001243;1
0.18167215951753476;0
0.2948878424112112;1
0.4354190469580135;1
0.30346838545253935;0
0.2938367571187788;1
0.3923757726686522;1
0.33750602514872025;0
0.28456533819258856;0
0.4860565638894139;1
0.3185478508083294;1
0.38439999998479485;1
0.3724046159132442;1
0.18977446118589247;0
0.09707967846370096;0
0.21076021042880558;0
0.15167478422887687;0
0.3552423272052032;1
0.40400587200635263;0
0.5146383308272969;1
0.21979170740473103;1
0.16221795994788835;0
0.15245137885490412;0
0.2283199707406969;1
0.26013278842174453;1
0.3074236642202166;0
0.3017674984940083;0
0.5048578302614981;1
0.15058552108445036;1
0.17389493117520186;1
0.3092888564215077;1
0.1579195365332101;0
0.2108635883521332;0
0.2042600850805347;0
0.19657215791559646;0
0.25488724198582313;0
0.14506290609527367;0
0.47344047138728845;1
0.45637801217392004;0
0.40126897563421954;0
0.5175714481395949;0
0.09434517119634178;0
0.3070461974183475;0
0.23184702168011603;0
0.21025198441537007;0
0.24135912576438454;0
0.33787553467619835;1
0.2045273777902458;0
0.2158995788852722;1
0.3090389616319377;0
0.28797348859884314;0
0.12432099879813867;0
0.18230488305969586;0
0.15129981387132557;0
0.22011396616120188;0
0.18829597090112804;0
0.1733923839545126;0
0.20065592756114306;1
0.2769835478552293;1
0.15884369678187427;0
0.1794719995093845;1
0.14000431663164445;1
0.11924988789701227;0
0.2142680962368064;0
0.3076241483548651;1
0.22656825277014045;1
0.2725161143609959;0
0.1633581717477758;0
0.17566591528977685;1
0.28889918999359304;0
0.23340567566925177;0
0.26492186057724726;0
0.26940798550087436;1
0.2866216676362938;0
0.23122662626384993;1
0.17862260948862368;0
0.22286662513558914;0
0.3279177135860406;1
0.21753757562097417;1
0.2731576290216124;0
0.19492914334732905;0
0.22833381362472988;0
0.19084376096875494;0
0.21391920674745046;1
0.27703553145488435;1
0.1373427275106178;0
0.29508772434710284;0
0.2909579276988178;0
0.29403782664947115;0
0.3593437215423822;1
0.3614553173435459;0
0.13960655770771516;0
0.6237909271124332;1
0.18611660719685685;0
0.18500590378800197;0
0.0847038633171258;0
0.12669734114191866;1
0.5155843633229241;1
0.16594764313165744;0
0.30048971391903584;0
0.36496529112066;0
0.29472259015298596;0
0.11915581516066481;0
0.2808717851161381;0
0.40660006308495394;1
0.24524914274827173;0
0.21130277847740805;0
0.2321338008239912;0
0.28064937748560836;0
0.4041187553013508;0
0.426928171212817;1
0.27650283627752714;0
0.12722320314435523;0
0.23800425389316138;0
0.2929738123717095;0
0.31181118586726103;1
0.2992505225532905;0
0.32509442373143;0
0.3858908202526444;0
0.2910292300621525;0
0.2514407235386139;0
0.4478645121730872;0
0.13217690125886059;0
0.11143301447226214;0
0.30867192109506597;0
0.3031478003740253;1
0.1413610057851877;0
0.4541636679253454;0
0.16997137405129295;0
0.2501298229242404;0
0.2568679044325098;0
0.2863909426222308;0
0.43676418608563017;1
0.3768208842544217;1
0.09896133986958;1
0.4013525737893507;0
0.36702268914011676;0
0.1775155684621168;1
0.48673467378218377;1
0.44101026140048494;1
0.3726400397252336;1
0.2424080210618457;1
0.1870839638313815;1
0.16353157266012272;0
0.3222394985280058;0
0.11989952213144058;0
0.2004211361243713;0
0.3077496690658059;0
0.3749125092115315;0
0.3823500793469266;0
0.2809801923688284;0
0.244249036182903;0
0.8524635698800159;1
0.4545150427486135;0
0.3764172669495562;0
0.4959428161147422;0
0.44187837039610645;0
0.4193070958200328;0
0.566612295366809;0
0.47011066901224974;0
0.19317639402808562;0
0.441197179764171;0
0.38655205576270035;0
0.38218614485681474;0
0.10289149493610704;0
0.19134340363041258;0
0.20401308849608943;0
0.1279184058696709;0
0.24045891798074237;0
0.14338698193195898;0
0.11946153062605852;0
0.05268034966778798;0
0.18845186573304396;0
0.3993704847556346;0
0.22038501090298415;0
0.2908527055484688;0
0.08905520089552266;0
0.21685434706774734;0
0.22414894640505972;0
0.1145723737660094;0
0.1437067659348643;0
0.256825625188078;0
0.1811784683813757;0
0.10132287010860243;0
0.18178468644971862;0
0.13474655638637914;0
0.1328687704346317;0
0.15634215875040391;0
0.23416463586777542;0
0.19456565229199707;0
0.13121849651392933;0
0.2039586885029425;0
0.2361302133936482;0
0.22498395365445328;0
0.1794205013907499;0
0.14357367097657914;0
0.11472408654326502;0
0.09633739654102025;0
0.2069149628344901;0
0.1546416545636018;0
0.22647704177116795;0
0.3080395650675254;0
0.15248720822247058;0
0.15886321001372264;0
0.14052599710963978;0
0.21528654729614247;0
0.10859328405278851;0
0.19473189344967318;0
0.24386380396710033;1
0.12936670551078963;0
0.3210003074468484;0
0.28569162830063816;0
0.442232545485952;1
0.3283423015932241;0
0.4569916750944855;0
0.2656722637235047;0
0.3391449018804792;0
0.4135943383066115;0
0.5784659949083711;0
0.19462955231629384;0
0.19766833709541698;0
0.3249064499662402;0
0.35854503004794225;0
0.3137418356327102;0
0.3516014332801474;1
0.3852121293603914;1
0.45722442922883083;0
0.258009716902945;1
0.3027059038315812;0
0.2527774684033732;0
0.3076263131947503;0
0.46340462540172295;1
0.42960435784677703;0
0.40125898933315035;1
0.3791226534614404;1
0.6792305676036362;1
0.5416743813508439;1
0.398406223510116;1
0.4405162372108784;1
0.5977689826055911;0
0.37094997603087126;0
0.16135064697366217;0
0.18125884577397466;0
0.15471453369157687;0
0.16802943384853478;0
0.2740507589426856;0
0.25342251948067174;0
0.12991796929899474;0
0.08871413979061236;0
0.10199244662727504;1
0.1818977088464742;0
0.5612357728840305;1
0.5434614743623977;1
0.620938374026264;0
0.47409968598261504;1
0.5256346791633727;1
0.5840152169055363;1
0.6722496348355841;1
0.4998068438008163;1
0.4284124875254809;0
0.7071593154508646;1
0.6178259997307005;0
0.4767048571089919;1
0.5030672058222785;1
0.5657280020358658;0
0.6420176890935271;1
0.4455215997949897;1
0.44211514873519386;1
0.4820693046839698;0
0.6723234390712274;1
0.592274744537084;1
0.4226411780113549;0
0.6080629455032646;1
0.48323518221024697;0
0.5398349944188378;1
0.7568806926091862;1
0.5072078216291948;0
0.5073331063933613;0
0.5787480257760438;1
0.6526993335620339;1
0.4761360737283105;1
0.5493612777174477;1
0.7273767344622333;1
0.47902761677116207;0
0.4218319695522026;0
0.6826377653124017;1
0.48722252051286036;0
0.49227218401000394;0
0.6687001344980206;1
0.7209669779764377;0
0.4436826324104359;0
0.503832486958479;0
0.44585218412729577;1
0.23011348741458942;0
0.22908251079913772;0
0.2034336292175914;1
0.2544800444747893;0
0.16459161214992699;0
0.15254370231891842;1
0.28284049146735685;1
0.26099717309023274;0
0.18704156337675293;0
0.22235512506688043;0
0.22652803646838685;0
0.11067223481685177;0
0.27123024113530997;1
0.12660848381136114;0
0.208333001482528;0
0.23753291297337434;1
0.4778232590837363;0
0.5890728685411151;0
0.5248656934340544;0
0.6072897174417811;0
0.47370208587659074;0
0.5511815247619157;0
0.5524370432300223;0
0.48976074458266317;1
0.6545447614403606;1
0.6324536449275601;1
0.2622821887454687;1
0.25811455188590504;0
0.15582905234943206;0
0.2768879089547862;0
0.17469882876367018;0
0.35872358108084745;1
0.1820465139192584;0
0.6724467065596025;0
0.45006879350141454;0
0.30425783565276354;0
0.5951542186119569;1
0.32159292236221204;1
0.19076361023239247;1
0.15805917264190786;0
0.41964220604491115;1
0.36145884464541317;0
0.8167264901171675;1
0.2878453823351328;0
0.5195352785425496;1
0.6631391902294628;1
0.45198304880906887;1
0.4049082890153817;1
0.2659898712267216;0
0.735202707299585;1
0.4397751758907471;1
0.6098547203525748;1
0.42624928367208964;0
0.7320933351824223;1
0.19044660494391913;0
0.31210620488797836;0
0.31162024253529186;0
0.7929176210842542;1
0.25281294161141465;0
0.6619129025897363;0
0.27585778964512503;0
0.23070846500107958;0
0.7138847755011918;1
0.22392490422887582;0
0.44990899547901136;1
0.4913011243924303;0
0.3371069739711143;0
0.6738999889354539;1
0.27190298024521053;0
0.6049231954662367;1
0.29029912659409896;1
0.7166304916778288;1
0.2868491051438274;0
0.2980776575859658;0
0.7192471502260375;1
0.5991345215057065;1
0.37097616774427666;0
0.8327253781136219;1
0.5145498415743734;0
0.508842454452068;1
0.34010990755661724;0
0.5674706885438814;1
0.37603242708604634;0
0.6347157445797301;1
0.659204236546448;1
0.6642552773300565;1
0.41666557341247307;0
0.4351331002459887;0
0.1971011918484166;0
0.3061268636679308;0
0.5559479834310888;0
0.20944443734299317;0
0.1993774322036378;0
0.5220592982009814;1
0.6546847133964585;1
0.6310760447286856;1
0.7584161469936719;1
0.49735979196614355;1
0.22668082094781114;0
0.6427446363910616;1
0.261354932749703;0
0.45479005003725137;1
0.3158023596931446;0
0.23180000554986396;0
0.5319547503342053;1
0.29505975048261246;0
0.2157563527932159;0
0.45645619987727015;0
0.23314371101637177;0
0.5221806730542334;1
0.2028602445790984;0
0.3248265109155445;1
0.43876832700787183;1
0.07626757349773092;0
0.14374323665102512;1
0.18201465901674718;0
0.2841047118116187;0
0.29876011979305517;1
0.4073289339102672;0
0.39645206788887;1
0.13566298107891306;0
0.18418821720172696;1
0.22975924546720367;1
0.26475668314532624;0
0.144746994668013;0
0.26153912817657643;0
0.23030291150432855;0
0.3280056565913277;0
0.16262463385094666;0
0.20108620881011874;0
0.24550576118393286;0
0.2987718228188698;0
0.5240514956376401;1
0.6396281101522839;1
0.2953348038494148;0
0.32809286133226295;0
0.2974914247957803;0
0.4379782805009235;0
0.45886076212773264;0
0.4034807187809016;0
0.41182886898402615;0
0.41999550568084165;0
0.33988057291781937;0
0.2190112186004993;0
0.3979726052810905;0
0.6738112301676208;1
0.25627454893574086;0
0.3604404254408939;0
0.39284658258614935;0
0.31102661011670063;0
0.32598798735523354;0
0.3367398625629261;0
0.2230207194807272;1
0.14701471399114274;0
0.37094711011095105;0
0.7339358185843481;1
0.7972945103677386;1
0.38925550136980547;0
0.3710016855562412;0
0.46229284150031597;0
0.16887654044279585;0
0.19427735876455635;0
0.16154758375333605;0
0.12943914326242004;0
0.1132899959036857;0
0.3372554076219515;0
0.15614083914111737;0
0.446463346352119;0
0.2981552292571747;0
0.3408521377330489;0
0.19080209416357927;0
0.15660013387525581;0
0.11918778647526543;0
0.160007574006869;0
0.17611156150159124;0
0.36575442889167226;0
0.13603387341019202;0
0.2095140529892758;0
0.28401035474529385;1
0.14860442451631933;0
0.13496987392168405;0
0.3986986779263822;1
0.21441251311758994;1
0.2421679906828293;1
0.09565855917347973;0
0.20709893887291161;0
0.11783323902498903;0
0.2946077076094394;0
0.08923375036135986;0
0.08247533947496867;0
0.5419421308643333;1
0.5830630867163858;0
0.3350398135525299;1
0.3410067106926678;0
0.5705601759672471;1
0.3924484890606948;0
0.2528302086255186;0
0.39784013998398826;1
0.48257778699158177;1
0.46536719690716344;0
0.7634335889412378;0
0.7332897212263216;1
0.17904847723298553;0
0.09512180306257649;0
0.20151369690661391;0
0.10144375969086389;0
0.13880166930777088;0
0.26063294115450264;0
0.45709283576065934;0
0.27159904209998276;0
0.2747476220476339;0
0.20301859719057638;1
0.23856158232359168;0
0.4511774105692132;1
0.2252611574185982;0
0.12717285245425244;0
0.4669855046048043;1
0.44663894979060764;1
0.16402639355510615;0
0.34744210578857443;0
0.3741825292285704;1
0.10200520789826506;0
0.2936296480461397;0
0.2911941710702431;0
0.44375289674946045;0
0.2200161837079291;0
0.44073613658950433;1
0.3238162906870026;1
0.3898901812366765;1
0.4030928072643385;0
0.3449797298286785;0
0.27104080425614807;0
0.4281598411963627;0
0.5327843839155876;0
0.7016265008136819;0
0.6810556659057261;0
0.7457778469927959;1
0.5878520271926846;1
0.1856391924197701;0
0.2922179740132269;0
0.14712163271208964;0
0.2540064655412648;0
0.11955724487860694;0
0.24386047190848953;0
0.21492982251101497;0
0.17219560877066967;0
0.2676901138784174;0
0.44603655956342286;0
0.12816832546690524;0
0.19732563895529764;0
0.13923131809157854;0
0.12077462160987495;0
0.10595889394303248;0
0.1125438194049225;0
0.27943404489556495;1
0.22921718882138942;1
0.35498285298072346;0
0.1875867843408249;0
0.1693309999229146;1
0.1673480521542595;0
0.2853701930066106;1
0.4558503788466126;0
0.25942295766351986;0
0.16266593999576484;0
0.15942359465128958;0
0.27646441271899713;0
0.23489881505654167;1
0.26049282422730985;0
0.5930508311510525;1
0.133286068857514;0
0.12760986686133252;0
0.16284843485195433;0
0.34141076491964034;0
0.13247352579806937;0
0.22531318736217634;0
0.24809168469120949;1
0.46579753790932615;0
0.31076196064458805;0
0.2293225099103092;1
0.17428773557501293;0
0.20172782057981542;0
0.21633887240653324;0
0.5541309319403892;0
0.4820412353071942;1
0.185302649085876;0
0.26207454402439023;0
0.3407462569747404;0
0.15615668187534104;0
0.1503608706111275;0
0.1858118577721048;0
0.21359463314874594;0
0.2345629880868371;0
0.13057995235974887;0
0.15842276849626247;0
0.19957353439921527;1
0.38641535024285295;0
0.2633012890753512;1
0.26068435864470846;0
0.3838317035178364;1
0.3155142121766686;1
0.43676379172835295;1
0.2647877707147583;0
0.13609941988490534;0
0.1297723491463103;0
0.5122432503566261;0
0.4178173211133721;0
0.4540096820909889;0
0.563876195444448;1
0.42863599513766987;0
0.4040040345081062;0
0.5974310750874858;1
0.7119706668188963;0
0.4076806598843147;0
0.49188240244659864;0
0.3364971111339188;0
0.3402464537747539;0
0.45848663761863484;0
0.3589841254370325;0
0.5571812562626706;1
0.6410784430409981;0
0.5433392576646169;0
0.5764113312490474;0
0.5188944033408706;1
0.16131909762793925;0
0.38170606775377486;0
0.09809495693001985;0
0.11650442579596068;0
0.18704793462523492;0
0.31666442116018095;0
0.26875859712318945;0
0.29459830707634566;0
0.23779004932090742;1
0.20033914338208186;0
0.3010308734023705;0
0.22956299567429564;0
0.41440212177003954;1
0.2579993959038202;0
0.1698471516901;0
0.2125237343006252;0
0.2591777163106826;1
0.3986588256420601;0
0.4647872622594796;0
0.2423320927345952;0
0.12492595285175326;0
0.24046192667149832;0
0.36566983703598455;0
0.6019401798467452;1
0.2226474866155646;1
0.16466903551462073;0
0.24218322727350255;0
0.2756543728732755;1
0.2295981448769795;0
0.17947450852397534;0
0.21717907320568114;0
0.19378795991113532;0
0.1408845318537457;0
0.10359253445424985;0
0.20012046314312226;0
0.22573053347804495;0
0.26802031731005727;0
0.24681857983783304;0
0.1694569402430914;0
0.2576882059399407;0
0.22007170040817794;1
0.2926903032120456;0
0.15060913923680927;0
0.18290054624857252;0
0.3285866640195778;0
0.16451995215199075;0
0.27978377771439655;0
0.12013865872250602;0
0.12034349494275129;0
0.23224816971316642;1
0.30193661838330166;1
0.24607604976055675;1
0.47664582589315807;0
0.46183459951147987;1
0.5866406706173808;1
0.3208318539134066;0
0.3664654564393833;0
0.4651539070605431;1
0.484544719431763;1
0.24020466568092044;0
0.5489553220197437;1
0.44075356185103504;1
0.5790452425145255;1
0.6170112699408052;1
0.5425824917466794;1
0.5952625851544229;1
0.35362398075707147;0
0.3212656480615462;0
0.10570072870311473;0
0.18529744723363248;0
0.16548516835235777;0
0.18989998783350082;0
0.12629105064352217;0
0.1632735816794276;0
0.17246519593416879;0
0.2760670816639949;1
0.3482047254839905;0
0.09109013271691027;0
0.1515185897132493;0
0.16885256643829438;0
0.2645601407761866;1
0.24488125601453872;1
0.2405150764259663;0
0.23869599914904702;1
0.511743030919634;1
0.07215079977152308;0
0.305953760011944;1
0.20715989467305831;0
0.33631442063604394;1
0.39630418465283573;1
0.4794727231943598;0
0.4479854315285065;1
0.5669350518691973;1
0.5186720819321194;0
0.32472250058424107;0
0.30882030664921356;0
0.3975985846067786;0
0.2540412482735831;0
0.22995628513048869;0
0.2620113678011312;0
0.16649247050713656;0
0.20368141622990943;0
0.20088455301219965;1
0.13508572157865212;0
0.20938866989345867;0
0.24096183719062286;1
0.17763077198305793;0
0.1511762965613591;0
0.15527780482672854;0
0.26486203166595784;1
0.21481600556718244;0
0.3390309728934385;1
0.18671599367170175;0
0.35431230142777315;1
0.23631329803283857;1
0.2338637462381654;0
0.18452671709132912;0
0.1739549422423209;0
0.2586503640943772;0
0.33554525038470423;1
0.14236560126626938;0
0.17262818209257896;1
0.1377065754354456;0
0.18101040091378306;0
0.37591401007112457;1
0.20841920025626368;0
0.1938300539288118;0
0.1784513040188933;0
0.33652079086113146;1
0.19712333438418653;0
0.28477239600841986;1
0.23550954427090187;0
0.16450548673126597;1
0.374138233072357;0
0.1535096549618995;0
0.2780586525693524;0
0.337389555701848;0
0.2572577824872774;0
0.14284311769739033;0
0.11589928688770937;0
0.2021071820727011;0
0.15140609799787091;0
0.21080168214917197;0
0.17875187018081395;0
0.24016774045274242;1
0.36429610184893396;0
0.16843444102332703;1
0.2638510193580549;0
0.254027630025758;0
0.16402753472274317;0
0.26256781950928654;0
0.20319113910875175;0
0.18151256323712409;0
0.16145212462553088;0
0.18021547288260156;0
0.17560696604077186;0
0.21623218668031885;0
0.1766226023638276;0
0.2162315216763632;0
0.27344425573212233;0
0.25101077619481954;0
0.19632871254492246;1
0.1428242531715443;0
0.20660527510539756;0
0.2597931125673134;0
0.24664109339976933;1
0.1943133739853181;0
0.24787767834358218;0
0.26579147041227796;0
0.29632465371718386;1
0.21805606061272076;0
0.36419043252005096;0
0.1762566827223154;1
0.3151194325790401;0
0.1720853220281863;0
0.24699372156415939;0
0.2439056824452556;0
0.17131484857508927;1
0.3224802457181398;0
0.4286745951305314;1
0.15300137736053507;0
0.35289027053641253;1
0.38991310447684213;1
0.4964933288976599;1
0.6051066065522599;1
0.3820817321776707;0
0.18656438948323292;0
0.3172200551330967;0
0.18183922264934815;0
0.4470941739631904;0
0.6894811336474327;1
0.7752085783166299;1
0.45337286272273813;1
0.7632125121710431;0
0.7179906384864423;1
0.7868124264411288;1
0.7102289290490271;1
0.6963030553297076;1
0.7265784361430152;1
0.12724185779140348;0
0.3976205500560883;0
0.2271618018788335;0
0.5746787988209534;0
0.3573639561909659;0
0.5019272843011299;1
0.5218477238902735;1
0.4922500180406473;0
0.5861974831605518;1
0.5876643194151744;1
0.5254371771547544;1
0.4706717757949449;0
0.4583610780767359;0
0.5066782359644587;1
0.44929659214145257;1
0.4910183520248342;1
0.5948300925037183;0
0.16966934937348419;0
0.14639720586543067;0
0.22050540663559814;0
0.37398848506810894;0
0.7948059421031446;1
0.7542871048062199;1
0.6358901489438445;0
0.7139672882599389;1
0.8744018224201568;1
0.777617184919554;1
0.6096247356153622;1
0.8556253000280915;1
0.8281702861191944;1
0.8132730978181487;1
0.7577947282179713;1
0.8176599350475724;1
0.7789289535224617;1
0.640940077151084;1
0.7709007493516871;1
0.7294474085004155;1
0.6584282012040932;1
0.21773085987793167;0
0.335047665396618;0
0.5928063437768907;1
0.6560379845155275;1
0.47381513410495274;0
0.47803085518025923;1
0.5699675948989408;1
0.4841523374981763;1
0.4823073553298462;1
0.6811648135801613;1
0.4426857546296743;1
0.2853556623984578;0
0.2974783922545676;0
0.19217692028203973;0
0.4804704050734323;1
0.22130556138187168;0
0.34115677309923587;1
0.2199140892527013;0
0.23564934902454443;0
0.19626817920855053;0
0.24776098146286293;1
0.19837213088394443;1
0.2200135192808403;1
0.16024557197218392;0
0.14380021845987292;0
0.16303037004626808;0
0.21114770293066118;0
0.4491757060229161;0
0.3371227343392858;0
0.21560626376500783;0
0.12398580381683684;0
0.3634295856338679;1
0.45600696753740855;0
0.5235463448983038;1
0.5728378441901982;1
0.5271063604144403;0
0.5488812203438578;1
0.42988736139775463;0
0.6868740064245961;1
0.273124866597766;0
0.2600012637184605;1
0.42553033471916296;0
0.23651202505897773;0
0.4937233951990514;0
0.5692284866603196;1
0.13716631735368645;0
0.13718799167545487;0
0.27295915660772746;0
0.27406293936397874;1
0.3660539705991626;1
0.2809416802565596;0
0.23980916484238604;0
0.16138152605278033;0
0.15334506479623278;0
0.21157224639546957;0
0.4835403355901264;0
0.17317769898361782;1
0.1210794451707622;1
0.16401673748094991;0
0.11214906245579664;0
0.11977310897685547;0
0.35193752952545815;1
0.3402349445687135;0
0.17514059342508917;0
0.1848786088867787;0
0.5863044393027533;1
0.2943329521397069;0
0.24410604814693804;0
0.3928732030978894;0
0.27128644515495987;0
0.20594153239769916;0
0.2756699526104991;1
0.2059040806014791;0
0.20582955227451372;1
0.22242813237993483;1
0.24499276082212698;0
0.2403183644658076;0
0.22154972734199932;1
0.19847523413331977;0
0.3738184213711046;0
0.20622386075250862;1
0.42169363265992055;0
0.24883759591643023;1
0.30620946905810476;1
0.25392621839525514;0
0.47611449040369536;1
0.526067927670781;1
0.2737515921939009;1
0.20453290040059596;0
0.44093451937929046;0
0.3924977763048352;1
0.28708995740399973;1
0.1502863684293883;1
0.3166667893458058;0
0.34059886618757423;1
0.32391578595509646;0
0.2520706012637014;0
0.25005375287113446;0
0.13486059259423713;0
0.22969147333164933;0
0.4369224744876595;0
0.24742260008149353;0
0.2977845903510958;1
0.2960617441565015;1
0.29123099108006784;1
0.27037128744261946;1
0.31382740757403;0
0.20105459269505843;0
0.2984591734361308;0
0.34566391241795863;0
0.6372068229137142;1
0.3238854509483494;0
0.17457815932746382;0
0.14519573618908238;0
0.17757105556776046;0
0.2120992993599132;0
0.1517152845277017;0
0.10594484529082276;0
0.23721433797166233;0
0.16475803390069485;0
0.3606426602771738;0
0.45838842622180775;1
0.24454470741473194;0
0.19548970136536392;0
0.2296148799303425;0
0.224498289341634;1
0.16733339370922995;0
0.12092067396111289;0
0.1586403954532195;0
0.4177164370514548;1
0.35977887386893825;1
0.09310786238433898;0
0.1313859400182539;0
0.44604613126488224;0
0.2861660121081008;0
0.3412036769288153;0
0.39081883669493456;0
0.42065022781040523;1
0.396914130327953;1
0.4948667389640458;1
0.559732579691547;0
0.6306506003835236;0
0.16812187682087168;0
0.2556736957358724;0
0.24367698864286014;0
0.15771720086033264;0
0.17294602788649663;0
0.226868868910635;0
0.5053982413428418;1
0.2889668307191067;0
0.22976155281502553;0
0.18234546374065203;0
0.3606113314238702;0
0.8858768703700204;1
0.6917611662304425;1
0.733175482720113;1
0.14535688048370377;0
0.2875478671273228;0
0.33044021099738263;0
0.7467449621254643;1
0.6244844415533909;1
0.22703592664195082;0
0.28504473824139404;1
0.2693006641316847;0
0.25219998249988124;0
0.21508652583048044;1
0.3489467413697439;1
0.30828979972396686;1
0.20350008049561252;0
0.19748187469024003;0
0.31727527112117004;0
0.28588581832224824;0
0.22672463767570977;0
0.1972227605118489;1
0.3005917087086509;1
0.11892391092429055;0
0.31259435008936043;0
0.20272300610212401;0
0.3557151311178085;0
0.24318856737876904;1
0.23258379500768275;0
0.3474777660951185;0
0.23063729813966524;0
0.21186306596311222;1
0.32447525545931893;1
0.3847438237775402;1
0.15084906604745107;1
0.2975464238268766;1
0.46074687336894393;1
0.4769206889658208;0
0.38258812627395056;0
0.5685049485656551;0
0.2113777537263424;0
0.14474017874327585;0
0.2292748775067185;0
0.1258828303665809;0
0.23324692125525975;0
0.17944146291412438;0
0.5968020335343218;0
0.45790666063100643;0
0.27982447992557224;1
0.37380532657770976;0
0.3133559355828767;0
0.7335893303219745;1
0.7440329468815459;1
0.6384708668395618;1
0.4958406074093508;0
0.4248742233804816;0
0.4559203008625316;0
0.5585868356479211;0
0.38116864516760396;0
0.2272529851264262;0
0.19906682014314167;0
0.11993293123785877;0
0.17608289093403828;0
0.4292593833036271;0
0.3147604511466542;0
0.23080986627777056;0
0.19960028625117504;0
0.11602007998665549;0
0.19487148878025742;0
0.13803381733786216;0
0.18708401944636377;0
0.2668006671221066;1
0.27214284618751405;0
0.19078745018575635;0
0.4920269103275957;1
0.19516273968649928;1
0.19968084242126172;0
0.315786184136377;1
0.35116049766874724;0
0.24433802033963317;1
0.37160011360274575;1
0.26881884635331343;1
0.2661570335237731;0
0.35500263330046355;1
0.17076293400132295;1
0.29402441469007556;0
0.2610226182644525;0
0.21934102635227784;1
0.49290527512869603;0
0.2428400814450484;0
0.1788585073984214;0
0.2058766643477553;0
0.2914801859914356;0
0.32471750371683944;1
0.26263067893463216;0
0.21928439679686285;1
0.3659010986461244;1
0.2089127386824191;0
0.23010158833522212;0
0.15916580735319388;0
0.2098339539013247;0
0.2837126281770677;1
0.27813666614546306;0
0.24691171698739706;0
0.30724570771303616;0
0.2429626439589877;0
0.2604136616164149;0
0.5386062970288419;1
0.5058412248010125;1
0.5373644506897197;1
0.6294656913586252;1
0.3070116532410296;0
0.49777178858958493;0
0.1666023401501499;0
0.14108246041442718;0
0.13510519321748737;0
0.11561151839658411;0
0.1469907862315047;0
0.19050318129301427;0
0.14242379090376148;0
0.13930506460246125;0
0.41805929092667243;0
0.35156870284712316;0
0.6844498096929137;1
0.5595922412134371;1
0.5740359559620316;1
0.49499428356312203;1
0.6768033062853057;1
0.3362518979351116;0
0.25433734243689865;0
0.424501195157983;0
0.23130473883123354;0
0.3736114959547807;0
0.46758512839614247;1
0.3680066450336408;0
0.5112572779272175;1
0.396453908526466;1
0.33685314262864596;1
0.4291050956621045;1
0.264108388013419;0
0.5682870458141568;1
