pred;y01
0.17953093442451082;0
0.210462906339573;0
0.12310738500852594;0
0.13890708383696715;0
0.3036263752157985;0
0.2193025978209249;0
0.21954326837757457;0
0.3228561619832476;0
0.3184927049933026;1
0.16266309345611896;0
0.17374264903609557;0
0.24318537741962407;0
0.23648581241455766;1
0.2569319052201864;1
0.18862285595420075;0
0.23411908559183983;1
0.24547344964174198;0
0.35071986058938015;1
0.25669393959726067;1
0.1932030658777296;0
0.14131124333159725;0
0.2334630514533538;0
0.23128451838565658;1
0.21233295531321933;1
0.17766297477974105;1
0.27187276623117945;1
0.23785415100055932;0
0.2458413550557837;0
0.3734105642947178;1
0.2198158594246331;1
0.25820115144264066;0
0.206472855638223;0
0.25347040013587324;0
0.3679771017005448;0
0.3245749550313131;0
0.31810193101440287;0
0.31285166459521424;1
0.2998860778460923;1
0.314665447013486;1
0.2595706575771909;0
0.2233094636669227;0
0.2270633676806012;0
0.22342740012169218;0
0.22603238750390872;0
0.33430257076254877;1
0.31983504238084937;1
0.3348789718084025;1
0.27337999778358235;0
0.3459207137485489;1
0.29309719803535667;1
0.28321175355003425;1
0.383027534113842;0
0.2529876797705708;0
0.32002009625942773;0
0.31538241223820157;0
0.35336036328071274;0
0.32195329220899754;1
0.19864699255602797;0
0.2158201797396399;0
0.29779279414170556;1
0.41564886222417685;1
0.24396078889137196;0
0.22491158101418474;1
0.34264810577153876;0
0.11681164603548919;0
0.3771112523560988;0
0.223904589530366;0
0.22151484579576303;0
0.2458783319622579;0
0.14007169378593665;0
0.1710166697235061;0
0.2032036735937037;0
0.16969649609749823;1
0.16665544817762953;0
0.31563098717438454;0
0.20892145305083168;1
0.2839959179973651;0
0.30620317520979395;0
0.35969735901453803;0
0.44737387711117976;1
0.23405711071610164;1
0.18753967960342324;0
0.4836167542497176;1
0.3753466814931802;1
0.3256371773125385;1
0.29965352371500803;1
0.33928344153115886;1
0.3802793499320269;1
0.3737312788283702;1
0.24854943409650473;1
0.4450403538765144;1
0.32762927527618974;1
0.4987024501121016;1
0.27394040844769185;0
0.3605732241186466;0
0.4623119462823034;1
0.3047989978163086;0
0.3263248979267347;1
0.31917387742621917;1
0.3622647854744242;0
0.3253624637203297;1
0.3804999617050349;0
0.3627808281556256;1
0.2923887956090197;0
0.31636878845610056;1
0.5195421168471327;0
0.312876776475103;1
0.32981760272757094;1
0.1682409773118452;1
0.31983006015335236;0
0.38708186754976226;0
0.33609914095272203;0
0.410426617058608;0
0.27665830584344236;0
0.1573004992367437;0
0.20569084619216693;0
0.4875898133114625;1
0.2720507915046495;1
0.2850275407648259;0
0.2961371213155613;1
0.4112134158506842;1
0.3889697899458846;1
0.39348385401338815;1
0.3270897428342621;1
0.4134543720309183;0
0.41500839694851216;1
0.40401684553874545;0
0.27843189563199483;1
0.434798671640795;0
0.36871951638332034;1
0.13699040323457115;0
0.3994840350100385;1
0.39977362405356737;1
0.40550322705668634;1
0.3885753254778531;0
0.38854200136413997;0
0.18663851330308728;0
0.1322154630896552;0
0.1727483187169748;0
0.3518881674329807;1
0.24907102750708723;1
0.273275396669432;0
0.19528691670716408;1
0.1857010259938835;1
0.21522079750961615;0
0.30438276484850946;0
0.17792118808314908;0
0.3167434893715566;0
0.23951325526969616;0
0.3049856673442688;0
0.18927803213565206;0
0.3183467806590544;0
0.24497779790395693;0
0.2657176117780418;1
0.4459703193360924;0
0.3808637913656987;0
0.38243072062944045;0
0.22677408640643015;0
0.18571787930819594;0
0.1741754633550021;0
0.24232179772018503;0
0.3247016935374469;0
0.27839612343595993;0
0.393145803243849;1
0.2739711676198415;0
0.31151043338546;0
0.451145745131065;1
0.38640541614951507;1
0.472898883070158;1
0.38448392126929287;0
0.4502413739789328;1
0.3971368971631083;1
0.4314900822931838;1
0.7250798335990226;0
0.4617544587118128;1
0.449570057659348;1
0.5212462515157872;1
0.5523479836215068;1
0.4976137354864465;1
0.47418757196265304;0
0.3655222064548741;0
0.4227142699808075;1
0.44235485385192513;1
0.4508051174023976;1
0.3553651708166229;1
0.2997023381971265;1
0.3097464713082503;1
0.4456986998955734;1
0.5776009993612329;1
0.516575477486162;1
0.4755365561101857;1
0.45022336594367834;0
0.6315215489289784;1
0.45426884645165694;1
0.4326624529492924;0
0.2996597187470173;1
0.7024635202761501;1
0.7028940770384139;1
0.5389999868085411;1
0.6413785168928824;0
0.49168278114733927;0
0.5057106908140747;1
0.5760057536789657;1
0.46018878819037184;1
0.5603466450248322;1
0.4214671372486499;0
0.3752910124483172;1
0.4650919038509085;1
0.3066612337632029;0
0.4052903682092847;0
0.30966706215308176;0
0.20784592084200804;0
0.21018357525885953;0
0.18740733886183328;0
0.20351003088843567;0
0.18996236454994173;0
0.1953765213295271;0
0.5131742924347718;1
0.3188945132194018;0
0.22027919275522787;0
0.2558547449269939;0
0.18484438158435604;1
0.38795405555492873;0
0.2199504465731009;0
0.32579793727603634;1
0.3007661576702725;0
0.2058563149128406;0
0.2150425545746625;0
0.12893654855751088;0
0.34809259726308545;1
0.197728673615325;0
0.2511588784037179;1
0.2606765823150961;0
0.2693709951391574;0
0.13191191330105836;0
0.3004429232441031;1
0.24428071038086066;0
0.2769341957102058;0
0.3476536896557934;1
0.23288443500126904;0
0.19695683351845256;1
0.18757763219252171;0
0.15001357179114713;0
0.32744654636150455;0
0.360783790645744;0
0.13125305384237637;0
0.26029771996439494;0
0.22866695563903158;0
0.1838590668175133;0
0.18550520052970404;0
0.2695112583661691;0
0.2309760002016581;0
0.14465127095902447;0
0.1869358611552975;0
0.21526964293409756;0
0.2777622901275217;0
0.2013039989200508;0
0.18834523334633488;0
0.2186075360077708;0
0.19357698127764872;0
0.18751343715448426;0
0.14312233204049615;0
0.18669944004782843;0
0.21985077784114895;0
0.17424064303164288;0
0.20768979180684677;0
0.13691354497773708;0
0.26921957936171137;0
0.23938942048568804;0
0.16344655589672116;0
0.26076836127486525;0
0.21038233578190985;0
0.15355404522269758;0
0.1438383648883605;1
0.279791233120029;0
0.2003051648684543;0
0.18439240395404902;1
0.2246976628303432;0
0.23926474858003324;0
0.17380227677062987;0
0.333944021796977;0
0.22185217175183192;0
0.1768759272338009;0
0.25708161695143783;0
0.3029054896188115;1
0.48403600333629243;0
0.3265945043392335;0
0.3352200345429656;0
0.2044471475375336;0
0.16702060314616132;0
0.253413162251222;0
0.20545110937400185;0
0.23407040936981435;0
0.19947047022061123;0
0.3920462757970493;1
0.3595959298346156;1
0.1811307938139256;1
0.20559185857534423;0
0.18695629943549388;0
0.2514240206441096;1
0.20454469399691205;1
0.16390740192021078;0
0.30263954628927264;0
0.19864466825898464;0
0.16278209163279794;0
0.19959934863527587;0
0.2916842797627267;0
0.2059045096168834;0
0.19304919501518625;0
0.2994870170229096;0
0.25836915110445086;1
0.30760368174925884;1
0.26034113152081956;0
0.24741801230605204;1
0.2239758194448718;1
0.1483027779886259;0
0.19603349831585842;0
0.32429222256918144;1
0.16978790796458756;0
0.20906853471979336;1
0.2903757163969484;1
0.20097341267392654;1
0.2641388381563553;0
0.2201156681636243;0
0.23536788501690148;0
0.25311040277009994;0
0.2551601991472405;0
0.22106633580255952;0
0.1902278396141869;0
0.3352222134179617;0
0.31374593422190045;0
0.18551936595267754;0
0.17463215066663335;0
0.23146746469459267;0
0.2411178340941894;0
0.20799011921933214;0
0.30893289999452106;0
0.21804366090585228;0
0.2700231017131177;0
0.1973599374193909;0
0.17517220427493088;0
0.20656365372380017;0
0.1933875575574253;0
0.14586358311035025;0
0.23182341238290352;0
0.2362444852876321;0
0.1799815260742132;0
0.20786604356575974;0
0.21660509943096054;0
0.29721107835228266;1
0.16682695054588767;0
0.1795486127258514;0
0.1108700524602687;0
0.21130701533958224;0
0.20363023290621465;0
0.25482694086838376;0
0.1850822290449139;0
0.23097945768749426;0
0.33152491381153276;0
0.17962662433138232;0
0.20055206834458686;0
0.14015744286881493;0
0.200189145110678;1
0.17264563754160672;0
0.20840446476560123;0
0.23384157377543532;1
0.17013430884300895;0
0.3181999616840912;1
0.2188995981296494;1
0.09056302575986563;0
0.260304357713332;0
0.15323957687168852;1
0.2121923522835905;1
0.13334179823563627;0
0.18654050380995482;0
0.15202456322494343;1
0.33051421749426485;0
0.4047929828637274;1
0.14449006872728035;0
0.1603699913760607;0
0.2665858572477983;1
0.41556314217370455;0
0.48399149624291415;0
0.2686823313653539;0
0.4747036909714703;1
0.653867445051179;1
0.7185736560088702;0
0.4105900546244547;0
0.6011508206223445;0
0.6661215106697117;0
0.6084364844441835;1
0.5975927450207587;0
0.6819861989455148;0
0.787221311197187;0
0.605138069069803;0
0.6824151836467188;0
0.5815168918987056;0
0.7637556401246223;0
0.5826609753945221;0
0.2821805775820714;0
0.5255960812492666;0
0.4853057188597812;0
0.6558110769984503;0
0.6413851067406184;0
0.50792248955885;0
0.6236889159749152;0
0.6812117945499434;0
0.5311026156453615;0
0.5142782718143841;0
0.37441462742450554;0
0.22974014001045714;0
0.3748514190006399;0
0.33595737858067465;0
0.1708670185657293;0
0.1883682622370651;0
0.2921903408996918;0
0.3027497853165587;0
0.5535682576068837;1
0.1904653839321882;0
0.11702871192228845;0
0.3320447234881191;0
0.34643091179452984;0
0.42170812662733936;0
0.37439546910647364;0
0.3082644190226851;0
0.41567162724946743;0
0.2958970021236173;0
0.42604137495407196;0
0.4360064786602556;0
0.4251810050588912;0
0.43238512173757954;0
0.30702994115272386;0
0.37382975270090485;0
0.3739210024243159;0
0.337031368290793;0
0.3001983929267858;0
0.4312760899237963;0
0.20828739950166322;0
0.38922205153010697;0
0.1377309561168286;0
0.16947152781392383;0
0.14914128356597642;0
0.15100029415403746;0
0.1614182318348236;0
0.1554644238531926;0
0.18242421986174717;0
0.19787807502005805;0
0.14185027655813087;0
0.15136792898297396;0
0.19828453140850144;0
0.1683465615662551;0
0.2309159085852293;0
0.238423633420591;0
0.16186605272374285;0
0.09113570130109122;0
0.2773292714596392;1
0.22404414371426987;0
0.2711145231490414;1
0.2503191146683598;0
0.1718249447706923;0
0.17128393760814084;0
0.08343400222458337;0
0.23263275717395765;0
0.13246296658640241;0
0.13566810817840588;0
0.320763108670267;0
0.13701538270452518;0
0.15441301800407048;0
0.16591972777764225;0
0.132447607132187;0
0.15264036919962565;0
0.25556095198740636;1
0.541667086674801;0
0.21865733750573424;0
0.2302378819220933;0
0.247234177970562;0
0.36815195842747755;1
0.17076697091785167;1
0.16923364338033473;0
0.3514066622197336;0
0.3188058801979671;0
0.06661312016976147;0
0.4525947826180729;1
0.2973335957570044;1
0.23222073817493388;1
0.2713278914015841;0
0.1369524455332889;0
0.1359712251307954;0
0.17451433700949792;0
0.18940580251033853;1
0.16483240682381764;0
0.23756170387703326;0
0.13902719668439437;0
0.2197236720302115;1
0.1316213875686234;0
0.146806502512585;0
0.1625946511738243;0
0.19569899126320103;1
0.16039713032936934;0
0.18591196762891413;0
0.13713645674496616;0
0.1252048979066052;0
0.29586462570382027;1
0.17166476404385772;0
0.19796589377184226;0
0.2741612444607597;0
0.2560453506322093;0
0.2583669977927237;1
0.19940794578643956;0
0.31849632047791043;1
0.43682800881058037;0
0.17410924586130372;0
0.1742948350042401;0
0.2923859829374123;1
0.2395313502472744;1
0.12009133945623317;0
0.23688938325983194;1
0.19334700216709572;0
0.8669419178426412;1
0.7139553341224081;0
0.6560716512855932;1
0.6272864232652062;1
0.7781983635453534;1
0.7587368502342456;1
0.7523833687101802;1
0.7477210983949508;1
0.7589739879201692;1
0.7304282652694566;1
0.710165455503925;1
0.6466982291993526;1
0.7033849817715856;1
0.7106920946271668;1
0.8174826852462268;1
0.6533009856504838;1
0.7681157773387733;0
0.7691364598956608;1
0.7917661218726691;1
0.7407491315849007;1
0.7699584363852076;1
0.7578261573278559;1
0.5154681202237937;1
0.7408866440045021;1
0.7923013464854953;1
0.8560464333001165;1
0.7719628684393565;1
0.6494906369843917;1
0.7501124090586727;1
0.8248030173527549;1
0.8150941219504683;1
0.7535274834794127;1
0.6093198417717851;1
0.7934976044353311;1
0.6246245353957479;1
0.7412330896780109;1
0.7342602470545663;1
0.8835026703134183;1
0.8571118720076956;1
0.7324203786104319;1
0.7606778872420136;1
0.8350393249944978;1
0.7355796651671137;1
0.6757506462917224;1
0.8537687401739844;1
0.5482040629237702;1
0.7805489318542169;1
0.682881348503386;1
0.75543601091447;1
0.6698752437303557;1
0.8042562657714145;1
0.7593892732927022;1
0.7878269297922451;1
0.7456077394008719;1
0.7588361970160582;1
0.7037423344525805;1
0.6655491622742579;1
0.7127246346197783;1
0.3946962088636817;1
0.7719611099141692;1
0.7166509133932993;1
0.5880432848960162;1
0.7441890225221791;1
0.7010661634827179;1
0.84816797317052;1
0.8984917625863782;1
0.6828266329044399;1
0.7100388665096281;1
0.6670472244063828;1
0.7647237175039144;1
0.8308212727994455;1
0.6201462867643197;1
0.6875345103202009;1
0.764534841475598;1
0.21141592370940063;0
0.3202215988338155;0
0.22981240212923237;0
0.11911772806286017;0
0.10603921046138455;0
0.2535619771324983;1
0.31320342569745396;0
0.1397940276329995;0
0.3743918313107325;0
0.17917932447746535;0
0.14884474926929053;0
0.11108512937875224;0
0.7693525335263136;1
0.7380510795355361;1
0.7395372292347056;1
0.7893424410157398;1
0.6682683646681865;0
0.6829914219985327;0
0.6789584281034177;0
0.7221085945674857;0
0.7371631524797062;1
0.7644482090151018;0
0.6761423888694219;0
0.6136586640579952;0
0.8202345436084185;0
0.6734949383421331;0
0.7976084619326346;1
0.6647399951202106;0
0.806229134717636;1
0.8531814737388633;1
0.7425352285583094;1
0.7892439573749375;1
0.7868692983323377;1
0.7512541859814367;1
0.6904184677915777;1
0.8644313256893994;1
0.7877240558100964;1
0.9881640449985214;1
0.594117765644614;1
0.7652896031108946;1
0.5003109936693033;1
0.8979690706867897;1
0.7438901009097733;1
0.6916952568125563;1
0.7631051654879834;0
0.705628981886148;1
0.7000395342804206;0
0.8194704384909361;1
0.9020154013032802;1
0.3805556662349088;1
0.15064831030483208;0
0.33600370391657325;0
0.25193166540119066;0
0.33184121990755916;0
0.22099741352259625;0
0.2918637960099908;1
0.14879896505365808;0
0.1558237676943625;0
0.15965966909078924;0
0.5966038632692171;1
0.18685658492808796;0
0.15886453881245186;0
0.1250213549742504;0
0.23268905675622462;0
0.17390315983577956;0
0.16788705070097798;0
0.2116385604058352;0
0.21047763569852182;0
0.20960512821475005;0
0.22610993375755223;0
0.22942875218662354;0
0.29811407317697863;0
0.5136905943334493;1
0.41188068640245185;1
0.4258872639738583;1
0.4339752453331722;0
0.3430170638037054;0
0.3440626746890372;1
0.4883298669720036;1
0.33065603854723363;0
0.48100424261196406;1
0.3991225638975214;1
0.26351228677750566;0
0.4445336388389191;0
0.35351639566162507;1
0.23006748756843873;0
0.4552209781843322;1
0.421413993937271;1
0.2177875612412241;1
0.3450246314782244;1
0.38327260086108217;0
0.2876619991220769;1
0.28950200859017905;0
0.2682406452049151;0
0.435171930113126;1
0.2891661243030787;0
0.3590615653891607;0
0.35160226320411;0
0.39031805151395826;0
0.2190737366741681;0
0.4517433030706374;0
0.2712051369658822;0
0.37652072277373083;1
0.37824092106260887;0
0.3475033412997207;1
0.28283711614202744;1
0.3561724559501184;1
0.4719860760352464;1
0.41813842638627763;1
0.5618780463145183;1
0.28482074645158095;1
0.43051862146472863;1
0.3024034598520898;0
0.36169870155012573;1
0.3464838077829068;1
0.4476033512612243;0
0.38201681359636314;1
0.37945448408381605;0
0.2155170271523187;0
0.38084888892025814;0
0.4557326225193438;1
0.326355655237718;0
0.5061195101770999;1
0.47293149793759187;1
0.5284679614496903;1
0.45685363853691136;1
0.35454772359735504;1
0.3719126468320414;0
0.4671396463631699;0
0.5112577037811957;1
0.7405159102504635;1
0.34077572390053185;0
0.2350593064196093;0
0.4246731577214956;0
0.3993698872281543;1
0.44209286219346866;0
0.3648649982758083;0
0.33613349963619926;1
0.32158097159790766;0
0.3027441650776873;0
0.2791609301039694;0
0.401386545608407;0
0.3788355571506301;0
0.3347286290679582;0
0.3803094320247077;0
0.4003243578204698;0
0.24949918267558913;0
0.41596077017613975;1
0.21797684823470836;0
0.4249678620778389;0
0.37718786833065543;0
0.4852930103410064;0
0.4061705796727142;0
0.39887954462528846;0
0.3664036277564307;0
0.3125889558658382;0
0.39838438306065754;0
0.24190213115626993;1
0.4618762732518112;1
0.1660830531873173;0
0.3434826929450035;0
0.32047773325467166;0
0.4351186116643727;0
0.25223796690858097;1
0.4030620454193487;1
0.30436321779331726;0
0.276335441411655;0
0.4667512459267961;1
0.3798782815306329;0
0.37299922322091444;1
0.2917489032769736;1
0.25055316285650747;0
0.3749618173703762;0
0.5473925676586062;1
0.2738098219821047;0
0.2196888698886983;0
0.3101274597210494;1
0.3980486968183673;0
0.3099693007696172;0
0.33407207778323517;0
0.2890066633275841;0
0.3629239933220272;1
0.3015800770074542;0
0.36325088824204016;1
0.3203679196540283;0
0.26420894482628926;0
0.15750399521860142;0
0.2535552073371471;0
0.1808574086016466;0
0.16932201123323243;0
0.2717561993545241;0
0.275442398569655;0
0.2428338564738174;0
0.35332828213850775;0
0.22678148516691446;1
0.4158809514716638;0
0.23537239794857234;0
0.2885424578995199;1
0.2050560641457802;0
0.22938217634026786;0
0.1875395980630361;0
0.20879818071749173;0
0.28317852839752133;1
0.14625600847834977;0
0.126664138661549;0
0.2755619736386588;1
0.2632046249648067;0
0.24970487641144928;1
0.2753064538658521;1
0.2496410515363202;0
0.26116779728514394;1
0.3162586914043366;0
0.24515655587764637;0
0.37899219984180366;0
0.18957094919649622;0
0.23097019330997282;0
0.3017243332560961;0
0.23549027924962596;1
0.15989015886151037;0
0.20149138642447265;0
0.38153701982390975;1
0.21601020951016875;0
0.20497097523519628;0
0.6292302198466115;0
0.2556409865570027;0
0.42498348686185483;0
0.1371035854303849;0
0.15090104309143781;0
0.20281721017255594;1
0.2629614257241146;0
0.17614985073385767;0
0.47700224601264546;1
0.4667941638414456;1
0.2014682275932665;0
0.25249768441602777;1
0.27327983022100844;1
0.23747238961863032;0
0.22707637828499122;1
0.2475532002364118;0
0.4809858757130282;1
0.2896706499668139;1
0.5802385820792427;1
0.5723701008597541;1
0.39468865250792573;1
0.4715468256016821;1
0.4455056822592212;0
0.4834177126296923;0
0.38290933357883533;0
0.3973825467937663;0
0.36397971893116615;1
0.474253812960483;1
0.5428364845277482;1
0.578636906697249;1
0.5959302246894521;0
0.23064619853094975;0
0.677609499935796;1
0.43195083148407354;1
0.45245352242097425;1
0.4746461112630778;1
0.3171627178559073;1
0.4598209799338403;0
0.4821513715433861;1
0.3594611188218618;0
0.4163992657494074;0
0.3944327663054754;0
0.4918235004662241;1
0.6079023635427994;0
0.35232900552403895;0
0.9644514175601182;1
0.28779064093215523;0
0.5843821567648769;1
0.38679702631467305;0
0.4219353262503079;0
0.4294645285475015;0
0.5602206546898074;1
0.4547259426450282;0
0.45884562505954196;0
0.3649842106740509;0
0.37096250224760396;0
0.3896655605260752;0
0.4673875606127144;0
0.5603148988057058;1
0.8092249139843873;1
0.34164113167009774;0
0.2675538671758729;0
0.433641965806361;0
0.6012032248024964;1
0.3497601639783355;1
0.37504869400082763;1
0.3988053117542975;0
0.3628530192872221;0
0.3413237565201378;0
0.5272528128796089;1
0.44709434313137036;0
0.4019131966480786;0
0.4055455628456883;0
0.36606002748900013;0
0.49518765740600373;1
0.4462682910110928;0
0.5259683142714888;0
0.3581383926023233;0
0.09900628352253621;0
0.4310538462456518;0
0.030373238356767144;0
0.3459200236337904;1
0.6631551163849095;1
0.37395654546784535;0
0.5135907329391681;0
0.5277020442118026;0
0.5113350885890864;1
0.5884966609058189;1
0.4997680661070743;1
0.47896330743210397;1
0.5356765926238128;1
0.45243506951151197;0
0.8380781834839823;1
0.34210404237374276;0
0.3838121530479183;0
0.4310376577035834;0
0.3795791897544449;0
0.4059744788077734;0
0.5613616472267275;1
0.5214098192082248;1
0.4094722375391188;0
0.4400046153981393;1
0.2574294470935597;0
0.5253953637900521;0
0.5031116556724765;1
0.6099792199457166;0
0.5070912866832049;1
0.43836220796029673;0
0.3580224138638755;1
0.6181768357689831;0
0.305238944262727;0
0.5035471285289064;1
0.4112314514487549;0
0.5525788967012083;1
0.4800850234703304;1
0.36885970667359375;1
0.24724112584474045;1
0.547332095502843;1
0.4416480482073997;1
0.2655001018813152;0
0.37052239761982886;1
0.3530019100815045;1
0.3262906486790356;1
0.16942049190908012;1
0.43447450289081274;1
0.2423780892718352;0
0.32852298646468986;1
0.281001380338611;1
0.26709656019570527;1
0.5146634583655749;1
0.2543057906408337;1
0.3256473966735956;1
0.3363945785853399;1
0.2359279679683444;1
0.21497387819229355;1
0.15023862184161585;0
0.1392491290754972;0
0.2997028641004582;0
0.2243681510609367;0
0.21440960677075446;0
0.2090857639830605;0
0.15954737211484782;0
0.24746641309858494;0
0.24058547746256861;0
0.2603597329915392;0
0.1510863992893283;0
0.15862462774203603;0
0.37663463366078664;0
0.1731343624278093;0
0.15727486982883537;0
0.21588359669588011;0
0.16013356712114116;0
0.217632774724358;0
0.27625767764913195;0
0.20579645301109692;0
0.48733931137977143;0
0.46451409206767;0
0.6123895451021789;0
0.2897499726680241;0
0.4378898578882556;0
0.6243101768600825;0
0.4512426215018517;0
0.18313550381308258;0
0.3327692287445324;0
0.6206979931956347;0
0.5641772035505656;0
0.43579739308432247;0
0.5149577821795718;0
0.3869453824638322;0
0.6121779404207051;0
0.7218993614653054;0
0.5709830720773228;0
0.6568327453201498;0
0.2765745961794738;0
0.5894849199693655;0
0.5958112173620588;0
0.6258270645471615;1
0.7003752974545219;1
0.3434015902123191;0
0.5112144668151428;0
0.4775014501657436;0
0.18493277220039148;0
0.5234016722901469;0
0.41228271555306173;0
0.41143634750725666;0
0.2250343311841795;0
0.6662071076681217;0
0.5354894571240445;0
0.3674538429778239;0
0.5661418818217478;0
0.5434422667424205;0
0.68713232801436;0
0.11150450566599443;0
0.7271578850882492;1
0.6660570818569391;1
0.6903979201035761;1
0.4408624609963869;0
0.726474461300155;1
0.4863439089153373;0
0.35523344671764845;1
0.6396911252048403;1
0.31320610613370803;0
0.6602709900632654;0
0.6133922551019162;0
0.6756179798653217;0
0.6190164213399412;0
0.5882726141288847;0
0.5876765018580049;0
0.7012058464693464;0
0.3514732091991045;0
0.1541633745568407;0
0.3725165737140424;0
0.3143217095526937;0
0.3615484464770338;1
0.3535758972859901;0
0.4421805444182083;0
0.27845212265817476;0
0.2865223458698322;0
0.3150296525589562;0
0.3892151719920119;0
0.4365879902914937;0
0.40250298429322967;0
0.3456649530663469;0
0.3181043800010106;0
0.790444384850697;1
0.7856370492659513;1
0.6803467139309904;1
0.8248877323816054;1
0.7430575518818977;1
0.8127077247674265;1
0.7320045372550003;1
0.7816141976889039;1
0.714190855348738;1
0.8084044663362461;1
0.8124495764178895;1
0.7781221693920571;1
0.7245891213119264;1
0.7960565823804322;1
0.8295705276380836;1
0.8530525952440432;1
0.6819829042063087;1
0.7321157357252951;0
0.7583432640681017;1
0.2598469715770827;1
0.8082231315963921;1
0.7976924972832142;1
0.7125236445000221;1
0.7423338617313942;1
0.6743804950769736;1
0.8148301593769441;1
0.8173307330255238;1
0.8446256731386841;1
0.886662723265501;1
0.6467633537483944;1
0.8153267656365324;1
0.8362060448047974;1
0.7378922681691803;1
0.7411515311095831;1
0.8666838077493904;1
0.8414847233211141;1
0.8023901955127155;1
0.7043670547157161;1
0.6153441237932816;1
0.7887573006837184;1
0.7606487914195795;1
0.6744126630076298;1
0.8038164340789204;1
0.9029816329455348;1
0.5139418753625276;1
0.743887813031054;1
0.813445037635445;1
0.7966561913307088;1
0.8597244382069975;1
0.8143319306926959;1
0.6568368242073728;1
0.8552214465906346;1
0.6956231235436311;1
0.8265137771809257;1
0.7405045994709056;1
0.893856408641999;1
0.7543557245532949;1
0.733052215761332;1
0.707949628074169;1
0.7855725225355596;1
0.6050381025670586;1
0.8710262212820717;1
0.730606961578578;1
0.7738006933703163;1
0.6863912683021774;1
0.7017536845665003;1
0.8090993973330357;1
0.8569745695134835;1
0.8311336908760208;1
0.8059376700133727;1
0.7808996516592095;1
0.8684469487916706;1
0.6849614754740407;1
0.7682521301992383;1
0.8179972561690364;1
0.7717402902318543;1
0.6940964787057952;0
0.8003796217962503;0
0.8468267520939745;1
0.7214984796419799;0
0.6947222044127044;1
0.6597538768352755;1
0.7809296873277003;1
0.8075505625731089;1
0.77801077000212;1
0.7361347082022665;1
0.7895343716485733;1
0.8320880376761357;1
0.8024101684931864;1
0.6883151411085175;1
0.8446475929964585;1
0.6322709866656643;1
0.6983798114954337;1
0.7630385982122616;1
0.8424822402902346;1
0.17126067236711842;0
0.20430177392143584;0
0.19165035088983734;1
0.1572566140505437;0
0.14235656909235778;0
0.37785622449488665;1
0.22025431247982277;0
0.2545981022439611;1
0.24067463043144338;0
0.10785972800536799;0
0.13492616786145037;0
0.14243604553097847;0
0.2741534644705056;1
0.30128883277521745;0
0.1333028152910967;0
0.11218596257543377;0
0.156489713762944;0
0.2559528622853714;0
0.1691132958677514;0
0.2865691554877174;1
0.09616157892104642;0
0.22669715682436078;0
0.16206075033497894;0
0.13189713758587554;1
0.15324562727741653;0
0.20751340570402013;0
0.1348684596696101;0
0.12408545439474808;0
0.13892721270280126;0
0.12031601680425491;0
0.28298761046369797;0
0.227596762057661;1
0.13570813352526215;0
0.14417396303644658;0
0.1147441768685897;1
0.2083779526023471;1
0.15410647025710372;0
0.1735278493377085;0
0.14626215545346086;0
0.7463165883962574;1
0.6332313838142049;0
0.5621876243695026;0
0.4161946963760836;0
0.6082490012362431;1
0.8322609374040622;1
0.8335864987443868;1
0.5197080844201396;1
0.7779112129858776;1
0.7388814548817972;0
0.7622691923350314;1
0.8349860885821977;1
0.8126112399205787;0
0.8439171247709497;0
0.8275130132875959;0
0.8001382445616475;1
0.49995605388357245;1
0.7766689647955168;1
0.7387213578516006;1
0.7796782723691973;1
0.7133324858832606;1
0.6289995336132778;1
0.8236282972504817;1
0.6274000310392489;0
0.6710876946237284;1
0.7345799709977116;1
0.5211226088720133;1
0.7353486276581694;1
0.5404339433190558;0
0.864057603740553;0
0.5653918656233338;1
0.7848877173215922;1
0.7068683072481537;1
0.489583449474542;0
0.7217734897499046;1
0.651263298597854;1
0.658942493515038;1
0.7546162333215207;1
0.8072056426915216;1
0.7295874968034419;1
0.46887255734958927;1
0.2395676461174004;0
0.42615896732881325;1
0.3686435792144155;0
0.3379479137821912;0
0.35492612944504937;0
0.43879481491172095;0
0.16903823209252206;0
0.26366235253947595;0
0.24038345804329286;0
0.21844605161952874;0
0.15333943119732446;0
0.1504869086402001;0
0.24273990631413614;0
0.20490329690621933;0
0.1619503068478502;0
0.46278630064380577;0
0.27059741427126166;0
0.3051834209044203;0
0.32182541050740104;0
0.23346135562945364;0
0.30901775570516;0
0.27261306348702796;0
0.38976775561020255;0
0.2579865930825635;0
0.2630774998527721;0
0.35688607144577617;1
0.2911062052347599;0
0.18168416549985478;0
0.1616819530918124;0
0.13085140616022697;0
0.31376943626912174;1
0.34148160423934804;0
0.3335064813354387;0
0.30471086163304706;1
0.43243322290109093;1
0.41430522181235285;0
0.25437851731578887;1
0.31869299782421917;1
0.16868170545873215;0
0.24921652755357712;0
0.25934877348326063;0
0.16389773160878066;0
0.21284233186358578;0
0.23243760410694664;0
0.272321145439474;0
0.19175275006155854;0
0.3144003375490932;0
0.45364854536230914;0
0.2819283926515844;0
0.2461311451756338;1
0.47705571416766096;1
0.2554841737240456;0
0.2521112811776335;1
0.289386284558692;1
0.26413022907410905;0
0.3118650543380702;0
0.2599900387507862;0
0.2244514343618037;0
0.3494093134026449;0
0.220301540898689;0
0.26532598147347575;0
0.26477270419142057;0
0.26816103114762585;0
0.22953510897135793;0
0.4323008497617644;0
0.23742563364524735;0
0.3125063201686078;0
0.18134853060737757;0
0.31989783956319046;0
0.23824923154442265;0
0.28458124519428957;1
0.3288092495777417;0
0.16806791032417234;0
0.22471658410005824;0
0.2315792087610312;0
0.20521960281877955;0
0.19506987174458723;0
0.16007376923229996;0
0.13292359799459708;0
0.3428397247513226;1
0.24517509628794631;1
0.19351038699080594;0
0.23110858153659436;1
0.22310407666408186;0
0.42470054715460615;0
0.300633955349099;0
0.28688389492339383;0
0.14254959671445694;0
0.18941708316884504;0
0.15197508818104394;0
0.44888860587513485;1
0.757938692573081;1
0.798312021522824;0
0.7729401028593301;1
0.6754021938579714;1
0.7638082445009549;1
0.8017081510000977;0
0.5093242062017919;0
0.6701138788335707;1
0.7366763324822726;1
0.7880215197640298;1
0.6246946841493709;1
0.6000022332279652;1
0.7576518215961164;1
0.6928695272432228;1
0.6307600596062934;1
0.6615234841478067;0
0.8033460867904159;1
0.7311406189512352;1
0.8532260969593054;1
0.7876407046536196;1
0.7298514514462041;1
0.748419103791808;1
0.5506314720644532;1
0.8378828267809277;1
0.777676752716713;1
0.6965394993470596;1
0.7502703760305507;1
0.7235331633487923;1
0.798944271466904;1
0.7564799931567877;1
0.7785379357856537;1
0.7256075209087002;1
0.5902779310366952;1
0.7335439222552675;1
0.6288297578438947;1
0.8160286656841504;1
0.8045330971819288;0
0.864803364065805;1
0.8427726436935564;0
0.8401450277840349;1
0.7135721455020474;1
0.8075184109309724;1
0.5754515087164889;1
0.811255567104884;1
0.6577299445085901;1
0.8268464684043347;1
0.7762711024267483;1
0.5729496347277473;1
0.7558468610636119;1
0.3362627652751751;0
0.32122911508946217;0
0.5313199639000824;0
0.33762038819182866;0
0.2679483521870296;0
0.24960212232772183;0
0.3794495900033907;0
0.42100319405661135;0
0.5849756437197526;0
0.6904032487476318;1
0.6376482665809047;0
0.7813835982664078;0
0.6407182593862214;0
0.34706892157097174;0
0.3159697387569466;0
0.27111510815927875;0
0.2860177238787158;0
0.47961055861752516;0
0.1718396399297095;0
0.13110759993036714;0
0.40416329213178037;0
0.1588466999714252;0
0.1923674424737045;0
0.47079707461777276;1
0.47346009591815175;1
0.25417493867164836;0
0.3536835637183614;0
0.36363183324279397;0
0.30535050275129316;0
0.3716618980499206;0
0.40766424915448135;1
0.3314932625559798;0
0.24702040541691975;0
0.36615141695570896;0
0.2268105586664737;0
0.233966163552502;0
0.5003209834724398;1
0.29210756984426045;0
0.36016195620361946;0
0.4103588654067796;0
0.40979688484197885;1
0.44884486008513186;1
0.48071396575303516;0
0.14266419854967188;1
0.13314432521424552;0
0.16114375972640743;0
0.13324799148355232;0
0.2103862161475167;1
0.16105365343666858;0
0.1934833568932831;0
0.14035392737609612;0
0.30930869162663166;0
0.19333785248748867;0
0.23057376648509886;0
0.28818766008083113;0
0.2166771925036216;1
0.2971461975150335;0
0.24037132626971228;0
0.25330439619712497;0
0.24646420050017823;0
0.3391469402381398;0
0.3306703952666086;0
0.1829129912294414;0
0.22122703526784504;0
0.3003966390288191;0
0.30140528229724933;0
0.3037974696725186;0
0.17369957831866414;0
0.19738001751488024;0
0.27801122617320256;0
0.4061207039887923;0
0.18678817480389442;0
0.17053483649319395;0
0.5318802053849848;0
0.7749397685969669;1
0.6698572931562101;0
0.794819923269686;1
0.603977801158801;0
0.7935213632966446;0
0.38812120539718264;0
0.4115777218115895;0
0.35110801970435535;0
0.7447973032685341;1
0.6954643174937771;1
0.7640327192424063;1
0.7455790568514937;1
0.7617440547478603;1
0.7261417509793724;1
0.7850103975747671;1
0.7888687173896374;1
0.750038826983348;1
0.7371043191530616;1
0.7934184197656694;1
0.8453195895055965;1
0.3787259703853082;0
0.6783223832027854;1
0.776475730828703;1
0.7234594311609595;1
0.7078569834414692;1
0.5299409891753054;1
0.7748988516786918;1
0.7450925814338967;1
0.23206247727744964;0
0.11589234571749184;0
0.18698789835251267;0
0.36390125438168874;0
0.2199746483447517;1
0.25258796062935857;0
0.2711781326856882;0
0.18055472290159436;0
0.22772817718045602;0
0.23691740603620295;0
0.22931616246075193;0
0.20144500640717228;0
0.48657695711998894;1
0.23617728402114183;0
0.30408640077887816;0
0.11380473939328105;0
0.24058502084705102;0
0.26326745956569403;0
0.23373653303254838;0
0.3930600751748777;0
0.36919805042862036;0
0.3124147434473868;0
0.4958527727650094;1
0.16269933469333206;0
0.20887129078393646;0
0.24719275444293115;0
0.12725205945425913;0
0.19343745896946496;0
0.40774345603481704;0
0.20373484105757633;0
0.18562870984886876;0
0.2352705452468349;0
0.1759154813891805;0
0.16852602199299452;0
0.12457100050014056;0
0.17018573521489583;0
0.14587617177688308;0
0.17928687636135918;0
0.20656299029401384;0
0.32752179627795996;0
0.19888947606234603;0
0.1819963273887233;0
0.24185054411028759;0
0.25579224878822565;0
0.2974781258763478;0
0.29221376989159764;0
0.21429121536807158;0
0.19481100608049595;0
0.2157300240837553;0
0.15200543253149412;0
0.136432544139035;0
0.1692967648631262;0
0.1436719750409316;0
0.18454675359017542;0
0.22295172758848666;0
0.2273992011253614;0
0.20807486095002325;0
0.1835815833752034;0
0.21527856714821464;0
0.2742620974253891;0
0.14284553108752732;0
0.1877019117680074;0
0.25171839975995625;0
0.2494643656577256;0
0.3038005637086819;0
0.02732502123192971;0
0.16696983009920557;0
0.1772958419506442;0
0.26239006937895;0
0.31256852323021034;1
0.2034877772231407;0
0.4266362825910997;0
0.28367731640864713;1
0.23337525978688783;1
0.7726580162643524;1
0.7446659624082396;1
0.49037163586548277;1
0.47677136166064743;0
0.32738861236020284;0
0.5607056470948109;1
0.3576172449834825;0
0.4194563556857977;0
0.15970339531634445;0
0.22886171541674827;0
0.1812336475198626;0
0.3860992635160923;0
0.39643093629231146;1
0.12682140311220885;0
0.2487338383207949;0
0.4101682706311941;0
0.44735675023090377;0
0.18406163877473103;0
0.33312448770621705;1
0.27899820496509314;0
0.20171340057353232;0
0.31126131495530457;0
0.27774364079581454;0
0.19992940664724565;0
0.21487498168165245;0
0.30832980250950004;0
0.22834818225871711;0
0.28277758899490485;0
0.3966278912606083;1
0.2672488271195711;1
0.3340182248445087;1
0.35686637478914024;1
0.38461571899821023;1
0.26815913090825794;0
0.2902085052729471;0
0.23418203670190482;0
0.1820146691019194;0
0.17377560470163697;0
0.34271199863196283;0
0.2515536371044134;0
0.3833739183847567;0
0.28352022867375815;0
0.35239100095389736;0
0.4025888324884847;0
0.3398085670370648;0
0.41675709717311665;0
0.2819879719372536;0
0.2701797895676962;0
0.4344286071825646;0
0.3721860156948494;0
0.31611186679859155;0
0.38613339344722636;0
0.2669750154307022;0
0.46979337017061856;0
0.3355941082149367;0
0.24629622628387815;0
0.288856984773147;0
0.38214035706495;0
0.3136108777599561;0
0.22578123821819246;0
0.3153428869990398;0
0.17622766073817664;0
0.33009824046300884;0
0.39539717869871144;0
0.2948283748790108;0
0.33322880742651134;0
0.2479004624517016;0
0.39711297433127923;0
0.2730882781274105;0
0.25623849571286644;0
0.4064650705673568;1
0.3782097896914451;1
0.412344350614029;1
0.5328108516205755;1
0.5082610967310454;1
0.3448586116786775;1
0.406312256622262;1
0.36600994719252866;0
0.35094858677841817;0
0.41903103030990635;0
0.4632603272853501;0
0.37498199765939716;1
0.34935798883136504;1
0.47193832321868423;1
0.3849621696241364;0
0.5981945066903599;1
0.34940085881638877;1
0.3876151006533018;0
0.32303947313227294;1
0.3488465036535427;1
0.39439627407931466;1
0.4881449865897;1
0.34181510418480365;0
0.4042137887066322;1
0.3582816934972199;0
0.21437578097657192;0
0.37310815777554607;1
0.3103296000761124;1
0.3419410111240303;0
0.33579821282409367;1
0.324339344670468;0
0.37420979191548703;0
0.33169349536527526;0
0.3609350932283568;0
0.33895045281242475;0
0.240423071737689;0
0.2514867188918258;0
0.17218665917913636;0
0.4040159412234069;0
0.5744322388463539;0
0.45346232021517924;0
0.42470268496492347;1
0.45393316407044493;1
0.38902825729246066;0
0.27996934809456203;0
0.21216037184319492;0
0.1938970788744594;0
0.1808377047552588;0
0.16476959434178487;0
0.27087359199557737;0
0.2731423683520485;0
0.3220113791852779;0
0.275911622195507;0
0.16876960450774817;0
0.25503773747261893;0
0.3431543650148864;0
0.2266607775445256;0
0.2731695549676615;0
0.2374365817973786;0
0.5856011559514888;1
0.322367965290481;0
0.31860887871800736;1
0.2227656668866352;0
0.15885624521650435;0
0.17364581514358324;0
0.5128322534377869;0
0.21140606251610758;0
0.15576651211460968;0
0.18751235776158928;0
0.2225080370626906;0
0.15594763181071994;0
0.16525377470208769;0
0.19041483907979959;0
0.1627271488149989;0
0.20559580293168583;1
0.12179295192766719;0
0.1306583177213197;0
0.1439556092250772;0
0.14490442281109067;0
0.16612380923890616;0
0.2171196192675497;0
0.21419177744812157;0
0.21263295068993157;0
0.24998020206853688;0
0.19285206013483605;0
0.17054354139976863;0
0.14974063772454288;0
0.19729960423445314;0
0.2122646133615924;1
0.14034197620619973;0
0.2903432329559743;1
0.09011669668839667;0
0.30307353373911994;1
0.1695322941097222;0
0.1853399007538801;0
0.3881438548260488;1
0.2438046828182524;0
0.2864917124968887;1
0.31809184074898483;1
0.16638258546216086;0
0.21800979108117655;0
0.41277273864848896;0
0.48573591801653465;0
0.5402224193500289;0
0.34969695947981516;0
0.23611275318684927;1
0.34247380383244985;0
0.23772760613189878;0
0.5207033326763097;1
0.1022202501395186;0
0.3523045631081964;1
0.4337622437197733;1
0.3023349137955582;0
0.253519782195912;1
0.40534671957047647;1
0.32735735263248555;0
0.19070318621344512;0
0.4732066172096731;1
0.46190009946974164;1
0.4981189567191723;1
0.42776643688489846;1
0.23401357907952264;0
0.13961947940003633;0
0.2058657624117733;0
0.1780944809378084;0
0.26214309412328646;1
0.3003447808381429;0
0.5556486511431118;1
0.25807629029712886;1
0.1999994715688405;0
0.1688208910090882;0
0.27708746452362376;1
0.26124584571272674;1
0.3135399685262228;0
0.35326050688816474;0
0.46168285687427835;1
0.1695965229297289;1
0.18998369322781725;1
0.2851248444539408;1
0.16188831456080835;0
0.1893793825211419;0
0.238753724139166;0
0.21287882288700882;0
0.2528175327445553;0
0.12253932307665166;0
0.5264922481216076;1
0.4427683665553586;0
0.4307435141672527;0
0.46253960940516775;0
0.14889705240298565;0
0.27763840182456956;0
0.20688528894317568;0
0.19966455658341664;0
0.2359463243421082;0
0.3195140282681863;1
0.21652290932410745;0
0.1833085258091858;1
0.3633138589025563;0
0.3124577375797783;0
0.10783521786537144;0
0.19160652710122192;0
0.15998910525578258;0
0.16387000138829788;0
0.19424175098153712;0
0.19655199272347776;0
0.18540003313600517;1
0.2511011689893108;1
0.16187503459057254;0
0.21643162998327015;1
0.17261646404703787;1
0.16006426963896314;0
0.21288354988204225;0
0.29591219864606855;1
0.2472352659201926;1
0.26995814458588846;0
0.198838008467934;0
0.1666043164134145;1
0.2962942345762548;0
0.23950242541937444;0
0.2508502084578865;0
0.28815956017163585;1
0.23522345345785747;0
0.23461024252398655;1
0.16012238973424087;0
0.2020721136899754;0
0.3337732845659261;1
0.19835509036773208;1
0.23330530405567884;0
0.22126428208983276;0
0.233454707906499;0
0.16178229031526645;0
0.2453103849034986;1
0.2546692851076459;1
0.1299323168355939;0
0.29094874943655796;0
0.29945850434658594;0
0.21798728484045998;0
0.39446253056558533;1
0.31971069487985215;0
0.18680103318253588;0
0.5305027303401753;1
0.15476897882145263;0
0.266345941329224;0
0.13283176916787834;0
0.8113134781934674;1
0.4801445223190787;1
0.1879396112040234;0
0.2883934506311894;0
0.3759726071134701;0
0.23089903780547952;0
0.17581627848028086;0
0.31704665666468257;0
0.3088890438874352;1
0.3043636988887473;0
0.20795187077138366;0
0.299037803422996;0
0.33749468616021183;0
0.3757985801548584;0
0.2767306115128061;1
0.2596309554118016;0
0.16543634199268167;0
0.22182809442657317;0
0.222920822170787;0
0.3404534285385298;1
0.24350020363425312;0
0.35573284558630147;0
0.4027475682048751;0
0.28452119637791884;0
0.2546404604858981;0
0.32707391158832966;0
0.19389433779977897;0
0.1672434316128913;0
0.3436540950507923;0
0.2529696282644369;1
0.16534478723584223;0
0.48519662017209575;0
0.19160311699080715;0
0.3356070508476796;0
0.2942996539297778;0
0.25975353233950704;0
0.4078810902776744;1
0.3394038872920847;1
0.15861928592086372;1
0.428015214414119;0
0.2796383977964012;0
0.1393093248086224;1
0.40283627443970077;1
0.39129703139658845;1
0.305798568097003;1
0.2805157798734726;1
0.23133023031486705;1
0.21194812315848038;0
0.2867485817452768;0
0.1494551955626767;0
0.1419025511434197;0
0.28738629941633653;0
0.32287637827365023;0
0.4463069852052315;0
0.29529105603078853;0
0.2727346733235476;0
0.7776047131892323;1
0.3551628035617474;0
0.2255941572532176;0
0.4721084267150247;0
0.42241210422339315;0
0.4397529342619913;0
0.49502638262183;0
0.5063115251979654;0
0.24554894947518058;0
0.4384743455771641;0
0.36016236318456074;0
0.3775365092399055;0
0.1682186601009159;0
0.2674328452915962;0
0.1636481358487021;0
0.2042899431622037;0
0.26483919735644235;0
0.22346506380189976;0
0.16348914471218876;0
0.11142790002824582;0
0.22042331094389972;0
0.46384197915454956;0
0.24040665888403132;0
0.320002511887664;0
0.14194553509320473;0
0.24892014998891562;0
0.24387586336181913;0
0.16154366174995635;0
0.16681014793419136;0
0.27918057909451727;0
0.24114831455912378;0
0.18068798305914086;0
0.17823336547659852;0
0.1900426251881112;0
0.06599944054572963;0
0.23704180476613243;0
0.3030894139425394;0
0.23586485119187972;0
0.15167170758107426;0
0.2567752113727264;0
0.23060127256218724;0
0.313006539330541;0
0.22739229682037138;0
0.17561934192977852;0
0.1281051855358156;0
0.1696542525333007;0
0.23436367458778534;0
0.23923728278564602;0
0.2428217508365187;0
0.3446988461515341;0
0.1460232213308642;0
0.19129365813420968;0
0.15293768765942425;0
0.22262808349803756;0
0.13857140028100953;0
0.18031076062608944;0
0.24081158064614577;1
0.11884976370603276;0
0.30027578874401406;0
0.2904168350478038;0
0.39222007574174134;1
0.3374965685688274;0
0.7390108571606281;0
0.3176338656740451;0
0.38533109743897015;0
0.43618408371280015;0
0.5635465042613821;0
0.2513472210287296;0
0.18264876505266572;0
0.365748787866326;0
0.33691947404118666;0
0.4112570830618207;0
0.3553060574619304;1
0.4500910204962719;1
0.4784892548457702;0
0.3315184327998407;1
0.34553949742500945;0
0.2875721026641178;0
0.33065166119616707;0
0.48451840157712883;1
0.4438560684555193;0
0.40300971185444373;1
0.3894178875865606;1
0.6485034414410081;1
0.5583575263987067;1
0.3950432088665763;1
0.47867577499501723;1
0.49673570198000433;0
0.3821818132232451;0
0.19274647499504835;0
0.20100885951585049;0
0.13524759684393403;0
0.1477352197434629;0
0.2608056319853146;0
0.25793310381104845;0
0.15742266644428865;0
0.20604832797818465;0
0.14102316119958444;1
0.22767609751245577;0
0.5279768276598219;1
0.45795051058847747;1
0.5623956436326967;0
0.43024755041514867;1
0.503966913251442;1
0.5320164333376519;1
0.5984657046604122;1
0.5021643913889776;1
0.4545836818795662;0
0.5904219939719648;1
0.576708148483619;0
0.4740666908995499;1
0.4778500328505996;1
0.5096912215901317;0
0.573446975172482;1
0.3967012676734595;1
0.37485836242576587;1
0.38786909426772487;0
0.5955303043398592;1
0.719617612238152;1
0.4305189117272137;0
0.6168368417916583;1
0.4072724282325701;0
0.48447353517587305;1
0.7130389321152977;1
0.47662022861649955;0
0.44880397553033197;0
0.4675497685442797;1
0.5676451492140175;1
0.4088113999070783;1
0.4818859474152766;1
0.6882099750750321;1
0.41983761559109634;0
0.35340811907748126;0
0.6328250546914029;1
0.42823120797526765;0
0.4332805696709244;0
0.5651225512512441;1
0.6402254970588638;0
0.4156800585911188;0
0.540238691496566;0
0.4121443263465122;1
0.28299138976645255;0
0.2835706450722347;0
0.19240581226413925;1
0.23522677377806842;0
0.3296302458492864;0
0.14413784302813878;1
0.2838943601076712;1
0.2746027618718335;0
0.20517303434304776;0
0.22260385875296088;0
0.20843427770132672;0
0.18351854344351395;0
0.25095012194122956;1
0.15072722584639459;0
0.2070359133185478;0
0.2442226185048526;1
0.47355268723372795;0
0.5081674554395805;0
0.48739119523659497;0
0.4821007745142606;0
0.42253537160214816;0
0.5012166169814842;0
0.525685875658282;0
0.45314216155845266;1
0.8845718753956201;1
0.46868077653617746;1
0.33318083893648565;1
0.2502595019069168;0
0.16745374100934057;0
0.23290988408713803;0
0.19402784552797916;0
0.4216990566342747;1
0.21190583586806297;0
0.6118597330840834;0
0.4277554453322372;0
0.31511441389283285;0
0.5305323196529907;1
0.3491388881788858;1
0.23413599657476142;1
0.1907770417526713;0
0.4302595238030595;1
0.33555665418713376;0
0.8179110068312715;1
0.23315773138550716;0
0.45912834122782936;1
0.6175292344442904;1
0.4442797984779743;1
0.2775220237264252;1
0.29142844169245996;0
0.6640471878815508;1
0.4759403287264535;1
0.5672538848436465;1
0.3675107188177375;0
0.6699862676751082;1
0.20871668949424016;0
0.33457464044919566;0
0.304783567405819;0
0.7181947982811894;1
0.2726916563299384;0
0.5372307876765968;0
0.30237767484615746;0
0.1898130610836712;0
0.6338768217776587;1
0.26340367111960744;0
0.46325441378003823;1
0.4550219421633382;0
0.3462061821278502;0
0.5745495545186308;1
0.1833313438261517;0
0.5597568111843934;1
0.26906861075173777;1
0.6959382226197787;1
0.318105867550974;0
0.15269717673198335;0
0.7062527622757873;1
0.5592906276837507;1
0.28756169419322064;0
0.888176187114625;1
0.3621559691058524;0
0.4285523684238572;1
0.37368324989681256;0
0.5220623183242633;1
0.34724141260550595;0
0.5378051209470763;1
0.5942953486500385;1
0.9994165918500864;1
0.37513416900274604;0
0.3893730248586958;0
0.2625543290367003;0
0.2733073573650079;0
0.5420217003631412;0
0.020510333967834412;0
0.24164482636661616;0
0.4954535562108212;1
0.5754285583979849;1
0.6554725868929889;1
0.7669668411497185;1
0.5255424923069498;1
0.2581001555079742;0
0.6153257152863488;1
0.21153102617367595;0
0.452546040814908;1
0.36754928282878796;0
0.18307321015614342;0
0.5026093939085465;1
0.298257206985895;0
0.22357572623120167;0
0.4010195392872622;0
0.2716922970638322;0
0.5015198621137066;1
0.21619060958757405;0
0.2902880463349766;1
0.5556706642113289;1
0.17034283604753628;0
0.14597905771649625;1
0.22498099187753398;0
0.2614945074636337;0
0.3392188912159967;1
0.40085945616139695;0
0.33243736957104286;1
0.17692314135869586;0
0.19924939394129973;1
0.1595603339833546;1
0.2639452159836097;0
0.17336234721660354;0
0.2742901967867094;0
0.24726666657855043;0
0.2961591740278366;0
0.17846489079861555;0
0.26060643381009907;0
0.25416319562968986;0
0.21783757535906395;0
0.48756012730347414;1
0.6689675720847101;1
0.2939131656087302;0
0.3677771333060472;0
0.299816880459694;0
0.4454468238660299;0
0.43027237772548915;0
0.3999159930815014;0
0.427530103576068;0
0.3887338331724505;0
0.3334671234293495;0
0.29049015183469945;0
0.37983809490141107;0
0.582909699713234;1
0.2854687238598652;0
0.3185675620998716;0
0.40636845681084677;0
0.2820680287189547;0
0.31751459237011154;0
0.321971765589159;0
0.2958906578135027;1
0.2183080466013276;0
0.38083035485014727;0
0.6397592260623726;1
0.4858606306413689;1
0.4207557622889447;0
0.39116978554260473;0
0.4961150941648782;0
0.19851385626172613;0
0.18942479980178134;0
0.16718278590879856;0
0.19645593940291675;0
0.15099671298199374;0
0.2627532590047684;0
0.16208912403604397;0
0.4605971991571853;0
0.30120810110441215;0
0.28945905460288684;0
0.1884199850235008;0
0.15435938060207507;0
0.14066694639830682;0
0.17269046157032167;0
0.19007342522521348;0
0.3761696302410505;0
0.16277888087079279;0
0.24534009978211746;0
0.25172721298037376;1
0.1552150525556806;0
0.19988298088125533;0
0.36891125218814097;1
0.1865445146440007;1
0.4224739812966844;1
0.18001232887108598;0
0.2508383423410774;0
0.16001178854205234;0
0.3001169959106927;0
0.1486435252131972;0
0.11460658075181057;0
0.47969743196912057;1
0.5577858120152928;0
0.4639291515585967;1
0.32650064997604167;0
0.5823727650681172;1
0.5652510077503686;0
0.25709282048350207;0
0.34482025947891126;1
0.4951765786514354;1
0.5068592499958386;0
0.6524165424096223;0
0.6446399252131735;1
0.1589295951627813;0
0.11267965210256216;0
0.12602259178811592;0
0.14332137991032046;0
0.13500620012737255;0
0.27825590216173135;0
0.44053516792553965;0
0.2974307700497008;0
0.2827248495960887;0
0.14640658597594364;1
0.24476807162712966;0
0.3753932701355096;1
0.15574352166166772;0
0.13070067550115014;0
0.43862069097096656;1
0.46038101809647036;1
0.16795654092068382;0
0.28588111267852195;0
0.39513007107309656;1
0.11900434309137517;0
0.27568894073116484;0
0.3505368375634648;0
0.3494542356246222;0
0.29205962759974;0
0.38384582837490344;1
0.3310358659091537;1
0.33991422310365943;1
0.3567264216772365;0
0.37607416438579844;0
0.3041018332385228;0
0.3638139107703924;0
0.4714670746852616;0
0.6570613176961336;0
0.6857128937856982;0
0.727244623497537;1
0.6210809803148244;1
0.19942331629184387;0
0.3298270954041851;0
0.17643987964360155;0
0.25371192232145445;0
0.16529891365898236;0
0.23618499521261477;0
0.2677288551658398;0
0.18796357962983118;0
0.2891560289254902;0
0.427060423053541;0
0.1657491190936077;0
0.17140071435098167;0
0.1752270363431089;0
0.15037142264276995;0
0.1438639325744618;0
0.16360348044717132;0
0.2676829753069166;1
0.24482767856935778;1
0.3573012169181925;0
0.21461881528062857;0
0.19570517985666996;1
0.17147632393594567;0
0.3198384884417474;1
0.38252428314498654;0
0.2641190556492079;0
0.174711979857211;0
0.17617127478925426;0
0.2160299060227554;0
0.262883501169193;1
0.2608803237705809;0
0.48846935901742744;1
0.1570030339921184;0
0.1636809038246644;0
0.15049623243254984;0
0.2613274992427729;0
0.1508287340486952;0
0.1468568915424174;0
0.2164300128942014;1
0.5102712892504981;0
0.2984834765375975;0
0.2499035028706036;1
0.1795609550626046;0
0.1968861635185331;0
0.16927505901318812;0
0.4748806329957151;0
0.3848270237264206;1
0.17458751684420423;0
0.2583230536756321;0
0.3585244421954722;0
0.15881460578453552;0
0.17395135306782655;0
0.1994936962845362;0
0.2540302153999264;0
0.26720578222974845;0
0.13723516469015354;0
0.15292521067838252;0
0.19928271730803646;1
0.509639811480395;0
0.2611809544095728;1
0.2688890911900218;0
0.3530403957375418;1
0.33910823971617804;1
0.32182818215676884;1
0.28880574428729555;0
0.20430244330579467;0
0.10119701629945721;0
0.47330621763596004;0
0.419259676706613;0
0.48812862804715124;0
0.5560275870210152;1
0.4213183517349806;0
0.4328560733635656;0
0.5710931814622333;1
0.5723673117191503;0
0.4088863156899076;0
0.47780028961632137;0
0.37618489013629425;0
0.40574243305447716;0
0.47302979731505007;0
0.38238685596191263;0
0.5219259490702008;1
0.5706351463499612;0
0.47573000228199136;0
0.575261377762494;0
0.4509061959600026;1
0.14496972721226176;0
0.3222930407460408;0
0.12357544053287167;0
0.09776130563693886;0
0.21338822591007908;0
0.32934893103232105;0
0.23341867430983448;0
0.17947793032529677;0
0.24938638597665155;1
0.23853045320583469;0
0.22538088619936106;0
0.24101952137398538;0
0.3553350835841753;1
0.2181555336316655;0
0.18684558594110973;0
0.2109492507366298;0
0.2451234510322854;1
0.36188556946312084;0
0.4233555795163386;0
0.2386931961885915;0
0.19909960674903787;0
0.2685871645658663;0
0.39559433800097094;0
0.5328449215233101;1
0.22857413834185047;1
0.17420768172936363;0
0.23434451458876124;0
0.31720153863328987;1
0.18678015683293486;0
0.20340682261902365;0
0.24629570185536015;0
0.21579138789538369;0
0.15764199943602136;0
0.1998857142867009;0
0.18396331607131655;0
0.19136304501256438;0
0.267700329464262;0
0.22476351173968137;0
0.18228672255464276;0
0.2419514101075824;0
0.25095112773598494;1
0.35678049278433943;0
0.17773740852977596;0
0.18399416625873374;0
0.3418788939775817;0
0.15244582257692188;0
0.2675407846201624;0
0.1494284884543558;0
0.15125311121257765;0
0.2520900605715781;1
0.31297734295963797;1
0.3066335330060103;1
0.49150777718175814;0
0.42445822705747255;1
0.5816289535906612;1
0.37517868497250567;0
0.369484235214985;0
0.4559401760161828;1
0.4602902622033909;1
0.1892068894578489;0
0.4892742450645491;1
0.4321615984033295;1
0.4954273981683746;1
0.5253198261416401;1
0.48947331265234495;1
0.5577816505256821;1
0.30297312555082323;0
0.3692727146361144;0
0.1491845091110996;0
0.17258830068404232;0
0.16961778655891616;0
0.12786648746054471;0
0.12786914392704501;0
0.17581376643641272;0
0.3969317338219331;0
0.2502806353469441;1
0.30202965426921113;0
0.12778382020307533;0
0.11526310712339023;0
0.20748319141752658;0
0.24867085777585832;1
0.2201282944401472;1
0.18680872433858256;0
0.2467124325764469;1
0.45817847685685303;1
0.16397595163598647;0
0.33288155628965327;1
0.2131055204777175;0
0.33789917674316355;1
0.3996562146500727;1
0.40295792492577165;0
0.4660381890077489;1
0.4953425379319544;1
0.5112596648720742;0
0.28026302573155243;0
0.27450722829172874;0
0.3846480434753509;0
0.26280930660462193;0
0.21819228575628138;0
0.2486861270289846;0
0.1404066793775582;0
0.18335841781539622;0
0.21017512882030429;1
0.1268398405194984;0
0.16890630995810887;0
0.22357602234773585;1
0.17540758318581037;0
0.12326149351393598;0
0.1667243772290787;0
0.2832952975456393;1
0.20815759690229518;0
0.31337748570165497;1
0.1891296115766521;0
0.3128381795209134;1
0.20035140318162378;1
0.22003370360418725;0
0.16757390508355988;0
0.09760801430101107;0
0.22373123477179635;0
0.2984549197803493;1
0.1458655677771371;0
0.18152005661511442;1
0.14564385122662574;0
0.19238835696306933;0
0.3571524404055303;1
0.20995449668903202;0
0.1427881160118969;0
0.24516342214822928;0
0.306317452168006;1
0.19743168314894197;0
0.26120238073029933;1
0.25978339008449897;0
0.22920058096209417;1
0.2980619417848445;0
0.22604581735133858;0
0.15789600802162498;0
0.29101934553382114;0
0.27651316071509746;0
0.204409054231333;0
0.0764690078702115;0
0.2910462948231484;0
0.1690108877698425;0
0.28011282787092634;0
0.20192311484317577;0
0.2606732073331829;1
0.26196875369053063;0
0.18735378391977942;1
0.21486399923886626;0
0.26045710559387336;0
0.1385071409372167;0
0.30750231109625964;0
0.2088304285762901;0
0.1739850412338895;0
0.15627670049702097;0
0.1500798332762616;0
0.1777966428708106;0
0.20277495413232807;0
0.1296743318141042;0
0.19971524654005132;0
0.27426061120993345;0
0.21232535881389725;0
0.1883278643433211;1
0.15708996382198934;0
0.17326346062072756;0
0.26387752046794405;0
0.28788335699604395;1
0.16040648383655312;0
0.20055060111339448;0
0.2849933988038483;0
0.30294934759031367;1
0.2100960912168897;0
0.3696765803132892;0
0.2423430337860677;1
0.2051315663121407;0
0.16329178931932767;0
0.2828469531050777;0
0.2677504379689159;0
0.22471452232267922;1
0.3316892296852307;0
0.3806967232389049;1
0.1877258151929316;0
0.3449775457933953;1
0.36756568350863333;1
0.4559882464840455;1
0.5724233493901899;1
0.37612335064091795;0
0.29161836897450766;0
0.38694884160004783;0
0.22085051900471417;0
0.3281377937453129;0
0.7053742800123034;1
0.6591172209535509;1
0.4309324940139171;1
0.7603045514131654;0
0.7648499867439437;1
0.8106590426605246;1
0.6841158722765405;1
0.6806081517160205;1
0.7761221931060995;1
0.2041273273210878;0
0.3528203871053907;0
0.27294433298300314;0
0.5554450809883903;0
0.2616710834954244;0
0.41295108624816157;1
0.4228849903896418;1
0.4551976028519353;0
0.5145187281901912;1
0.5510355519189594;1
0.5402419916666431;1
0.42299602830825683;0
0.389282221235598;0
0.49177962562722893;1
0.4403617262466328;1
0.4946927114900352;1
0.5465026554115612;0
0.2055120177123174;0
0.11937467772277949;0
0.19753128778010032;0
0.3870559915936712;0
0.7621634751921017;1
0.7191838160788174;1
0.6360745658168904;0
0.7098334792306713;1
0.8063510480324997;1
0.7198989199572424;1
0.5687976607972033;1
0.8077729928604674;1
0.7478712879365009;1
0.810674746187049;1
0.695144791461549;1
0.6984126966765307;1
0.764289268087507;1
0.5913767528166801;1
0.8507169640664811;1
0.7057457013995169;1
0.6897492089853332;1
0.22326131002347177;0
0.3264644967742306;0
0.5519736140724302;1
0.5837961753647587;1
0.4416994691653022;0
0.45339414426289226;1
0.5122316289413194;1
0.3997741429034464;1
0.42538750223108557;1
0.6580475705233134;1
0.3625631675432803;1
0.29574208881385805;0
0.12593848288637244;0
0.17529836248196085;0
0.4405791284783793;1
0.20184529300273066;0
0.4952307158606298;1
0.2148238962569523;0
0.20531163463463956;0
0.17836327317078957;0
0.26216251225055265;1
0.2308299989870954;1
0.23989296950213174;1
0.1924744211052488;0
0.1795321768215151;0
0.19734912255850984;0
0.2844237182008525;0
0.41356830324304517;0
0.3203185018050539;0
0.2330104861231561;0
0.1204834960056082;0
0.40860325494099115;1
0.41703815289195756;0
0.5430526413706541;1
0.5038895015415357;1
0.48461327723062897;0
0.6758779683748889;1
0.5080167481157102;0
0.6546667550219092;1
0.27184651574343244;0
0.32959032854509945;1
0.3964057777794343;0
0.2697992772634496;0
0.3956932232690008;0
0.5220326090134744;1
0.1045820705870581;0
0.1592610644541125;0
0.3180468669994797;0
0.29635141472373244;1
0.3616990820079375;1
0.3035196348826764;0
0.33888702205917426;0
0.21697508425122713;0
0.22349471645719574;0
0.2973202320316374;0
0.4430307882815741;0
0.256548076979862;1
0.14040489028974834;1
0.19815125063374342;0
0.11886597187408302;0
0.16383015503493273;0
0.37854445132059766;1
0.35651087077206156;0
0.2320506181056622;0
0.15907785365769064;0
0.3938070090387241;1
0.2639617183499736;0
0.21848144700745725;0
0.3525773877542922;0
0.27953884905325854;0
0.21484550341057837;0
0.2575691802105399;1
0.18790972735666692;0
0.23680950175747476;1
0.14206954118208764;1
0.26569460148634516;0
0.2722743299142175;0
0.22706063550903363;1
0.23866253618149325;0
0.35531521276794314;0
0.25437931437050754;1
0.3869866856025268;0
0.2631312764244233;1
0.27744636564581215;1
0.29187170187912537;0
0.3939270252540969;1
0.4774064936823026;1
0.2678204639062169;1
0.2193221890367338;0
0.2261388021845065;0
0.3762339981249941;1
0.3080208465310853;1
0.2477229969663091;1
0.32404789573114645;0
0.23827080617314383;1
0.2906994713126118;0
0.24089390922866716;0
0.2739788148037223;0
0.2202598859827278;0
0.3152518880044762;0
0.3958748596463338;0
0.20307221126457087;0
0.2593338536861704;1
0.25872850280440507;1
0.2960194764528432;1
0.29226822767408106;1
0.2873827952264875;0
0.2479618677989033;0
0.3102524737116907;0
0.28883870690468744;0
0.6658745905016777;1
0.3773741152505763;0
0.1923703824516024;0
0.13785107167232075;0
0.1698003407817501;0
0.20870229657584843;0
0.15842831637478383;0
0.1250939980669896;0
0.20888089902913642;0
0.17889159130295118;0
0.2800314217656206;0
0.4174291878094195;1
0.21034217792844362;0
0.1840562846629098;0
0.22161121446346685;0
0.20998263168427636;1
0.15429194315523412;0
0.12770193571375224;0
0.1343006440544817;0
0.4209803548960263;1
0.3093690738958139;1
0.15630434780730776;0
0.181788505485981;0
0.34745051719753534;0
0.27776883774182415;0
0.3256100285278711;0
0.38668754326633653;0
0.37128687952499495;1
0.36197126356448295;1
0.47010872176777496;1
0.5372773431286976;0
0.8017357269972599;0
0.2200832318543801;0
0.2667697868287771;0
0.22116719022336698;0
0.2055048231377189;0
0.13970873368587744;0
0.16488510120191113;0
0.4925479282327354;1
0.30370474730205105;0
0.21935461381893429;0
0.23158059366336362;0
0.37967060302020383;0
0.8349247859439402;1
0.6177828057318121;1
0.6885825254901268;1
0.15771846296845374;0
0.2539997954330156;0
0.4446202057033395;0
0.751990326003057;1
0.49396277843924336;1
0.21035078752720487;0
0.27210205903076906;1
0.2791843539670093;0
0.24923176311019815;0
0.1898046048239189;1
0.2636577095146625;1
0.26761363150714473;1
0.20057564150508245;0
0.17600200876963254;0
0.2969683926551666;0
0.28067816942343843;0
0.18629883736359426;0
0.15156721136131357;1
0.2808621099306342;1
0.15053720931765774;0
0.3174325666249246;0
0.1889057222759373;0
0.38748863618701784;0
0.20364009407797903;1
0.22564483862494206;0
0.3367871261555514;0
0.2215966595620398;0
0.20091929643048023;1
0.2989372307373918;1
0.4084670867387746;1
0.18692262768346568;1
0.27381941257969994;1
0.3948706972102407;1
0.5018930111666762;0
0.42963111449078784;0
0.5165869719169027;0
0.2769267496475036;0
0.11917159635617328;0
0.264890419836254;0
0.1529649579466566;0
0.20227458383786812;0
0.2644374946492204;0
0.5226368042684524;0
0.3691973457739933;0
0.28921918022047777;1
0.3433095738160398;0
0.2734698939205468;0
0.6822044569322803;1
0.7718952412740443;1
0.6441120846004807;1
0.44723576870268256;0
0.39831772961723516;0
0.3574447932027269;0
0.5351087666614632;0
0.3521986086112983;0
0.29912131221547583;0
0.2548690452849528;0
0.15006098804299484;0
0.2385119092562439;0
0.41415152415163675;0
0.19547453354182348;0
0.24343531174511918;0
0.21402914866067851;0
0.1340734000389505;0
0.2033600871476552;0
0.18986170139925854;0
0.1524653861843757;0
0.22742806422334064;1
0.2369441600325323;0
0.21548223260879115;0
0.4783317639030172;1
0.18926900894638501;1
0.2213748173828255;0
0.5266182510791041;1
0.3505406345673342;0
0.24116622901798931;1
0.29712204121004226;1
0.2973908445720706;1
0.26062137373575656;0
0.3089055152015673;1
0.15855661071204286;1
0.27965795332848864;0
0.27822085685986897;0
0.23310882517645284;1
0.5072169203098481;0
0.39568580743100323;0
0.23199261632154258;0
0.22922191218688753;0
0.2926798438672044;0
0.32053060388726085;1
0.30491168901558674;0
0.19641781665208616;1
0.31760074118473225;1
0.22507962128782388;0
0.21235772260746005;0
0.157941873617668;0
0.23363885793547678;0
0.3102901988154492;1
0.2447114504402066;0
0.24005691245434563;0
0.2831618759101872;0
0.2038508598545666;0
0.2190482788906667;0
0.5106457496169737;1
0.49863831394458075;1
0.46636231393948235;1
0.5601848790085908;1
0.34766271546367844;0
0.4826172192993755;0
0.24812598429105662;0
0.08594932155176178;0
0.18757560861314931;0
0.12982355844382082;0
0.15116443304565574;0
0.18225812259380528;0
0.21603771864093937;0
0.16255818217122966;0
0.462985897175135;0
0.3261947664484153;0
0.5305626385892519;1
0.5104427995922243;1
0.5184503248746901;1
0.4548784327294285;1
0.6413426456500444;1
0.3473926252409387;0
0.2882264169814912;0
0.37342938413792487;0
0.2046633716403479;0
0.41361861454156656;0
0.47642870062605;1
0.336841813974428;0
0.4980554833501993;1
0.3812683809563458;1
0.37094764330430086;1
0.39217499176438414;1
0.3027600141687834;0
0.5249606862193279;1
