pred;y01
0.10458571619070814;0
0.1640246973905022;0
0.10292621986368489;0
0.12634816976191104;0
0.4071775005510579;0
0.2170100347790478;0
0.18738172552884594;0
0.22284393522662888;0
0.363537310665562;1
0.10488924364269965;0
0.13562004316055232;0
0.289071590222305;0
0.17918585173383528;1
0.21622768082977709;1
0.14633683281897622;0
0.21343156124279278;0
0.247037421237567;1
0.12050729083349579;0
0.16931416100658303;0
0.13168589890084692;0
0.11748542381776927;1
0.15230824737651041;1
0.14596287163486646;1
0.171447190753824;1
0.14019275322980645;0
0.30232045298789223;0
0.5408170255417055;1
0.25395039680432685;1
0.24403213885670744;0
0.25003955393667066;0
0.23117398655446025;0
0.2814475290146063;0
0.2837762296378573;0
0.32689024767323493;0
0.3058922839919418;1
0.4001715129020405;1
0.3397381667336783;1
0.31536897652303264;0
0.36724842664292073;0
0.19707880897829363;0
0.1741127509765588;0
0.20683157999461438;0
0.37145936249512007;1
0.37400904839349847;1
0.3863533569628097;1
0.28601570110395275;0
0.3416453839687022;1
0.230310515055384;1
0.26437809644483806;1
0.37182549755716804;0
0.2450921734366607;0
0.3068835324334639;0
0.321313328925182;0
0.46179506916956004;0
0.2906892204208872;1
0.19121419745972004;0
0.21928743027870504;0
0.4005487737999517;1
0.5503858359935101;1
0.24667156649919825;0
0.16868680177380224;1
0.3860250522055189;0
0.15988744719815248;0
0.4096649790674377;0
0.17504545055769424;0
0.2445199401393825;0
0.1732615365272405;0
0.11312561019681178;0
0.16730191646919537;0
0.1797306695616747;0
0.08894494490435088;1
0.2245762070061054;0
0.32194141754209793;0
0.34889166873191374;1
0.2079648771827675;0
0.23125883955971435;0
0.3752136464825365;0
0.564112426548089;1
0.24814062116852809;1
0.2803160482423018;0
0.6746929619237192;1
0.2672512349910713;1
0.40112230736353693;1
0.29413114894793835;1
0.36372446107960993;1
0.4052370081934719;1
0.40170765013528287;1
0.3493480293051459;1
0.499575271657651;1
0.2350658392553296;1
0.574382636157528;1
0.2716479677990194;0
0.3657578270877911;0
0.6013099482685397;1
0.4663389164263189;0
0.32341564619918817;1
0.40000198479135696;0
0.2631315642073957;1
0.3507416781883732;0
0.2161050027098086;0
0.3874524172558621;1
0.5351030562902837;1
0.19642825375911777;1
0.4011635425975752;0
0.4877339273142839;0
0.33074756900638;0
0.29161055815874065;0
0.06765805375282714;0
0.11900779869608896;0
0.5323732915395142;1
0.29336636406452343;1
0.4304698110509392;1
0.3976687810674836;1
0.30727118000231457;0
0.4201280466141255;1
0.36934322605522174;1
0.21997260228249352;0
0.43767457484345096;1
0.3741601089647242;0
0.44245052148942265;0
0.1337677065567517;0
0.06785419154598576;0
0.3338724207372556;1
0.1902365419082094;1
0.24153305213288567;1
0.3089569564919619;0
0.23790037885619933;0
0.11551171780647783;0
0.25325434215456205;0
0.20403304013245843;0
0.23047328667675643;0
0.24548848328190417;0
0.27153238134366964;1
0.1108468829424007;0
0.05309323269239301;0
0.055289626276819645;0
0.4605670896904451;1
0.25078920845597585;0
0.6028696190708505;1
0.6356447074931411;1
0.6071410039069365;1
0.40408721644289514;0
0.564389785336434;1
0.4014269329979532;1
0.542245683243156;1
0.5668681816686717;1
0.5388679455771526;0
0.4904485748383554;1
0.5043696776726898;1
0.48399046310087734;1
0.3059388953054691;1
0.3859591927596948;1
0.47947858438198565;1
0.5480264642563282;1
0.4722838571445598;1
0.4486624437582353;0
0.6375864132305038;1
0.45098135218046276;1
0.3664416532527701;0
0.4073996109576749;1
0.7681860451329773;1
0.744963666213056;1
0.6061876653596815;1
0.5646582300265288;0
0.5449682937192355;0
0.8149077576088014;1
0.4735801686229112;1
0.6799044423576937;1
0.2957004687963826;0
0.3586779046005609;1
0.230883594298482;0
0.06730498839718077;0
0.14191173518546735;0
0.22914787014111115;0
0.17562305528070712;0
0.21471864681173156;0
0.264290775649832;0
0.18246223726672378;1
0.5026567822827682;0
0.12606709143861541;0
0.2365761104269925;1
0.19181529608339123;0
0.32042468002207997;0
0.2025126002229321;0
0.1296645442478691;0
0.3742287376477401;1
0.16893627605252537;0
0.2594109761840671;1
0.2194093426676068;0
0.23500275773906393;0
0.29936270066394416;0
0.2998874734183128;1
0.19010240799642197;0
0.24855931448102847;0
0.290664596372198;1
0.2291738993449558;0
0.1406668863111172;1
0.5378793969463829;0
0.2856855010956895;0
0.20351422716883502;0
0.11845688178430665;0
0.08529172535939894;0
0.26300331158979123;0
0.07370947151926015;0
0.1380294008039674;0
0.2613370093422378;0
0.1658409556604199;0
0.1404008183187711;0
0.1658548338900194;0
0.21301978745183245;0
0.1248624515378566;0
0.09912919798653187;0
0.18723512660340458;0
0.25304367734853156;0
0.2441118196065832;0
0.23929311783279053;0
0.10501657421262733;0
0.17967481325575257;0
0.12796010115843423;0
0.09066917146327373;1
0.13759830435235662;0
0.13377418042907455;1
0.19355822008778392;0
0.2016702997190995;0
0.1266700425086013;0
0.3796312291476106;0
0.3908793079367218;0
0.24825841713808064;0
0.31962145087375465;0
0.14223718886292125;0
0.12261146641248069;0
0.14602291634415968;0
0.1561199556465869;0
0.22446681991136155;0
0.10807656351216388;0
0.13102738736517996;1
0.2692647771197885;0
0.2559683674962996;1
0.26093134676914953;1
0.13798518090276518;0
0.2807766823495121;0
0.17527313097912398;0
0.10863332567779774;0
0.14161011063777337;0
0.11002947287923251;0
0.31558354249631887;1
0.31434984379493947;0
0.3375573446332107;1
0.20173484920075183;1
0.1785907092551963;0
0.25275441514542;1
0.15380094561050564;0
0.1940010360564019;1
0.3221866258589856;1
0.18231618145802173;1
0.14751693298454466;0
0.21316045082010363;0
0.22420575264815357;0
0.25642603484921916;0
0.16354010026861537;0
0.09848285922622184;0
0.42900720211712773;0
0.09931748798198205;0
0.17021668921081753;0
0.2269515242622267;0
0.08548791653495469;0
0.4048066684622239;0
0.21519750651590036;0
0.17011976269744475;0
0.1362293264081428;0
0.214985348949879;0
0.12999037008168624;0
0.22874198983625071;0
0.20376545105632818;0
0.12890569844608232;0
0.10580928486735759;0
0.27061081307112594;0
0.21297179797032284;0
0.20831799420138009;0
0.11686489781541962;0
0.31643936140332535;0
0.15949492339192614;0
0.1251596295420159;0
0.2129560875182702;1
0.19491115977508322;0
0.1962484075178242;0
0.19016965142685535;1
0.24182587884615295;0
0.16793298795513115;1
0.2140248789910933;0
0.12760637380628984;1
0.23855563684288347;1
0.20056447248800208;0
0.38408869837347065;0
0.1872520123295738;1
0.24284522836676475;0
0.28475665560320723;1
0.19118570101316804;0
0.11360246362937944;0
0.3585760218866511;0
0.507054063378185;0
0.23360690045808497;0
0.3165048416521176;0
0.745297804041101;0
0.7694401234279407;0
0.6600350036454569;0
0.5727653360224133;0
0.5617355573019089;0
0.3326420788890407;0
0.38928496441776494;0
0.6130778354912121;0
0.3380201814126101;0
0.6858413471540457;0
0.6661397441178186;0
0.4679206942692944;0
0.30458642795609725;0
0.23092724845932164;0
0.2656904267896584;0
0.09820021243289515;0
0.16684829822474687;0
0.3075260784652623;0
0.32726883381029076;0
0.2650407794304209;0
0.31101880949061084;0
0.43518772170680664;0
0.3644030648533841;0
0.424589888653615;0
0.49969489097588665;0
0.21899394988002033;0
0.3502569783933413;0
0.45274279175842747;0
0.4765742589957731;0
0.45126018185648803;0
0.31157582564282327;0
0.31069399581666074;0
0.2701691759187533;0
0.25433627586542357;0
0.28157821556178464;0
0.039689263020853016;0
0.08043613600875239;0
0.07065489251327917;0
0.11165609702279058;0
0.0744059094421442;0
0.06434723926016496;0
0.08959522050849796;0
0.1222787403698761;0
0.13787213039237323;0
0.17414635357863956;0
0.12573570802734507;0
0.21392033541482247;0
0.06399009961945928;0
0.12734977344295745;0
0.29400326168681606;1
0.22036925731479917;0
0.11504069988665555;0
0.18541038234816803;0
0.06267082573243399;0
0.19681773319648466;0
0.14102108673451433;0
0.2050076626442325;0
0.04806648547845036;0
0.11993259189700911;0
0.1907146533625512;0
0.1162733687652005;0
0.13881669739559369;0
0.23011075793270802;0
0.2431239453433746;0
0.2748316280045667;1
0.1974657174084028;1
0.11472041636762872;0
0.2766387995932501;0
0.35367070897798114;0
0.21068914283641366;1
0.23903830671964768;1
0.3052472378825359;0
0.09943656461599175;0
0.07303292110422716;0
0.14100818918920707;0
0.10639386788150781;0
0.18672769870082603;1
0.14842688715874014;0
0.1887236544282376;0
0.11943531911898256;1
0.10791892886357667;0
0.08239521628635908;0
0.10367938347467344;0
0.17339149799791465;1
0.1431352974333578;0
0.21877735287066863;0
0.1455911038101173;0
0.3452199221245423;1
0.12804988642283543;0
0.2822917428082189;1
0.13818820784956767;0
0.13300647400609775;0
0.19218038071676954;1
0.22236085364468527;1
0.10401477427050651;0
0.22850578887190812;1
0.09973354683410933;0
0.7425513258215942;0
0.7150935149894112;1
0.8179316802228436;1
0.8095259394095712;1
0.7778673807915747;1
0.7886728579109903;1
0.7053295774191969;1
0.8400716729470519;1
0.7005968668321658;1
0.7420699661907474;1
0.9116679447869737;1
0.8501747461761796;1
0.7295084959638305;1
0.802198397875574;1
0.6311129550802761;1
0.6711036823133524;1
0.6785920109593159;1
0.8497038766483802;1
0.7984196055223295;1
0.91302765410557;1
0.9226136263534114;1
0.7400809591861532;1
0.801245867845573;1
0.7369771455745905;1
0.9629642533863361;1
0.5832755104455146;1
0.7257138469266069;1
0.7448096390722827;1
0.8281062587674402;1
0.7916895129799945;1
0.7713074655793416;1
0.7223873930732659;1
0.6106525364486229;1
0.6011293046091115;1
0.5543924923938135;1
0.8751503751954303;1
0.731138511108442;1
0.8183432192664679;1
0.7349050768120037;1
0.9035502178809117;1
0.8746256295287975;1
0.7974439553512912;1
0.8019401251577305;1
0.8967513470000779;1
0.6925420102081095;1
0.8755273403859356;1
0.23223140979921528;0
0.17337381333636204;0
0.2704466542503979;0
0.08793720427399307;0
0.10513777011554343;0
0.29155101821957696;0
0.1336259465101404;0
0.3521210344727187;0
0.16157888368982862;0
0.23019162675785587;0
0.10255021195240174;0
0.6812518428063108;1
0.8054812670416153;1
0.6192539044700671;0
0.647510735657166;0
0.6701765785709658;0
0.6067888221049125;1
0.6984936929691623;0
0.459096660545677;0
0.6641409635876535;0
0.7378347644937588;1
0.9121451878255807;1
0.7133813712909464;1
0.8479863190543823;1
0.7033166262731628;1
0.7404403643668207;1
0.9428611024232348;1
0.6782751884653759;1
0.5291303042060189;1
0.8675233409312191;1
0.8741395072999861;1
0.7300746801456274;1
0.7042380680077147;0
0.8984546637849607;1
0.6617911212561698;0
0.8438926693913056;1
0.6946418815023836;1
0.13881426996809637;0
0.3476240490563104;0
0.24320767070631202;0
0.3020477572113695;0
0.190813263589657;0
0.3162160000624396;1
0.1601819457065238;0
0.23805767975942882;0
0.1598493273285702;0
0.23148041578974293;0
0.5545977273794617;1
0.6363920941451428;1
0.2936814134697941;0
0.24006855051853676;0
0.414185158091114;1
0.2890365644079018;0
0.18695560837223146;0
0.40208638981206174;1
0.09368493493975144;1
0.39890639006870904;1
0.24634752225546563;0
0.335129194680958;0
0.26757576188285004;0
0.36426468673354606;0
0.28302246083873916;0
0.3047059007058813;1
0.3850614212856036;1
0.3342272340411875;1
0.5529402966246372;1
0.47546144733055506;1
0.5186846630066221;1
0.646144135755298;1
0.39832476339352024;1
0.3950352072364465;1
0.23895920728662878;0
0.38858944593145406;1
0.45934321601023986;1
0.44970088862632096;0
0.3752349310335315;1
0.38878801364509474;0
0.3907143813967008;0
0.4186571079202535;1
0.19247123807379873;0
0.5249667947768067;1
0.5246888844010948;1
0.40596363860614915;0
0.4865855190536049;0
0.6236392674663916;1
0.44943421054667765;1
0.3198785180483115;0
0.5178066236586971;1
0.4316289787537167;0
0.3414979821108993;1
0.31570319310360034;0
0.42432924776633385;0
0.584637906848571;0
0.41508286312193216;0
0.37467639618459064;0
0.29103681397033815;0
0.34481466598235955;1
0.3178814415714297;0
0.3031983337166543;0
0.36629016745062837;0
0.4883534943645194;0
0.31928874907003885;0
0.26396331347140944;0
0.3656079075589715;0
0.23724580061882522;0
0.23221356944471136;0
0.41953809002948506;0
0.3061425579565056;0
0.4733809859940811;1
0.34662254730029185;1
0.27221742765070334;0
0.5376048236868312;1
0.41876740108600485;0
0.2757511400387756;1
0.3387633062652609;1
0.40886930255747694;0
0.2737500487551249;0
0.45357890967612996;1
0.31563088107888143;0
0.3076416428744677;0
0.26705225529361215;1
0.3574194992537964;0
0.3417287545029416;0
0.39414387078979857;0
0.21612453728513856;0
0.3420343877201039;1
0.3501351128482264;0
0.3476293261430095;1
0.40013820081532675;0
0.10743533660051552;0
0.1418234945690833;0
0.2748099498624415;0
0.3213199329061714;0
0.23712631016044494;0
0.28126196297483236;0
0.5474932865055935;1
0.2699180109492257;0
0.09040455984864446;0
0.1324030463093725;0
0.21597821618673493;1
0.11428687703326644;0
0.06530445199131243;0
0.34824929398323085;1
0.3022884616761849;0
0.20405794098353522;1
0.3239471656892654;0
0.14919882048604344;0
0.45822613494378184;0
0.1474787302068654;0
0.21530534030488863;0
0.2346349056172148;0
0.20634952231358905;1
0.1955117538284988;0
0.4704338774482314;1
0.24219056124702582;0
0.25237339098042133;0
0.36594835953819;0
0.18192852189817713;0
0.27196619280340184;1
0.613620123132387;1
0.25863736899745654;0
0.18425779289897504;1
0.2757139565463147;1
0.20363089021203187;0
0.4029550059723429;1
0.2571234642121883;0
0.7237344226850968;1
0.33308940940671233;1
0.663347881851631;1
0.3791360128298227;1
0.6337707217105497;1
0.3624224800770438;0
0.6118449840868585;0
0.32138202168503793;0
0.2895373233571961;0
0.7332444175906058;1
0.5423831826224456;1
0.7349277010361838;1
0.19449773979123414;0
0.5496347969385218;1
0.3433132759751766;1
0.529169234212949;0
0.46421941296764574;0
0.6170616369030856;1
0.34802449910544775;0
0.28984314614490825;0
0.8122365570231728;1
0.3185010838594933;0
0.40133290694775636;0
0.5164491697102666;1
0.48182597192768556;0
0.35445682972475784;0
0.42560727053264014;0
0.7460887426578406;1
0.2683719179123183;0
0.5505394788195485;0
0.7532378820528213;1
0.5990850537612368;0
0.4943206150619627;0
0.3282698725844389;0
0.5833061607249077;0
0.4295838062765608;0
0.4032767624303787;0
0.5452311884141607;1
0.45539060513858637;0
0.7543679996529948;1
0.6833227705720194;1
0.4634481613685314;1
0.596873454511083;0
0.8600546616393714;1
0.3388551599507552;0
0.6336395953338133;1
0.21398707050942914;0
0.4964186417084877;0
0.4663473354047675;1
0.5304501565444131;0
0.6557283290615125;1
0.6959780490783718;1
0.5946398151662131;1
0.5578057974738858;1
0.36929024622579154;0
0.4196166414296083;1
0.3322410187080186;1
0.18007721948171387;1
0.18853590821391986;0
0.2698794398306313;1
0.27581365790995616;1
0.3118502069166595;1
0.1833339266549497;1
0.10419523624417679;0
0.16921594190559308;0
0.10721799808794527;0
0.2728455080786111;0
0.11610723215689392;0
0.06907744915084445;0
0.04741122987649123;0
0.1810531592560933;0
0.1965272079253097;0
0.07891662116095463;0
0.11904861005933752;0
0.3086733944364562;0
0.12836040204121427;0
0.21319769733457344;0
0.19018886609185243;0
0.05757424263716616;0
0.20441076773080621;0
0.24539630928340345;0
0.40821331171869124;0
0.3122073073074759;0
0.47632284553408083;0
0.25458085492384996;0
0.4313652500867416;0
0.5598426160789616;0
0.4567810809522755;0
0.4969601276211949;0
0.41340630823158053;0
0.7255817875004275;0
0.463605224480426;0
0.5729117441462938;0
0.28785595889550647;0
0.5376372706340233;0
0.7432147226119921;1
0.42193047582295357;0
0.3555747216508899;0
0.4196536306048213;0
0.6024928470798597;0
0.2666863000839983;0
0.4623574587689013;0
0.6002949943155336;0
0.6243689557216828;1
0.7576927433989703;1
0.33453212049445885;0
0.6593318590223741;1
0.18746703557287128;0
0.5521742097484013;0
0.7559767778442464;0
0.24563761378801277;0
0.264996507374716;0
0.27832475160205244;0
0.4039560515043649;1
0.2634903972371199;0
0.3294213645308956;0
0.2927053036965544;0
0.7548704143347108;1
0.8198454201671224;1
0.6486569551466655;1
0.8637486015911804;1
0.7654666960169624;1
0.8239229714167522;1
0.9070558454688553;1
0.6846989990775225;1
0.813103421645198;1
0.8046507860576597;1
0.9466895993742555;1
0.8071676384776449;1
0.6610277499898002;1
0.7695195508664366;0
0.7149050871169483;1
0.23976548372475118;1
0.8284271560922492;1
0.7941983655854701;1
0.8791947130527942;1
0.5701420978295182;1
0.9357665908515568;1
0.7422707706472159;1
0.907825092054889;1
0.8609790612798369;1
0.7713211922022939;1
0.6137209888120227;1
0.7185899934671427;1
0.7339221253290893;1
0.7028019102147174;1
0.8155648690937247;1
0.9051604164025195;1
0.8371715785019945;1
0.8700903383220363;1
0.6370651256414152;1
0.7446776400808035;1
0.7603786553375167;1
0.9483533635851823;1
0.8459242211217916;1
0.7514264119096754;1
0.6757123081623629;1
0.6904749908700772;1
0.7917835764587308;1
0.7412402511807801;1
0.779420632635733;1
0.731336589067009;1
0.8790852619440558;1
0.8369769240229205;1
0.8007189538572046;1
0.8073846875268125;1
0.8754466228309427;1
0.8295401454784139;1
0.7869904058595656;0
0.8644642250049549;0
0.887930759395809;1
0.6307530081092699;0
0.8822110012971218;1
0.8254499611384042;1
0.8455424465362456;1
0.7156078178758318;1
0.8049328724108838;1
0.8463194853388398;1
0.8919935259825658;1
0.7675992577753638;1
0.8018489181080549;1
0.7126490618277057;1
0.7884121734602323;1
0.8730688541163792;1
0.10020984196300113;0
0.142632926054346;0
0.1421584171867856;1
0.16096222863139908;0
0.18321666326792974;0
0.4543631707676354;1
0.13878945497719689;0
0.305630446580124;1
0.22821189824964067;0
0.0765747163682164;0
0.11299479873530169;0
0.11660084279990167;0
0.3728774541173268;1
0.32399829305126376;0
0.11992128561410453;0
0.08534543454004263;0
0.14654009305248514;0
0.28457318072419496;0
0.17388987872489692;0
0.2939686394687901;1
0.07817416018543055;0
0.19305926261145714;0
0.11372676576985029;0
0.08944848419549022;1
0.1062772179040708;0
0.16232798323594247;0
0.10019333206365631;0
0.10459773403212375;0
0.08457508615930096;0
0.094807838208537;0
0.2938720997088587;0
0.2108212176657177;1
0.14791474572140104;0
0.13955477025997917;0
0.10336051548217892;1
0.19100174734768416;1
0.1437892644109153;0
0.1580837624319558;0
0.09731586085754979;0
0.7845753393890588;1
0.358731462221964;0
0.7112487518776954;0
0.8578820391648373;1
0.5308303965971438;1
0.837469191825772;1
0.7586319743742755;0
0.7788380398129326;0
0.8354651012275928;0
0.786341073815968;1
0.782688570316245;1
0.7596343951254739;1
0.8165108837011401;1
0.6954660008883427;1
0.696261089045679;1
0.5201557267192802;1
0.8734954997894966;1
0.8047235110060866;0
0.3522384918023694;1
0.7604720765236737;1
0.43304692890612784;0
0.7320143289653838;1
0.7043298903441743;1
0.7831408327255501;1
0.7752118779322147;1
0.5159629084224956;1
0.168958798719462;0
0.33961787199619126;1
0.26508252897909257;0
0.3627563875307849;0
0.5776692659150843;0
0.12590464142250585;0
0.22592602799140593;0
0.1794172675268227;0
0.11396153373541736;0
0.16784442903887806;0
0.240965910488702;0
0.17844245055687422;0
0.14497140891822807;0
0.14221180953164356;0
0.5022501093776488;0
0.34958609564204773;0
0.2649955319591994;0
0.26915791654924187;0
0.4322710880267551;0
0.4679483942196825;0
0.5037997485746929;1
0.2766652147085296;0
0.17380762568687838;0
0.15307874628433504;0
0.0870128899239806;0
0.3178815733320961;1
0.48254183841489956;0
0.31979640437994994;0
0.3665085892879283;1
0.49039249812384855;1
0.2626891398652898;0
0.20049446376254723;1
0.3919904258874506;1
0.34986523618132503;0
0.24407467148105147;0
0.19420141207149022;0
0.13111846083224246;0
0.14184015391845936;0
0.18983471779033764;0
0.1591011017604608;0
0.27812933789744365;0
0.37835219529792946;0
0.5196640930745852;1
0.3326933280931043;1
0.2839574820170522;0
0.18719771504205712;0
0.18660863055317586;0
0.18761178171743406;0
0.25886772208745545;0
0.21836739126732446;0
0.21841675946415354;0
0.25421996347075887;0
0.37151512904965384;0
0.15470393552820244;0
0.3003149213463123;0
0.4992754258226956;0
0.22279094538372293;0
0.09960012579392342;0
0.2273071143033708;0
0.12677097443054786;0
0.21195416737390893;0
0.12540438876528065;0
0.5800922546034228;1
0.7036389373043459;0
0.7510881295878735;1
0.5187286729715213;0
0.8511800443197293;1
0.8277730889547017;1
0.7383576992112247;1
0.6006786371198796;0
0.749430035549629;1
0.4981199791882327;1
0.9296203850274777;1
0.9195624361875763;1
0.6887167068914057;1
0.8075991182757822;1
0.7130212010152135;1
0.549275089292231;1
0.7465334087807077;1
0.4867723736941151;1
0.8887439068630916;1
0.8064914608699317;0
0.8838960077323137;0
0.9317511970861638;1
0.5267550235523484;1
0.680235123385126;1
0.8637601876985214;1
0.766010662580382;1
0.39426273107711507;0
0.27113149793800484;0
0.4434784390539709;0
0.5410779651738888;0
0.38082190110339176;0
0.8187205820690532;0
0.37673868990040005;0
0.10945020298112688;0
0.5260146489867858;0
0.1471568902625096;0
0.1853416397128635;0
0.5226769237755815;1
0.41713353411187837;1
0.24817118640545285;0
0.2854160384872536;0
0.3252054332870119;0
0.26312882438349716;0
0.2783957904232256;0
0.2663731999512006;0
0.16429334385315694;0
0.3249593544846798;0
0.35354519261974643;0
0.26475718964444905;0
0.39046007501424373;1
0.16565901200197494;0
0.5022865822027063;1
0.4246637932549824;0
0.16910909041653624;1
0.11458044881565005;0
0.15648886202669604;0
0.09496636098945348;0
0.20993997112246773;1
0.13500713400581402;0
0.14145813886123743;0
0.10813588622196832;0
0.374467061660065;0
0.1505774580832241;0
0.235738043985461;0
0.24936215082089935;0
0.36017782339524057;1
0.3392615682805754;0
0.26661040662353114;0
0.1656280082558994;0
0.33806422729242186;0
0.3565767736468978;0
0.27097837453311613;0
0.2606097316970972;0
0.3433424070127444;0
0.2400396785307844;0
0.2078829107614527;0
0.4441117209049616;0
0.6279346673152898;0
0.9286740699576733;0
0.3803810095615542;0
0.38449740549583095;0
0.5323236180414727;1
0.6301885859142992;1
0.8281442272017047;1
0.8399210222366834;1
0.6797001378253266;1
0.8305421143520842;1
0.8513738216705719;1
0.8902890421808005;1
0.8088201452029568;1
0.8510409413835784;1
0.6781668393497309;1
0.763415772281403;1
0.25480384479310003;0
0.26522115806366436;0
0.13281083640686742;0
0.24139960593201673;0
0.1054135490966424;1
0.19612335943933867;0
0.14453254880231114;0
0.1378419203765004;0
0.273688650510881;0
0.1967934547771839;0
0.20102932507516721;0
0.13185024279777413;0
0.4701558534424451;1
0.18133290611598665;0
0.23933235043943013;0
0.17573617113221196;0
0.27541456567614997;0
0.15658829023608156;0
0.2895080468478499;0
0.36862285903702424;0
0.09347568771651558;0
0.15040100456266264;0
0.29040076866725884;0
0.09147973845994513;0
0.1763126273312228;0
0.16965055285989916;0
0.17863304196797075;0
0.224232516545516;0
0.13240770200349167;0
0.21195252487952937;0
0.08134407034247645;0
0.14256040234438996;0
0.09977285006692356;0
0.14209468477407713;0
0.1827552917815365;0
0.3499806726525377;0
0.1840486316844126;0
0.12284352209584123;0
0.32388305507127974;0
0.3410943921390476;0
0.3747423251666133;0
0.3643481682685365;0
0.23299370680688863;0
0.18738684991972396;0
0.17344472127496718;0
0.11707030851492427;0
0.10035113351477748;0
0.13751678419458516;0
0.09712894196639993;0
0.13175451718262876;0
0.2124799431335896;0
0.19471843331180222;0
0.2097741962837728;0
0.18634602357096647;0
0.20719653167778232;0
0.3707216693514275;0
0.3256366756102396;0
0.3198744591298667;0
0.3727631955548371;0
0.26487538563731744;0
0.32120799289918195;0
0.0924975120894332;0
0.28695008835798647;1
0.19710879413855337;1
0.4469109038241622;0
0.36188142885825997;0
0.4214615191346416;1
0.37031405359844993;1
0.3398258498680091;0
0.2607252887771523;0
0.366852943905715;0
0.41028101460694405;1
0.47999270189640075;1
0.36175100382468217;1
0.2794890547140627;0
0.26850713139470106;0
0.1431488323099591;0
0.15445381433527533;0
0.4204873460767445;0
0.36435762125176185;0
0.21726369441362645;0
0.2936119756067065;0
0.19396979659850047;0
0.20619884013533735;0
0.4858356639077564;0
0.3331889215168869;0
0.25157882989271557;0
0.3075716325526989;0
0.4745577912039223;0
0.19859959532163293;0
0.37086183574883524;0
0.4460338543488728;0
0.2894545934458123;0
0.2631030025315936;0
0.3847306359658494;0
0.3204524072483191;0
0.5018744665466168;1
0.5599207751100957;1
0.4825173676336623;1
0.3051444795581834;0
0.5120037802211843;0
0.49596087765128816;1
0.6378749861740781;1
0.38316911093159184;0
0.35410302510884584;1
0.4357591654543633;1
0.3255856584970051;0
0.4530650469733329;1
0.3862503942720999;0
0.19387207437189843;0
0.3828395419821925;0
0.3224764104711578;1
0.3559541003328138;0
0.2714005204425863;0
0.43427191043547086;0
0.2729231298432062;0
0.22666437435881986;0
0.6495909168270686;1
0.13753535545512627;0
0.14057319298574342;0
0.1640165436892119;0
0.12187595428558248;0
0.3666810433039761;0
0.23073390727002452;0
0.367939288008866;0
0.10132365951500664;0
0.22250641891428705;0
0.12516839964945375;0
0.1817091417201538;0
0.27888306786425593;0
0.7438989745204155;1
0.32487218789499744;1
0.3039567864374214;0
0.10855446765689399;0
0.13198340482130694;0
0.3285130851040658;0
0.10433062779589529;0
0.16411768774758176;0
0.21076864354081976;0
0.1451421173545327;0
0.16029047342049776;0
0.17263186432104688;0
0.12688575691149778;0
0.2084275548763725;1
0.13893256102284507;0
0.11118127237207312;0
0.1235508490894075;0
0.11771511720573985;0
0.11957272524234633;0
0.1893369053503877;0
0.19275193321373554;0
0.24801635415744505;0
0.28207351566075306;0
0.1748055294086478;0
0.14862160961831922;0
0.1070172787714222;0
0.16653459426426304;0
0.17791016364174822;1
0.11502402803746643;0
0.3307919958883896;1
0.11363336708575927;0
0.42455550264476843;1
0.1754572735732753;0
0.13626048379195968;0
0.42779011240840786;1
0.2926901570077611;0
0.33539781893598525;1
0.355650343572719;1
0.16574849229400948;0
0.17947796597332782;0
0.3247896647386931;0
0.24635529056990246;1
0.357208170028296;0
0.4295415338459187;1
0.15499181996500466;0
0.3690691490577238;1
0.5314623732101077;1
0.30525956034082136;0
0.26568793174946553;1
0.422472302532881;1
0.3381250525655515;0
0.3976790872780788;1
0.18207970342193858;0
0.08704803177806782;0
0.12704467455740645;0
0.2097144677147453;1
0.36308078134138105;0
0.49152762895119295;1
0.1693829703567958;0
0.283640901921974;1
0.25321703582094857;1
0.2780808874125727;0
0.29584790680266426;0
0.4129439207090504;1
0.14194432573156834;1
0.20041514854815973;1
0.40397934013971093;1
0.11460148633382894;0
0.15337887365323097;0
0.20853307393526008;0
0.2018365585100041;0
0.20415244274472658;0
0.10490372202747673;0
0.16714298744907494;0
0.2956953568699592;0
0.18057186968644648;0
0.21661915488850658;0
0.22655291345704168;0
0.3593507875435149;1
0.1991374039939594;0
0.11121866119847726;1
0.35615018785371766;0
0.3640431639649052;0
0.07822237696213005;0
0.15552113513271426;0
0.1188660360612044;0
0.2297693723563781;0
0.1792316984213271;0
0.15787451013790021;0
0.1500308744609962;1
0.27043702209316023;1
0.12500417244640777;0
0.2508327918636607;1
0.10377941520270699;1
0.11524799141766183;0
0.20224930023031015;0
0.3546515161084516;1
0.30514878483379726;1
0.3286054105120272;0
0.18152241849890605;0
0.13771275889071805;1
0.27088843793692224;0
0.22023105298400236;0
0.296799630221762;0
0.33684046501749104;1
0.313361729442139;0
0.20168168613685475;1
0.1927493854796164;0
0.21452937680361556;0
0.432008403536007;1
0.17836114349225693;1
0.21951992523351188;0
0.2252497330479354;0
0.23308837237795746;0
0.19511870031314102;0
0.2560524796506612;1
0.20245921465476033;1
0.28064553758154576;0
0.340292096740728;0
0.3485649986323623;0
0.14242002907495765;0
0.1907048738614938;1
0.13799556429512563;0
0.30428960232778973;0
0.2714740719213381;0
0.10284875096344413;0
0.34533128347077535;0
0.3954107380538212;1
0.33371019079637965;0
0.2767405108707344;0
0.39886976686195075;0
0.42259573769832387;1
0.2224281558757974;0
0.3021021678477314;1
0.24377988055322655;0
0.4507384157889497;0
0.3046791727418658;0
0.493964431478172;0
0.17986523391230566;0
0.18712465889341223;0
0.39594144790422264;0
0.2620269751345531;1
0.4894881757092554;0
0.29716060367258446;0
0.25741038967186186;0
0.24034149112281622;0
0.48228774654114964;1
0.38631756916663224;1
0.43260296247638935;0
0.2424570353821152;1
0.5387685141291313;1
0.3707474905500051;1
0.31118198094892247;1
0.2556240448147525;1
0.18103738742510792;0
0.2187065800161966;0
0.07537656010727499;0
0.3347986420150904;0
0.2801773010902686;0
0.21128820107189258;0
0.4559018553611323;0
0.45272943350018535;0
0.44203810063505466;0
0.225775809939776;0
0.37255356048159977;0
0.12658331584806126;0
0.20392911933979146;0
0.2043857434759996;0
0.15479935387638186;0
0.25244733998549745;0
0.21048932586957858;0
0.11752407690574004;0
0.060773360829923;0
0.18952010071227135;0
0.4275319766617253;0
0.16297486156261579;0
0.3463961748365153;0
0.1342634273482725;0
0.21368329465513286;0
0.2255648692145152;0
0.12104859018839643;0
0.23054953102513784;0
0.24391778476996653;0
0.200466504456847;0
0.05558458118707275;0
0.1546550977336505;0
0.22717556636978056;0
0.17158029377859108;0
0.1455313018192488;0
0.25972417151277405;0
0.14580304879263667;0
0.07715463677216554;0
0.2523715539233875;0
0.23230811791500902;0
0.2538108979526275;0
0.17345717905585364;0
0.14910384272468163;0
0.12345683644493453;0
0.18871474405108893;0
0.29529054907096425;0
0.28389071715843417;0
0.2028087418362787;0
0.11554262588422311;0
0.3092285648986331;0
0.08086301257576944;0
0.1573401981348032;0
0.22073279055833958;1
0.0983778557606099;0
0.23144495524313666;0
0.32427000729684247;0
0.34951325342943995;0
0.2690459425160992;0
0.45030140746651093;0
0.5341702096740178;0
0.26247171083618037;0
0.29746268304452017;0
0.34407458872885;0
0.32857160836261506;0
0.34444446789892635;0
0.29798249816752015;1
0.3712452334681412;1
0.5138942840751447;0
0.5044329466962009;1
0.42699307474746934;0
0.3313556337795238;1
0.6755403794398279;1
0.5843814511585959;1
0.6668449841612563;0
0.42595721590612706;0
0.1570221691889706;0
0.1694670200496523;0
0.37508992088923626;0
0.15437085784108154;0
0.08436723726467207;0
0.15541585460094204;1
0.1783810783315185;0
0.20213025551317562;0
0.1879656107065184;0
0.1983267124607922;1
0.2585636463601435;0
0.12442005380070995;0
0.27623300209923235;1
0.12034562679090216;0
0.21741384432220695;0
0.2792887844018249;0
0.27734763868705026;1
0.12264895113337751;0
0.1602645552447997;1
0.32406317002588025;1
0.2091216061536539;0
0.16853505504808208;0
0.1561296650958155;0
0.17501700578803628;0
0.43234631411532004;1
0.10000992264140321;0
0.7065845303509011;0
0.34826671765343126;0
0.2738222909967861;0
0.13979166480035057;0
0.32199904302213783;0
0.8485804439636586;1
0.3442014911945766;0
0.5184090690820886;1
0.4399778156415576;1
0.5168186896042612;1
0.11765811675305782;0
0.22515498054265065;0
0.6941031786385533;0
0.13921657113354208;0
0.3437401012367359;1
0.3498062946111364;0
0.23710097519493256;0
0.16580957910241076;0
0.21986693451633413;1
0.22786385758687697;0
0.3413704634789285;0
0.6034606857363137;1
0.23856290289591514;0
0.4028000009467168;1
0.6392567089530653;1
0.7548314877228582;1
0.5256637437186927;1
0.1674594066231131;0
0.25718394786733056;0
0.11819161627702092;0
0.229416133361571;0
0.3037481612568455;1
0.30074504809221114;1
0.08297956248371523;0
0.18265991785314067;1
0.18168209429825366;0
0.3035023639925735;0
0.34608549407059647;0
0.33166375418829125;1
0.12727649461285845;0
0.2451386388069895;1
0.24175115956489504;0
0.12942059956090737;0
0.3585946638584212;0
0.1561396800588065;0
0.22315813229122192;0
0.43333177048921795;0
0.189385984115152;0
0.3650180032176763;0
0.3000189776131687;0
0.5193128871890462;0
0.20522545334989054;0
0.29012815789126206;0
0.7388751165697315;1
0.1806441573351454;0
0.35363824670579713;0
0.2880705050147622;0
0.3088767561750762;0
0.7670215699940502;1
0.7678085840941568;1
0.33597996266651375;0
0.32817726185360707;0
0.1115095245236703;0
0.3417120265175766;0
0.461378636314095;0
0.29996994009891287;0
0.434617664693996;0
0.17728006270584049;0
0.1281633140590997;0
0.10920270518310765;0
0.4030146587961344;0
0.11852554823334077;0
0.0939874243323301;0
0.15339016530203842;0
0.25234910057938315;1
0.2472744032318444;1
0.10375924517053768;0
0.1904561058644168;0
0.23743474837457987;0
0.10973779780007824;0
0.09960189514131762;0
0.35848916409554293;1
0.37548962441005784;0
0.518262097262724;1
0.4915545255084728;0
0.7784455708467558;0
0.16862293540170645;0
0.09532674955274979;0
0.197306413519725;0
0.09170142734614706;0
0.10706167755130544;0
0.26682108225731505;0
0.38880585739568996;0
0.20532745948086592;0
0.3299559160571861;1
0.3077940096308572;0
0.5304511242307267;1
0.2621692312109119;0
0.20071343417109094;0
0.40339815797047357;1
0.44717877977077386;1
0.1450507544238932;0
0.3042723842206946;0
0.35504292872941207;1
0.29436175265302666;0
0.20536422398838042;0
0.4638738763565517;1
0.3626124961465842;1
0.5088802668460658;1
0.3273644142926152;0
0.47977624488305143;0
0.646909507999538;0
0.660101301932674;0
0.795727981075214;1
0.30430015248694336;0
0.08244784713596319;0
0.2722255931764948;0
0.16811898172468287;0
0.3295018508578565;0
0.16261318784314177;0
0.22711435511709124;0
0.1598042423115009;0
0.08048473468743803;0
0.08449828274455133;0
0.13896821188638422;0
0.28662365581973975;1
0.41672473821122147;0
0.21394295543544317;0
0.2024801998485141;1
0.165934045962492;0
0.5262277431733196;0
0.1405696040953892;0
0.2530370985131478;0
0.28013851093143277;1
0.31564104626681855;0
0.6279663136617868;1
0.15224827209371836;0
0.14510535988871612;0
0.1636589658462204;0
0.4005292209219503;0
0.2765529658498336;1
0.2549575857569417;1
0.1820812743126162;0
0.4643398342635293;1
0.17444526439657004;0
0.16136055338202793;0
0.1768256474257063;0
0.14645537106928666;0
0.17480768377432482;1
0.35571214634876486;0
0.312147770268677;0
0.4369854204754486;1
0.4910723599294501;1
0.3300150165442611;0
0.10718391387866116;0
0.11460373504732563;0
0.38816049831625465;0
0.4438460285105369;0
0.35987890009628054;0
0.28179880174539795;0
0.6694312463816015;1
0.4158954720443901;0
0.43065401304708595;0
0.34987794649778226;0
0.38479455675924784;0
0.2688778158355848;0
0.5549916442599936;1
0.625440592565712;0
0.14880071172318152;0
0.3808298017691879;0
0.08228963080360592;0
0.10163158857685103;0
0.18840261312095496;0
0.3877526080104049;0
0.2219698090267208;0
0.2604164536502761;1
0.18414144236253405;0
0.22083282578429508;0
0.26372693198513114;0
0.1603578041223681;0
0.23383882447072601;0
0.41108254442288394;0
0.5233644949085822;0
0.2939877922203085;0
0.5258763257239192;0
0.7709139211007312;1
0.27784516184634533;1
0.15596040414296727;0
0.3303011382101605;1
0.23823888909255433;0
0.17463875669936096;0
0.29260864455663305;0
0.19816427302506381;0
0.11793434014466073;0
0.1262322603623198;0
0.22311142052601712;0
0.18516024651255875;0
0.2607636582012103;0
0.2639737767046129;1
0.1406196658649681;0
0.18576059503087458;0
0.29207305457377897;0
0.311720098593542;0
0.12968786306390606;0
0.24982239786702312;1
0.3321645188855411;1
0.41319571778950626;0
0.5682685772830688;1
0.3674643538190375;0
0.4340934633109995;0
0.47417019384524933;1
0.5413811360346538;1
0.6570701728340831;1
0.4554540997147365;1
0.6741038358354946;1
0.565984831462067;1
0.565253386779515;1
0.2301550661682079;0
0.18731259384726734;0
0.13084868537481645;0
0.1225272711957041;0
0.1420226434589684;0
0.25500223100594377;1
0.3462516154034654;0
0.09311895583422931;0
0.17832226599049877;0
0.156447658511586;0
0.18392777911277128;1
0.2771668707034882;0
0.07698011442435944;0
0.1481340893834727;0
0.3469753281693056;1
0.3771435377230378;1
0.5289938019154645;0
0.5361527934049073;1
0.5902971714459981;1
0.2342100711577831;0
0.29429392366296603;0
0.1957051856081283;0
0.18535866072270124;0
0.24514310183087112;0
0.12068984627963703;0
0.17720207599126397;0
0.20894630631624267;1
0.09466322845569716;0
0.1653499316763839;0
0.2116526017845292;1
0.13972781398038261;0
0.11580519871268906;0
0.15223438349145146;0
0.30340637693210204;1
0.17255687619069418;0
0.4640451342285479;1
0.16474906259778255;0
0.30702837742817746;1
0.23564552249382625;1
0.2622498768064937;0
0.15919370934489543;0
0.0932521274590871;0
0.24051252559868597;0
0.343168536147383;1
0.13224499503262277;0
0.16824925751837563;1
0.09636791360281259;0
0.15298140023694318;0
0.42715517379545287;1
0.18467844132788241;0
0.18959593908183134;0
0.27126620800693;0
0.3509743757521371;1
0.15246900420999504;0
0.27899779766932553;1
0.29292611205423275;0
0.1599399900174524;1
0.3837487927564256;0
0.1470851123000662;0
0.22475470072769646;0
0.2852731609247326;0
0.2064184361153531;0
0.11228420540241167;0
0.13964615317582194;0
0.19406246116235007;0
0.1809526635057722;0
0.2096569717566627;0
0.14240147128971645;0
0.18810751015132338;1
0.1520224078716998;0
0.3155268693506572;0
0.253209119644754;0
0.18644133025666573;0
0.12469713380270032;0
0.12973337201251317;0
0.17302686627988817;0
0.27390348230166084;0
0.11098277036922462;0
0.2652321944526617;0
0.2641994062514044;0
0.28385444056699016;0
0.139792872225864;1
0.13405408750820375;0
0.14810600650444292;0
0.2920848707165888;0
0.30917511622859933;1
0.1677154479971081;0
0.16559945522766442;0
0.3502630648543648;0
0.34673207924240845;1
0.19436045073616373;0
0.25766927448317517;0
0.32457353220023616;1
0.23997541591560406;0
0.14207822338869763;0
0.22192525866397858;0
0.19564360234227174;1
0.32626755438354693;0
0.4888670228777478;1
0.34043897105928095;1
0.5584063649966482;1
0.41197786291527083;0
0.14205069971520118;0
0.525014890135139;0
0.7063302625392238;1
0.6095497042293394;1
0.8598509463079373;0
0.7865449075174554;1
0.878851367558363;1
0.7066294790365527;1
0.6390754704431013;1
0.7437636733134996;1
0.0826535007414515;0
0.34419777258485057;0
0.2466676064667794;0
0.4248284687733236;1
0.3949274381022664;1
0.34016851415588145;0
0.3467402549762218;0
0.1468197135898018;0
0.11228217180500814;0
0.19608508304310857;0
0.7573530889359609;1
0.7734822074443397;1
0.5542868630929972;0
0.7429617015811595;1
0.8402098194497569;1
0.7750602968591808;1
0.579436485906858;1
0.8112728373628476;1
0.8895820620035857;1
0.828339519257885;1
0.791912430618732;1
0.5854308471271068;1
0.749310033092584;1
0.2758526848002484;0
0.7827161948586627;1
0.6187600020957542;1
0.32657494623234756;0
0.17350549913657845;0
0.20726142924290689;0
0.21975914235493704;0
0.2809354981394043;1
0.19486736222919868;1
0.14434481994683876;0
0.1672509461776879;0
0.2021284910878292;0
0.19505937292044367;0
0.3130700017948846;0
0.26004099271815984;0
0.11221906170552723;0
0.4251717773498643;1
0.5740974802685721;1
0.6699320927910539;1
0.32934246696382585;1
0.3009191924604711;0
0.5618341987128159;1
0.10591783062265846;0
0.25794482064142354;0
0.2875636929742384;0
0.16987443933174792;0
0.12451192814630782;0
0.14759398283249706;0
0.5291946076994429;0
0.11466098575021029;1
0.13637418049219066;1
0.10416312586110518;0
0.15361338896226967;0
0.1048048712559162;0
0.3749872978309651;1
0.3471913394144183;0
0.175739492859781;0
0.22013976041236993;0
0.6023535981149583;1
0.19215410738335376;0
0.36755486677977967;0
0.2548364565908899;0
0.16989860336107349;0
0.2193262099289563;1
0.3398695496588419;0
0.14919588501298708;1
0.3136023219362647;0
0.2534039340065609;0
0.2667178344953898;1
0.4995587978831496;0
0.2974952073653656;1
0.3630459583664039;0
0.20601899982553057;1
0.13148982184055072;0
0.3928936392995245;0
0.297704023796736;1
0.35689526754760387;0
0.33189609934927566;1
0.27085975442167887;0
0.22406231976728594;0
0.17171402444029546;0
0.26165358995972887;1
0.4104868371397114;1
0.28608978365909826;0
0.14576743514137938;0
0.7396368465944689;1
0.20943310825438707;0
0.10077299237047464;0
0.1789690233056718;0
0.17811292774029003;0
0.13985358298725184;0
0.08513667640675639;0
0.23331866585923572;0
0.14755385912145996;0
0.3537402406525794;0
0.4910956174119971;1
0.21965415930148982;0
0.12232081748849188;0
0.1639437411864394;0
0.16862809856783048;1
0.155581116617355;0
0.09374939383993988;0
0.10937589412778753;0
0.40484427970471426;1
0.18775041607211979;0
0.19133608381686026;0
0.4627405285248385;0
0.36880708193374606;0
0.5339418320219417;1
0.3774741348625331;1
0.5528592874790812;1
0.6597534410709475;0
0.21187949466034428;0
0.30609938458004554;0
0.25897923675838397;0
0.1376175273671291;0
0.1228523631471211;0
0.20375460463454229;0
0.4769254574270329;1
0.33401211787563506;0
0.22341600465603279;0
0.31621308251045904;0
0.8006627080304919;1
0.23997741934012926;0
0.3248479883589146;0
0.7550507618647679;1
0.23285922735716752;0
0.33039423265413176;1
0.38686920507045885;0
0.25080070525304216;0
0.17274150322976495;1
0.31369600924023977;1
0.2618878965391548;1
0.2410502513471529;0
0.1612817184981973;0
0.36493121356719327;0
0.38772408654898227;0
0.16270587143003049;0
0.14370777710867944;1
0.3120002348996893;1
0.1152764267424844;0
0.41067386488494456;0
0.15745487836208855;0
0.5117884492969756;0
0.19254243427519246;1
0.18158021968775973;0
0.4214061977479662;0
0.18985575980986852;0
0.17198611752659934;1
0.36499904814492945;1
0.46646642075926587;1
0.14566384196499335;1
0.28687884717255135;1
0.3424845076733088;1
0.37284252034983034;0
0.5465220274447178;0
0.1858829066576926;0
0.16831651403089587;0
0.22666608544662398;0
0.08340485656799089;0
0.24406316792681687;0
0.18279372691499837;0
0.616588515067424;0
0.3599968024593865;0
0.2161388574737341;1
0.35209033603017476;0
0.6536457470269575;1
0.450348669714336;0
0.28183453790574076;0
0.23273828487689102;0
0.1304391895232945;0
0.1666577987996337;0
0.4032928026483473;0
0.21915650505942222;0
0.13348987830055653;0
0.10901003611212741;0
0.08493520444596156;0
0.24588975124324755;1
0.22531199138239053;0
0.4526876120511699;1
0.13840796394305566;1
0.17859103520890227;0
0.2376746110577576;0
0.28910610416370364;1
0.27373898772972366;1
0.256182711959458;1
0.23088474115944935;0
0.4399660907462759;1
0.19314956387873575;1
0.15627488089118355;0
0.232931611178983;0
0.2607884899565972;0
0.40394665624989134;0
0.3788737104779233;1
0.35009268591880177;0
0.1763885191025133;1
0.4430044397279439;1
0.17286653328556156;0
0.18832816331934735;0
0.1428090774949839;0
0.22618379750774154;0
0.3326107359094597;1
0.35252776558550536;0
0.2887750333297396;0
0.3572532290832942;0
0.15966126223702487;0
0.300206401428747;0
0.35974777977322436;1
0.4591497520932793;1
0.4430721909256329;0
0.22407231265145064;0
0.1318021555436772;0
0.09643567798929394;0
0.14117273460385457;0
0.14656676670924262;0
0.21976598539017855;0
0.1751071869897616;0
0.12444774263221342;0
0.46011759998937724;0
0.39325711696027715;0
0.7893544671302032;1
0.4874311348237419;1
0.5890054167121631;1
0.6147084204005312;1
0.7312327200461074;1
0.3732163470160972;0
0.4224906631628251;0
0.3103110799363481;1
0.502529416186971;1
0.3850741796124831;1
0.5054551836930824;1
0.20242395191119994;0
0.40304379524841255;1
