pred;y01
0.1822933651032728;0
0.20023149978779636;0
0.12406854018835646;0
0.14967860215659015;0
0.30029164310365286;0
0.21444523192321988;0
0.19132156410781603;0
0.2243908166952337;0
0.3116140630910438;1
0.15559733304989268;0
0.16670043457809017;0
0.23317598962696104;0
0.2484351665070736;1
0.2735859320982119;1
0.18086268820278642;0
0.229724458617487;1
0.24521209575038727;0
0.34296767725650457;1
0.2286272129908379;1
0.17195167321639662;0
0.18306367289812617;0
0.21632962707697864;0
0.2033671727113319;1
0.22253034243251868;1
0.1557434942991511;1
0.21206482179539615;1
0.21418847216197898;0
0.2726744762311488;0
0.37317765689246546;1
0.20766812947155183;1
0.23158104716716096;0
0.23714797274729887;0
0.2225291570205082;0
0.34232407381094543;0
0.2995749400878818;0
0.3167297843020557;0
0.30371220720158343;1
0.2843664405606156;1
0.31048259786269244;1
0.2774265452382411;0
0.3193938101571521;0
0.19019413282220865;0
0.18900262207720517;0
0.20813571113809662;0
0.3068970367790549;1
0.30749381091703076;1
0.3164268171283202;1
0.250118792580396;0
0.3302319040059488;1
0.2557774245490638;1
0.2663875146161488;1
0.3505225145065184;0
0.2534587313092888;0
0.28131834318850074;0
0.3046881337936837;0
0.4049221649294051;0
0.3536235412448654;1
0.18970498228032417;0
0.2665010427478258;0
0.28977966650893167;1
0.40616893767851564;1
0.2475810306402674;0
0.1983355656620277;1
0.31112838229219597;0
0.1928400687497302;0
0.37189194286993926;0
0.22203149335396405;0
0.23045864739615035;0
0.23026655816885888;0
0.18842475697025013;0
0.16055105822473692;0
0.18230147611387157;0
0.21227025863829563;1
0.2098470504014228;0
0.3089757511864214;0
0.3027078808526635;1
0.24960851826909647;0
0.2693362522553088;0
0.32375831977831615;0
0.44073152490148026;1
0.2414469470447787;1
0.2821383345119842;0
0.4926351096016055;1
0.32498126005015854;1
0.2824432544769141;1
0.29073286942427173;1
0.3344181233449507;1
0.3752055369964113;1
0.37385166857059915;1
0.2874861413555191;1
0.4531280184059931;1
0.3011243305426005;1
0.4895865667654839;1
0.27287203928318976;0
0.345505668533583;0
0.4715372038080984;1
0.3794304818687714;0
0.3270006375229314;1
0.3180687219578248;1
0.36281829213335504;0
0.31405330517562546;1
0.3603978411155657;0
0.35065217599873166;1
0.2836164469948937;0
0.3410354285163905;1
0.5350904993561585;0
0.3220836788307209;1
0.34614757685241293;1
0.2126610060177167;1
0.32853942309788225;0
0.3856976466616275;0
0.33172675070671526;0
0.3798205568320779;0
0.279813199222988;0
0.18721365749558452;0
0.16318355898366907;0
0.46072414245926535;1
0.3032205427482829;1
0.27789118810709934;0
0.30740219053859713;1
0.3923809988803878;1
0.38174359451026324;1
0.3777448916616452;1
0.34467918869042435;1
0.34031437921591046;0
0.36458701957894246;1
0.3828841191441412;0
0.2503219786410884;1
0.26479696410624737;0
0.36072124416909496;1
0.1880368477856334;0
0.40157279463896417;1
0.3846426081810829;1
0.4165714597579381;1
0.3727231257772955;0
0.3647171334980357;0
0.17083821323679835;0
0.13836327210743743;0
0.16927244694290167;0
0.3352186069542408;1
0.25571293928697353;1
0.29020492403481174;0
0.1894534777874793;1
0.1791908782625103;1
0.21503493448573255;0
0.30658599430609573;0
0.15936480921884083;0
0.32698639328478435;0
0.21076856606720076;0
0.2926818876824107;0
0.1713730391304236;0
0.3194276103228908;0
0.23424199121242917;0
0.26755589201333607;1
0.43010505106929314;0
0.37613885131448194;0
0.36818680271348747;0
0.23375506732197693;0
0.15061478095809575;0
0.1615719849543002;0
0.18397036366543532;0
0.238060188078773;0
0.24743529614851245;0
0.3771089183973059;1
0.25791577392547965;0
0.31648861588591565;0
0.4507506345224963;1
0.41334168477392036;1
0.5058816009081929;1
0.4032409601569425;0
0.4780025452264053;1
0.3976316979018064;1
0.4611314826249212;1
0.37939463864150363;0
0.4880700564516964;1
0.4509784947126858;1
0.5519369715331658;1
0.4804949160615946;1
0.5063329304850673;1
0.4638126288867191;0
0.3920192584019993;0
0.45112608147138;1
0.4351654606855216;1
0.49443711815302666;1
0.37860906140646566;1
0.3088765435832881;1
0.30267986533785957;1
0.43889315638224835;1
0.5358351043871934;1
0.48683909537902764;1
0.46203409910969523;1
0.4749195367359733;0
0.6255899581275135;1
0.4563817975283704;1
0.4354260520106062;0
0.37761412854782006;1
0.7127104567957235;1
0.7623901489144879;1
0.5455120146750718;1
0.6193286545412142;0
0.5146137991810303;0
0.5118074133368938;1
0.6179361628043712;1
0.46655095305687155;1
0.5908334082321398;1
0.4410694426764414;0
0.34529253098662693;1
0.46142439203031105;1
0.2952332552204112;0
0.3948992420913695;0
0.26677205279014016;0
0.19935872950782516;0
0.19176417279730487;0
0.16295903555784838;0
0.188200911644839;0
0.18301218198554864;0
0.18685836398698966;0
0.527524933153729;1
0.31921375606046754;0
0.19389469820405839;0
0.2418060576629866;0
0.20224849433286943;1
0.38228955063781095;0
0.1996564992172739;0
0.28503455740931494;1
0.2986869292675777;0
0.24077946198323177;0
0.2246166464461788;0
0.15103082541705432;0
0.3659854592425809;1
0.19864594947214675;0
0.25268004027112967;1
0.2583593919523316;0
0.2696017636537638;0
0.27093532882120447;0
0.33005027209039123;1
0.2413602088633246;0
0.28414697080288137;0
0.3450142642126243;1
0.24247321944904887;0
0.18677079115002143;1
0.1480717836075082;0
0.15324806540983615;0
0.32273669738694266;0
0.3551237299380118;0
0.13422603379606976;0
0.2299347695929658;0
0.25224552074009027;0
0.170192384118746;0
0.19418406689998624;0
0.2596197475438832;0
0.22789827107350927;0
0.14673170086036444;0
0.17195474494511334;0
0.23085235549481792;0
0.24983897034338187;0
0.18872395922187665;0
0.1657701503016674;0
0.20346961653743173;0
0.19562216074092056;0
0.17653513437504867;0
0.13382036592203336;0
0.17805880625584547;0
0.2112738424753211;0
0.1521601434078582;0
0.2203637798100237;0
0.14041420818009726;0
0.26848230432965275;0
0.23443410031909317;0
0.14693654557514085;0
0.2658350821253153;0
0.22054068204656463;0
0.15032731960679;0
0.12804705674870323;1
0.26292389348268463;0
0.17869026709396904;0
0.16584380863834253;1
0.20933160517855084;0
0.2566752015812533;0
0.15648698423737917;0
0.321322075918149;0
0.3638418245376187;0
0.27418596829614067;0
0.2624895847170074;0
0.32273248155483153;1
0.3578666028020685;0
0.31987276129226566;0
0.3562793170972142;0
0.1826043501955937;0
0.15917258794876174;0
0.2248715365098465;0
0.206030129942323;0
0.2243638316137654;0
0.1999953633123764;0
0.38343578495076536;1
0.38614140592911506;1
0.15822157438171147;1
0.20141812504139628;0
0.18552129056288993;0
0.24157002097384195;1
0.19113223118072156;1
0.14802234920752028;0
0.2876067558800224;0
0.20958072639670894;0
0.15270685740373133;0
0.18575803388004505;0
0.2805416345839895;0
0.18143722372764357;0
0.19459910911053835;0
0.31710315612093126;0
0.2534176262596348;1
0.3260113239332798;1
0.2747331570564539;0
0.2564603018689499;1
0.1772155754323903;1
0.1517560987624301;0
0.18662092307284442;0
0.3237813904975052;1
0.15337759962004527;0
0.2108171530181633;1
0.2903961529013056;1
0.18423326668823664;1
0.24342810376272728;0
0.21956536321419606;0
0.22849260601238633;0
0.2306048754195032;0
0.24790035444742234;0
0.19165949346078967;0
0.19398977264443645;0
0.32545963816760576;0
0.30629649865858505;0
0.16830661174153466;0
0.1770869078934262;0
0.2423462403886656;0
0.2129475682952221;0
0.20921375448633575;0
0.3193221041045005;0
0.2073844112792748;0
0.2472666435676462;0
0.20780222786572272;0
0.16532929443704344;0
0.20404489121921757;0
0.19681451002839265;0
0.1438964218750966;0
0.2270438292255442;0
0.2241257141277082;0
0.17079438238529707;0
0.18203995024110806;0
0.20845573042907736;0
0.3061594897830891;1
0.1521421249600712;0
0.16784362590780805;0
0.21694318282007982;0
0.2154108231958274;0
0.19480740242219763;0
0.2378880328960506;0
0.17038695566694745;0
0.21628191427871532;0
0.31123716779629135;0
0.16510340789050162;0
0.1984453564313015;0
0.13164263231605242;0
0.18357616702080604;1
0.15150043412725778;0
0.23569595835905235;0
0.20679719062128885;1
0.2308490342381482;0
0.1458807905440115;1
0.20699408704538821;1
0.15441399265832195;0
0.2636590646959004;0
0.13726689119220659;1
0.2328343305587256;1
0.13480962549425377;0
0.3046984328654241;0
0.14242644743056104;1
0.32092845146304577;0
0.38767911418276085;1
0.16467233267586245;0
0.15416242506783567;0
0.2876089613639815;1
0.39832774727341924;0
0.4338787017997302;0
0.2750524236575067;0
0.4955319193568587;1
0.6872008331426136;1
0.698454453933968;0
0.3986067492375714;0
0.6938429169697491;0
0.6640242951512472;0
0.6611470492347544;1
0.6580019148538264;0
0.7117493008878417;0
0.8140613501801046;0
0.6406266010167253;0
0.7620024860771359;0
0.5780612126278175;0
0.6493794363429465;0
0.6072242408309364;0
0.46159371620839906;0
0.5055026907803439;0
0.47300137895109906;0
0.6557680851868175;0
0.6412557356276213;0
0.518431429117562;0
0.6447989674920936;0
0.6942949564474601;0
0.5483429792248672;0
0.509092140793795;0
0.35457659950176096;0
0.2233630766616435;0
0.33339779054624236;0
0.3180730490908522;0
0.18517433601851352;0
0.2504711468634303;0
0.29303824064297374;0
0.3307575512978047;0
0.5240802726855885;1
0.15764121682638216;0
0.17813952212759523;0
0.340714625802536;0
0.35202749256119154;0
0.3955640126901072;0
0.393148664976393;0
0.29834660873483176;0
0.3985912314922806;0
0.28898035676878137;0
0.45464472259637606;0
0.4420749388914343;0
0.4186958272114452;0
0.4017756817261527;0
0.34374498110637125;0
0.37103672796421405;0
0.36640484976576426;0
0.3874814334114854;0
0.31346962922140287;0
0.45739481033516416;0
0.2959602322122226;0
0.36124669811367605;0
0.12275860819437878;0
0.16576121989181195;0
0.1355792997501581;0
0.15291944808141883;0
0.16132477970713036;0
0.1519006737309456;0
0.14399399464280482;0
0.1731199756769008;0
0.13546217235774735;0
0.14808341826926727;0
0.19237695002296246;0
0.14703705783484602;0
0.17696343632914985;0
0.2305859486751208;0
0.15925907102249154;0
0.14803823455519294;0
0.215318205262839;1
0.20871924190160013;0
0.2181539952211959;1
0.2170645966201387;0
0.12953924160857555;0
0.17478682567469642;0
0.09963514866944666;0
0.24790594000462643;0
0.14155195549998928;0
0.13078280694148986;0
0.31027960108428343;0
0.12162073084965869;0
0.1322289251024202;0
0.19046304592336205;0
0.1366381007826118;0
0.15055734685665623;0
0.22816997892880053;1
0.2355399717570148;0
0.2263763531678125;0
0.23106207317286676;0
0.2547309167683382;0
0.3315407095640356;1
0.1686632838430652;1
0.16490284596866825;0
0.3626913329348066;0
0.36277370163867523;0
0.0965765427459969;0
0.4366038788380886;1
0.26454329582699715;1
0.22926127019632647;1
0.2811745816094847;0
0.13176459114306469;0
0.12682781186357425;0
0.1066759572316646;0
0.1738435574992108;1
0.17754672310823782;0
0.1647178363691777;0
0.1718361949084554;0
0.18620270951847784;1
0.12905255961815051;0
0.12931958889842335;0
0.171940392137943;0
0.17728693700053133;1
0.1380348287090854;0
0.1818180573252535;0
0.12111209780469177;0
0.18411583151801905;0
0.25913773749828595;1
0.140084274976561;0
0.19758749208634593;0
0.2684585572901135;0
0.2028173900259674;0
0.22984618705961787;1
0.17983905431766312;0
0.31615391913597873;1
0.16436729355296784;0
0.13670570396281426;0
0.12380884270827223;0
0.286565858173056;1
0.23869992490156286;1
0.15318483641776687;0
0.24807931107124875;1
0.16246952425141017;0
0.8643610922549764;1
0.7215432491165585;0
0.741829144918607;1
0.6533842620698718;1
0.787030285842165;1
0.7709367876247677;1
0.7842037702864908;1
0.7436203337358746;1
0.8048628648926996;1
0.7395188360432978;1
0.7575516594152912;1
0.8017781065225825;1
0.7084442637590466;1
0.7565549329656102;1
0.8318248430669821;1
0.6586643671733219;1
0.7772400162128593;0
0.7869307072836491;1
0.8340815559148406;1
0.7029371792056458;1
0.792999340427272;1
0.7784205753690736;1
0.4959358593351514;1
0.7457952197432014;1
0.7798255420383391;1
0.8658054886917147;1
0.7804214491495911;1
0.663163140414728;1
0.8346217546530904;1
0.8521648889593645;1
0.8213064235288414;1
0.7841689849422666;1
0.653389794986474;1
0.7742412732166815;1
0.6327116510049564;1
0.7590952665031504;1
0.7426099573506671;1
0.8921191171849642;1
0.8716606144396825;1
0.738642670977095;1
0.7885710822731979;1
0.8355580884092934;1
0.7625788131616391;1
0.6826209585084947;1
0.8755982158804838;1
0.5308060223005099;1
0.7770697568147098;1
0.6981392695477797;1
0.736658958456702;1
0.6755642338651764;1
0.7829170692112726;1
0.8091169750586013;1
0.8204215239394494;1
0.7846797829404585;1
0.7783718832380643;1
0.7264048891902214;1
0.6293599126253879;1
0.7106648845201723;1
0.5663755640870879;1
0.7908388696602537;1
0.7307596263700833;1
0.6001456203242196;1
0.765731467647727;1
0.711144507545149;1
0.8266259340193101;1
0.8267430822504667;1
0.738062214498838;1
0.7369127853703765;1
0.6137055469086807;1
0.7985519685124263;1
0.778968717636055;1
0.5724899133782193;1
0.6733572102110261;1
0.8524860916731494;1
0.2301392477750555;0
0.25248603239922807;0
0.26314032259157666;0
0.11004370966311709;0
0.10417605871744456;0
0.24169146297584693;1
0.3068412306206925;0
0.1556752598867364;0
0.24996925319174645;0
0.18855364202301977;0
0.1991585998334019;0
0.10642636897705958;0
0.7665255562852691;1
0.7477658636867918;1
0.7870860416006208;1
0.8142473640019825;1
0.6564170423176677;0
0.6774435519111266;0
0.6763461814894822;0
0.7345218730556377;0
0.7375464069989561;1
0.7939414111977777;0
0.662293370119813;0
0.6244134914237964;0
0.6853748949179544;0
0.6920725359052491;0
0.8023091364737804;1
0.6845634943891168;0
0.8093208934666198;1
0.8861313137859771;1
0.7670172536824557;1
0.8214973055007038;1
0.7827194006122643;1
0.7658567690147497;1
0.7088312637877486;1
0.8822069960937206;1
0.8063925026025491;1
0.7899881604349641;1
0.58659662861249;1
0.7228664219264966;1
0.49927216646122213;1
0.8579765800925611;1
0.8307757586308844;1
0.7000941113569691;1
0.7187504862045083;0
0.8344808782535418;1
0.7386128476131878;0
0.7897773097827581;1
0.6690829604992022;1
0.22968017203337085;1
0.15177574532097224;0
0.2895261865801687;0
0.22638874465944955;0
0.30106921986606;0
0.24992662610727798;0
0.3275406178109037;1
0.2152306588737273;0
0.16391221143447182;0
0.1792326443385483;0
0.2752673160424884;1
0.20003267483253948;0
0.15236119497421535;0
0.1566078972203013;0
0.2353998028351837;0
0.16877824094770721;0
0.16227411066512576;0
0.21136358547594114;0
0.21147424820825622;0
0.20328926176793366;0
0.23444546942100677;0
0.23428727755767734;0
0.2824552846577016;0
0.5504487696992101;1
0.4140412339351872;1
0.464446419248178;1
0.4045400401738763;0
0.34709136429735943;0
0.33225866743418186;1
0.4845147413010096;1
0.295628400495133;0
0.45020267642532047;1
0.38263521612634027;1
0.3060634206290041;0
0.44714027716331983;0
0.3391141667440088;1
0.21712585627362269;0
0.458736450335332;1
0.4211616441879015;1
0.18454008319598258;1
0.4073694451737624;1
0.3775009838896193;0
0.30274873150752046;1
0.29114791692710384;0
0.33304550344527806;0
0.40407006910409116;1
0.33735323884033874;0
0.3340150849041103;0
0.3323534399447148;0
0.34188787879557553;0
0.2560336614523266;0
0.44449182305975843;0
0.274723156977108;0
0.3717509589791255;1
0.39657965650617333;0
0.3569240143564758;1
0.3185059921625279;1
0.41422334627273805;1
0.46399339465464695;1
0.44328705577329586;1
0.5666542124752192;1
0.3249222325709324;1
0.3998471255153627;1
0.3627966933968498;0
0.38878346580589823;1
0.36087897778550493;1
0.42332883669505494;0
0.3897705020660985;1
0.3684391076526376;0
0.2869664929464522;0
0.34528761968068034;0
0.3932513408404894;1
0.29197904712345;0
0.5021620970382823;1
0.44107376417493194;1
0.5134446254334528;1
0.3982020618932952;1
0.35836522387916847;1
0.35314828066350606;0
0.4243498303151012;0
0.514732503696047;1
0.4296164527763532;1
0.3490166280109643;0
0.28319277609123217;0
0.4417068677779447;0
0.41507345429619047;1
0.4214210303645158;0
0.3657409577170772;0
0.3398947520938409;1
0.3334881041530186;0
0.3197649506629346;0
0.3040238360275328;0
0.4005609188286103;0
0.4041777482298362;0
0.4396615465823087;0
0.3797336191242635;0
0.3800977065029921;0
0.3595327941240952;0
0.4173164589572418;1
0.2753154165154492;0
0.28881228447846863;0
0.36896248919930685;0
0.4591489619153277;0
0.44460609047321276;0
0.3930390170703256;0
0.34902817125863306;0
0.30701327721843374;0
0.2821304760155709;0
0.35240708136962384;1
0.4297082545762327;1
0.2560418478689864;0
0.28929745896433146;0
0.32864234366957956;0
0.2777286690729967;0
0.39374399758758793;1
0.3685372876580726;1
0.35504964129401784;0
0.2997837123908323;0
0.46944635642536864;1
0.36952362200073663;0
0.2942850054026953;1
0.2980623530721017;1
0.2972923440927275;0
0.3485593691800112;0
0.43913671732007814;1
0.316176648681572;0
0.2818852781466214;0
0.3068075511989597;1
0.3589732319842769;0
0.3334643358288915;0
0.3525156690274696;0
0.27103387393568606;0
0.343374087749235;1
0.34584845236603934;0
0.34712565644575055;1
0.34211569713380824;0
0.27111180935339446;0
0.15771149325643505;0
0.2866076456348806;0
0.19481464391306205;0
0.16503466787480248;0
0.21879252860964404;0
0.26202079783935245;0
0.23341914976538533;0
0.3477781787538521;0
0.2865495679486164;1
0.41478675849240626;0
0.20756885633813282;0
0.31737455669923975;1
0.19106315559633633;0
0.23486205067591728;0
0.17510756958487056;0
0.2012138147266742;0
0.28966814301843274;1
0.16509410873883962;0
0.1240274729763899;0
0.30355320129126573;1
0.2559669147370811;0
0.23335469388582963;1
0.2719318330027511;1
0.2629319897847982;0
0.2645072435953723;1
0.29833989499953495;0
0.23279294962124267;0
0.32175536031989493;0
0.1802116154446909;0
0.236694460093554;0
0.2865162833866298;0
0.22102835714273775;1
0.1864850349071993;0
0.19414893159865806;0
0.3668004811778923;1
0.23184062356992088;0
0.19712763018189372;0
0.31590864151517856;0
0.2620724792217613;0
0.3888125132481669;0
0.17421689767075652;0
0.16764909900784272;0
0.15788421104692363;1
0.2621997880736413;0
0.18797431341198892;0
0.2500763032454408;1
0.4905556745059616;1
0.2224454923258797;0
0.20576895920095256;1
0.2624723909055062;1
0.2493646770867649;0
0.2795331308310935;1
0.23488900837283425;0
0.5351023589829533;1
0.2787912742930369;1
0.6003978076369029;1
0.5971409405168042;1
0.40130596733274054;1
0.47473286215607485;1
0.43053729764084775;0
0.5185231859718814;0
0.38335511062104455;0
0.3786590645091494;0
0.41056063995143927;1
0.5530690774684287;1
0.5709982018134637;1
0.5345550412859957;1
0.6017838233908543;0
0.23523853277840387;0
0.40003809621455455;1
0.4647129015099047;1
0.4354359422448079;1
0.5213536612835316;1
0.32809699374089424;1
0.41567922095192517;0
0.517967338025027;1
0.3873212482662723;0
0.3268682626259788;0
0.3381660209604939;0
0.47959251224251126;1
0.4011155131133795;0
0.3451744738393205;0
0.6900882158568286;1
0.29111787306972636;0
0.5877485974518873;1
0.33372641798346653;0
0.42353395578832065;0
0.4206354191809484;0
0.5723531941735231;1
0.4673798373908268;0
0.4952007695280266;0
0.3582710115876611;0
0.4193721808380862;0
0.4189134697529092;0
0.48386860076154536;0
0.5123142684431609;1
0.7011287160766478;1
0.34849445988398126;0
0.3203296970658539;0
0.438319938161459;0
0.6474858739465015;1
0.4156717522866494;1
0.39673810451659686;1
0.4430742685236067;0
0.40352423149984784;0
0.33498108635569446;0
0.3870419472201306;1
0.39800857561164926;0
0.41794796113953375;0
0.42011123295888225;0
0.3712372118663957;0
0.5307160556655179;1
0.4262123678425779;0
0.5399746449763417;0
0.3573257064215763;0
0.4235862636254734;0
0.41267645206745124;0
0.32350563250718994;0
0.36107023564683616;1
0.5880770980338594;1
0.4478599312350066;0
0.5185331271992163;0
0.5392038722703701;0
0.4919675796263459;1
0.6377538372679195;1
0.5421708969805997;1
0.4555673527341138;1
0.5522185557338467;1
0.4902193208153442;0
0.8494878691343026;1
0.3387206843981229;0
0.38107737598996305;0
0.4527495460815768;0
0.3550865317783398;0
0.4218466934687854;0
0.5734480192040192;1
0.5215587478628574;1
0.4747388415827045;0
0.49670435608316044;1
0.2847591651335969;0
0.4587543363380529;0
0.5407160277989418;1
0.6222530566443825;0
0.5215777661788995;1
0.46134291636855135;0
0.4370662302865151;1
0.5418083671536638;0
0.3883512335208638;0
0.5496497942126526;1
0.427477237390001;0
0.40090939878725806;1
0.4598709776310683;1
0.3941390881503314;1
0.2580684197384562;1
0.564061686241221;1
0.45794497133952455;1
0.27552536989733756;0
0.3720341075785512;1
0.2738989427230439;1
0.35077947054967157;1
0.1901172426642976;1
0.4822242387280047;1
0.24765356135264807;0
0.3656443172772512;1
0.2820961097653406;1
0.2341719171308298;1
0.29833872353404;1
0.25064983051796214;1
0.29385108198952425;1
0.2969679920223854;1
0.24613799796980093;1
0.2171094558672928;1
0.1552951055893461;0
0.16215543749706685;0
0.13690789386813068;0
0.21829521117916445;0
0.2151227299125912;0
0.1885547834093151;0
0.17471288717601263;0
0.12556343258467575;0
0.2224532157463048;0
0.2502677108327011;0
0.1452381102785424;0
0.17489295247167158;0
0.3738778406734669;0
0.15858891533378544;0
0.2184298060972204;0
0.22445529921477317;0
0.14313650746672013;0
0.2147671216156688;0
0.2791063613748182;0
0.19110491402100846;0
0.5002639700978444;0
0.4547361684075188;0
0.6081591913770551;0
0.29670122720790953;0
0.454725194406123;0
0.6450939614032225;0
0.45940648161800446;0
0.18339087420541023;0
0.3292610520254784;0
0.6392661524222419;0
0.5944441643008721;0
0.43459009746736355;0
0.5661243802129448;0
0.5964390678741204;0
0.6446435306165521;0
0.7505970850568845;0
0.6033818826511271;0
0.6442261431517531;0
0.3495590896496619;0
0.6706893223717089;0
0.6066782022932288;0
0.6345320263396051;1
0.694550660771076;1
0.3565744262733975;0
0.517062992712436;0
0.45464552911055645;0
0.2843417647664195;0
0.522392494838058;0
0.4053072690137446;0
0.5234166145277531;0
0.23222220566151017;0
0.6862479868328903;0
0.5580046270595396;0
0.38993240818374025;0
0.5900291644157621;0
0.5404952425281403;0
0.6234667452205489;0
0.17803596055049242;0
0.7275893173290058;1
0.6660073285614069;1
0.7047204128417092;1
0.5065829220749464;0
0.756188021025346;1
0.4852537576161535;0
0.3806075014267728;1
0.6417489873996346;1
0.3226833585927143;0
0.6722349749265454;0
0.6072528041349031;0
0.665684829057353;0
0.6244880396087352;0
0.6188155089702922;0
0.5769904422569763;0
0.7351893230167912;0
0.33941780516585757;0
0.2393424296593592;0
0.40398972501573316;0
0.3137301092355289;0
0.3788385936939366;1
0.37977222331049965;0
0.40483753447667925;0
0.24725039257237094;0
0.2644653839901273;0
0.3056851012164298;0
0.35623898421195427;0
0.4295642765372428;0
0.39759352773103607;0
0.3714293718329867;0
0.31911647816096544;0
0.7992576948529541;1
0.7827081039556617;1
0.6953616752539781;1
0.8338800817438492;1
0.7433153250753312;1
0.5697013946755862;1
0.7282375324695843;1
0.8227172828763275;1
0.7217498002464529;1
0.8270585279400692;1
0.8338512643251639;1
0.7549346782701721;1
0.7294328566225959;1
0.8072240814688197;1
0.8564320335386832;1
0.8056572773833733;1
0.6851932264540725;1
0.7332346717909739;0
0.7888525622638178;1
0.29226995284540574;1
0.8274887684618331;1
0.8096469286296122;1
0.7397726596557623;1
0.753062137625751;1
0.7135612837369331;1
0.8283908169834702;1
0.847539287346578;1
0.847023503965646;1
0.9010519564463212;1
0.6481171190399575;1
0.8449091969661225;1
0.8419742570195391;1
0.7478359701783228;1
0.7615206092972497;1
0.8626978356037768;1
0.8439845014852674;1
0.755600759843053;1
0.6994160884428745;1
0.6857173575993949;1
0.7967457178623949;1
0.7802896658352153;1
0.6811552896885875;1
0.8223009469261102;1
0.8532374416125568;1
0.5087034529780518;1
0.7841990780489099;1
0.8057158628261368;1
0.8242986472441632;1
0.8833674422063665;1
0.8282376103184513;1
0.6548774689535759;1
0.8551915930109959;1
0.7289885268121864;1
0.8212860181211828;1
0.7468950054866231;1
0.8969272259285176;1
0.8195633495584107;1
0.7367270428878786;1
0.7102617099835941;1
0.7523808947801871;1
0.6352094684013747;1
0.8518469028465057;1
0.7429979055053568;1
0.7759591852636452;1
0.705201023646624;1
0.7001673159240048;1
0.8199124009532867;1
0.8592443985952306;1
0.8547715282235189;1
0.820605681594619;1
0.7923532980445833;1
0.8857695801749071;1
0.6986908421462009;1
0.7847196244014115;1
0.7898665117389807;1
0.795016047432027;1
0.7587404235814099;0
0.8063556172463041;0
0.8411130382447765;1
0.7527836808186678;0
0.7514111287361345;1
0.7529088139346164;1
0.7929686359131582;1
0.8184979502434906;1
0.7926510582308722;1
0.7330466143907653;1
0.8083905816286588;1
0.8021192477140252;1
0.8009295630990584;1
0.778582513797618;1
0.8582996954292132;1
0.7199272084214732;1
0.673517666861185;1
0.7166852356205495;1
0.8349699643577104;1
0.15796282365383832;0
0.18878257828049366;0
0.18188538971254836;1
0.17245483581004845;0
0.1851186782247155;0
0.33755292746920135;1
0.20809897661003401;0
0.23540086353645584;1
0.21997185295169214;0
0.12023206927739953;0
0.14000452552391576;0
0.14867433953719517;0
0.2851847925457505;1
0.27448108917195924;0
0.12747658524704447;0
0.11473736440572523;0
0.14334985123367175;0
0.2459215011098845;0
0.17247939710356935;0
0.25586383632521914;1
0.132324074464775;0
0.23688004106864258;0
0.14550542568666472;0
0.13101244834520404;1
0.15017290265484307;0
0.1954674220864356;0
0.13933719468650554;0
0.14293227055168573;0
0.11732309957945636;0
0.12242901203050223;0
0.272865827787234;0
0.20902956680257223;1
0.15974773356259092;0
0.1637242981503549;0
0.14094307839885087;1
0.21774604994597807;1
0.15713842912127615;0
0.19565586027933654;0
0.1512520993193695;0
0.7665301597264101;1
0.5345758977584816;0
0.6782688395516612;0
0.4223531118620574;0
0.6305332645789915;1
0.8437329345643637;1
0.8428581756191649;1
0.5319874232213121;1
0.7921772192280518;1
0.7247575530648982;0
0.7682682185589991;1
0.8408865920302963;1
0.8015001140825277;0
0.832887303399362;0
0.8270375453993584;0
0.8111870595613133;1
0.48278495998419063;1
0.7668993211581617;1
0.782858504465732;1
0.7857655069793439;1
0.73308082664953;1
0.6321303358855332;1
0.8426339768514679;1
0.7826199562118314;0
0.6442145349268312;1
0.7302961369442249;1
0.5222498170820595;1
0.7525405772535158;1
0.48698778987414;0
0.8448806926331925;0
0.5622696356357842;1
0.8026517125353511;1
0.7318341818059897;1
0.6009620153399184;0
0.7459932324545417;1
0.6762164496484074;1
0.7398616130033915;1
0.7419476562285112;1
0.8417428270559908;1
0.7268140012225405;1
0.4572798906627286;1
0.22833022111236698;0
0.4169356398421906;1
0.3656149148994795;0
0.3477858712110961;0
0.35253327318569305;0
0.4163378991865245;0
0.17112491022452178;0
0.22400495022547784;0
0.25045395325564995;0
0.21318440436937208;0
0.1569195037560065;0
0.25617419228192834;0
0.18743771475581417;0
0.17679501036968406;0
0.1801312328150586;0
0.48544019433884933;0
0.27615157937098195;0
0.2866276912514455;0
0.31536358620729404;0
0.25278680347613774;0
0.31824296298573335;0
0.26927345569773664;0
0.3878540256274607;0
0.32712871561383;0
0.2867992851503137;0
0.38303239646889276;1
0.3233117625372357;0
0.1919349451324245;0
0.17794724984167093;0
0.1333725808823666;0
0.317650062944811;1
0.35989650366804404;0
0.33933145321492153;0
0.31342616289964625;1
0.4334002011583743;1
0.4095760557462129;0
0.2591476138597201;1
0.3262718353592305;1
0.22047720310918614;0
0.25360292414800906;0
0.24878472307706853;0
0.154325190944931;0
0.20474225387146272;0
0.22584551035932876;0
0.2779141816867234;0
0.18949915140381027;0
0.30820689449922406;0
0.328159722264936;0
0.2841178071089867;0
0.22825723998439182;1
0.5339430265292556;1
0.2620942947572592;0
0.2880126211839121;1
0.31163322544050515;1
0.2650363490579459;0
0.3090188861370611;0
0.2560255183788689;0
0.22108043467814886;0
0.3488861627175431;0
0.22461965791001354;0
0.2645279242817131;0
0.26867476981472743;0
0.28014503112979;0
0.26076854748620737;0
0.31363678931895256;0
0.24049880056807488;0
0.3180311197438229;0
0.1843551754100888;0
0.3390148459929874;0
0.18906671972936118;0
0.28664712148302735;1
0.3468712615731149;0
0.1985287991987873;0
0.23659764985868414;0
0.2240503012229854;0
0.1880091063570159;0
0.19689226741652474;0
0.1289498530109089;0
0.13515293873388468;0
0.3558930752358248;1
0.2520292994433265;1
0.21419429858768255;0
0.215303958964173;1
0.18256286850026077;0
0.44859619610353846;0
0.3270624206152418;0
0.28100022170782335;0
0.15295964877215923;0
0.1853663788492115;0
0.15934620280628148;0
0.4786237618777662;1
0.7395288044883207;1
0.7508619121460851;0
0.7833533136418419;1
0.7535601524032087;1
0.7710685591210761;1
0.8154951214083138;0
0.4949249881397335;0
0.6922348781112483;1
0.7527679111819497;1
0.7995184274320585;1
0.6423573846552594;1
0.5938260784163532;1
0.7506531267094494;1
0.7155442200868161;1
0.667324033308218;1
0.6964651674077839;0
0.8106620222722517;1
0.7292516564625293;1
0.8680702622732681;1
0.8038044654568958;1
0.7436294772095918;1
0.7873759443415788;1
0.5430512482201607;1
0.8602028885529185;1
0.8022899491384419;1
0.7179485412726156;1
0.7319640832755501;1
0.7529228558302112;1
0.8151061610566152;1
0.7845430821824771;1
0.7650290212326398;1
0.7302706266352798;1
0.5987871261224873;1
0.7460618883638276;1
0.6484785397285802;1
0.8289026271659893;1
0.8132242202246366;0
0.8685041294550387;1
0.843250024208208;0
0.8877827755328015;1
0.7266083967421468;1
0.8171088569757233;1
0.5982639647150789;1
0.7916072767082255;1
0.7097736303114326;1
0.8132867219021473;1
0.759974327252059;1
0.5724930997268927;1
0.7733241628947294;1
0.3498188978629764;0
0.317548909062862;0
0.5084943448760997;0
0.3025170815515871;0
0.2922520515349937;0
0.3211943557474558;0
0.3792552104210357;0
0.4171897348678827;0
0.584298817683303;0
0.6559853060413648;1
0.6244317547193756;0
0.8047556475187781;0
0.6249904621622144;0
0.3546763658840472;0
0.32382533248228373;0
0.2984781435379936;0
0.31575572625050713;0
0.48496266659886583;0
0.1694017739690915;0
0.12157963414603545;0
0.4539560808064022;0
0.16915850830930312;0
0.19543714453105382;0
0.47066109392116595;1
0.4552960700533195;1
0.26629517823358895;0
0.3548789788332768;0
0.3383141584953568;0
0.3026032228844413;0
0.2999812229160536;0
0.46892623258775745;1
0.30161646193298103;0
0.23844463123527174;0
0.34981206764419126;0
0.3015948151617805;0
0.25677172415645877;0
0.43002413229128217;1
0.2664630887071029;0
0.356137533500856;0
0.4105024943185282;0
0.4796640697234552;1
0.44166250483582375;1
0.45555399634872534;0
0.17177559301358614;1
0.13923419575615972;0
0.1495472989391336;0
0.11636218540641109;0
0.21241786155209869;1
0.1611292834757864;0
0.18576782883422086;0
0.14115549704640065;0
0.324232442443874;0
0.19082046341500664;0
0.23897142287763198;0
0.26519649088769615;0
0.2657200600475849;1
0.3148547509148914;0
0.24128924561910908;0
0.2415379403114171;0
0.27461695716138596;0
0.3373102135912605;0
0.33532603383005694;0
0.18283094829909538;0
0.22828505168556232;0
0.30699014215322107;0
0.30426254618840515;0
0.30219850324773334;0
0.19349801057998242;0
0.19328401626898425;0
0.25587846463340796;0
0.39435782286734067;0
0.21752781654090714;0
0.1694952663058553;0
0.5132518055380538;0
0.7688525503015196;1
0.6870728580407456;0
0.8053453620748684;1
0.6256710221871686;0
0.8165141286539079;0
0.4126260865641573;0
0.3779510266990116;0
0.3490798173318668;0
0.7332570124292958;1
0.697577823380251;1
0.7578285904029302;1
0.762362219038428;1
0.7762169020128059;1
0.7338165817250201;1
0.803770664636516;1
0.8210948000610516;1
0.7773433353646461;1
0.7618621427469049;1
0.8230417641616637;1
0.8560982189693358;1
0.38438199322451366;0
0.7000435234240002;1
0.7673827843129742;1
0.7336480362653959;1
0.6711176293558577;1
0.574834231518337;1
0.7928421195148281;1
0.7611138706679551;1
0.22126989894771296;0
0.3030180716580448;0
0.19221668946578283;0
0.3681491653609389;0
0.19842587905308037;1
0.23584172021203603;0
0.27167670200094896;0
0.19340991735526478;0
0.23170234815409604;0
0.23560502056772176;0
0.24657072759456597;0
0.20513070224434862;0
0.4673592857545781;1
0.23233548767748205;0
0.2705831691464002;0
0.11886134243909051;0
0.23486042503630067;0
0.26506108121908356;0
0.20704520741421698;0
0.3835852591080873;0
0.32727996468559256;0
0.35083642427486167;0
0.17300205466921148;1
0.13815471683408803;0
0.1919545949526366;0
0.2647820018003635;0
0.14935222510796883;0
0.1810562301581721;0
0.4337585356876369;0
0.19376739517404948;0
0.2075299455125422;0
0.23121794691265396;0
0.17938177933079041;0
0.21170693220425688;0
0.1198789934504317;0
0.16756323213368254;0
0.13482230717462856;0
0.1775446974644026;0
0.20720788246704228;0
0.3415610199371394;0
0.21332287250836318;0
0.17616691954419098;0
0.24916068554961399;0
0.29017476461251507;0
0.28085023583059077;0
0.29403977582717217;0
0.21105163118895776;0
0.17205710880185812;0
0.2092887844432504;0
0.14458851756077168;0
0.13840318723518236;0
0.15499415894322202;0
0.11654839644541447;0
0.15654183686399825;0
0.2250521259907718;0
0.22825842902244184;0
0.2100131558087107;0
0.18242314164907592;0
0.2086609140457623;0
0.26563553761517894;0
0.19458578780387817;0
0.1860950824671793;0
0.2642774026771842;0
0.25267715063717444;0
0.3005048154990381;0
0.3776566755716513;0
0.1460583187684859;0
0.20567286360500656;0
0.3451092973038105;0
0.31226857237414446;1
0.1974990847040056;0
0.3856426302409175;0
0.2650041914695919;1
0.2229589865428598;1
0.7711927337773709;1
0.7896533066353629;1
0.49117073893706215;1
0.43792190172724743;0
0.5762422833140655;0
0.5683319614396146;1
0.36349812080713806;0
0.32294482177359374;0
0.16547019749016173;0
0.21315894653685918;0
0.20617112967846174;0
0.40088317845104315;0
0.30998626458104084;1
0.13349424597711784;0
0.20882145254509293;0
0.4440156930008965;0
0.44155839814128356;0
0.1864466962614148;0
0.3125805677597217;1
0.29267844747415395;0
0.21230972711543789;0
0.30843095253269487;0
0.25581647770064486;0
0.18955577770151033;0
0.2169672549402866;0
0.3095112795265353;0
0.23916537669056862;0
0.28243450042860146;0
0.37890643289661563;1
0.2931661532557325;1
0.3649083793812974;1
0.34289589252215324;1
0.3729585347615475;1
0.2602439143865066;0
0.28476234390712396;0
0.2523140502433947;0
0.19296132271494978;0
0.16827172594780063;0
0.3064973999434225;0
0.25911269946485044;0
0.3901022757554291;0
0.2869309384513055;0
0.4263497101713561;0
0.41380173724000274;0
0.3416593887220783;0
0.41399923260035904;0
0.27647903070516955;0
0.24424720780250048;0
0.4530262628750365;0
0.349919258473869;0
0.3048244583711042;0
0.40747918845720854;0
0.31485901638044844;0
0.5098568953565202;0
0.342119838142863;0
0.2869715925996204;0
0.296737577364712;0
0.3676803798780802;0
0.30973149978940784;0
0.2160028677115135;0
0.30188202459273755;0
0.21499056213399875;0
0.32639167340011727;0
0.3720058427349152;0
0.296599356162501;0
0.3458571052449065;0
0.2539739013593608;0
0.4168577023917655;0
0.30124432084626784;0
0.25571423840714674;0
0.3863839946341724;1
0.3706281364648732;1
0.42353907176507066;1
0.5487472437923125;1
0.5212703607601538;1
0.370760225165908;1
0.4223063726886166;1
0.40264800180548044;0
0.3511150228385121;0
0.4176882619484336;0
0.4683942828198657;0
0.41101389281905165;1
0.365224609901553;1
0.4845641457300549;1
0.3985546905727195;0
0.5934924639872265;1
0.3782120505500695;1
0.38312040645331563;0
0.3136027584168035;1
0.32610278642441903;1
0.40304394376544733;1
0.4778576568455806;1
0.3254482517291243;0
0.3985647308005649;1
0.33704070089085614;0
0.24028538641081934;0
0.36157628925880575;1
0.3195447979433163;1
0.3568196979172844;0
0.3404627173278798;1
0.34506263693261735;0
0.3563985563813571;0
0.324004477393519;0
0.3501606701466023;0
0.3385897150321123;0
0.2561932944893229;0
0.25118168279284653;0
0.1738232172360659;0
0.3989909356888229;0
0.4289136656636409;0
0.5051814948163036;0
0.4446724013054128;1
0.46271926884094783;1
0.40945610303078755;0
0.2510405919998079;0
0.1958462850943878;0
0.17997405957770657;0
0.1910437620163088;0
0.15141029528749708;0
0.24419449323015183;0
0.2745609126052297;0
0.2930998732365011;0
0.27313602737893966;0
0.1678383129749887;0
0.2213617854458011;0
0.3666347767438245;0
0.21233164291387902;0
0.23336442134025284;0
0.2514477337675083;0
0.7178150911901632;1
0.3128717071444642;0
0.32590485952996556;1
0.22933974094925466;0
0.14765350936661834;0
0.18340781525085195;0
0.41297407821220483;0
0.1950367934827699;0
0.16804333622167558;0
0.1669997582143557;0
0.21094091879593418;0
0.16782006508673628;0
0.1853306085197012;0
0.18996204500751007;0
0.1560681287290762;0
0.1783488820842157;1
0.1430701469726286;0
0.11975205601778768;0
0.141240734607265;0
0.14197737120964715;0
0.1617480576751414;0
0.20150512356784803;0
0.20885870349712593;0
0.23723881425993235;0
0.22452120546874052;0
0.17165324974886492;0
0.1700400671100299;0
0.14836829972570745;0
0.1798115549431874;0
0.19405843174986612;1
0.14719466361166392;0
0.24831028438286945;1
0.16463644031209612;0
0.30928322710769995;1
0.18572066669536508;0
0.18308730686111313;0
0.37847467397876833;1
0.22721749408615483;0
0.2880650927602947;1
0.30563683236216255;1
0.17986785662633245;0
0.19740210269391958;0
0.45599231764452014;0
0.4849318710764798;0
0.5509705959213668;0
0.31749212593676923;0
0.23950894040211457;1
0.34118518691935873;0
0.2268750754323862;0
0.4832097907614448;1
0.16441052584440846;0
0.3306311386598309;1
0.449595259728733;1
0.31221247216921333;0
0.24679448992283487;1
0.39832177072343244;1
0.32020901517247896;0
0.19238964908399628;0
0.5068243005493338;1
0.3790588501099802;1
0.36914681618395023;1
0.42856733472376934;1
0.23794916541239222;0
0.12876514424327026;0
0.2109698894591831;0
0.18185203474112324;0
0.2716903098275617;1
0.3224925655589744;0
0.556555134556938;1
0.2569875607602018;1
0.19186429256762866;0
0.173220603373174;0
0.2673827131105855;1
0.26109151547627507;1
0.3007079903600421;0
0.3414088712059038;0
0.44987702413948194;1
0.16969130711193173;1
0.1799611210538897;1
0.28115808258598307;1
0.1609127309222814;0
0.1804258953761297;0
0.21111438904784613;0
0.19477935319644024;0
0.2385034560623023;0
0.148706132970451;0
0.4695269387253495;1
0.43917635368366154;0
0.44974589542504506;0
0.47977529270007274;0
0.127669787710379;0
0.26655666642547327;0
0.19200811108553947;0
0.18864998071357733;0
0.2117934613966665;0
0.32345772015531754;1
0.1949776733000573;0
0.17096931125495646;1
0.2881898638634532;0
0.29970338001051333;0
0.11403861411184049;0
0.18254572039088993;0
0.1496157494539578;0
0.21144858778699666;0
0.20484319699841705;0
0.19163055862158834;0
0.17280530410471398;1
0.26374999992934883;1
0.15961007256862667;0
0.199917695709879;1
0.15453997931496988;1
0.14034868575755693;0
0.20066672406400815;0
0.27825976262392144;1
0.24086980336467373;1
0.25297712289339486;0
0.17678553427546367;0
0.17394654143017887;1
0.2725576128322233;0
0.21762580872489762;0
0.24006737365483713;0
0.2725982431838078;1
0.26435677036541877;0
0.21674388798403302;1
0.17333424564542163;0
0.17643369743019455;0
0.33598033724133153;1
0.18747160800007182;1
0.23400588328186395;0
0.19552303231396734;0
0.20372632886629854;0
0.18204711784471025;0
0.22837822202125485;1
0.24875456815894792;1
0.11510631426692813;0
0.29168241575146375;0
0.28411394653569577;0
0.3125116839634018;0
0.3834866956279738;1
0.35007088758021554;0
0.1876646063838022;0
0.5365256877225486;1
0.21017342608093387;0
0.19250140772553095;0
0.1286413716619963;0
0.1659645629114099;1
0.48287611479848336;1
0.1724025915469836;0
0.28667629346668605;0
0.3370583003216104;0
0.2308091297520872;0
0.16144054584394918;0
0.28387581161391184;0
0.393167036130443;1
0.25279391846831695;0
0.22542919780046464;0
0.2597678607281816;0
0.31822331481464666;0
0.3657587927379772;0
0.33029174976966524;1
0.23953158342927186;0
0.14973910225187453;0
0.25192063469577036;0
0.264894340834208;0
0.3266556554045325;1
0.27222855721258166;0
0.35260011625039234;0
0.38599872325913026;0
0.2664965204756428;0
0.23783698375247475;0
0.371546995673416;0
0.19185013197445064;0
0.15425023865402648;0
0.30731568485745114;0
0.269015841381669;1
0.14527479583581168;0
0.43482563182735967;0
0.19401220906604097;0
0.2732879996199767;0
0.27040978286667905;0
0.2779191940091844;0
0.4241816724962592;1
0.3101111091415202;1
0.1507735534778702;1
0.40771665753658654;0
0.30251503729191725;0
0.17025704091889018;1
0.4206958844132935;1
0.377024487520452;1
0.33601008185745007;1
0.2533814309885379;1
0.20544978597275965;1
0.19614274626626413;0
0.289941357366123;0
0.12994949974665215;0
0.2312934948344731;0
0.29001240488925634;0
0.3149269798683972;0
0.43320711176070653;0
0.28342817354093974;0
0.26487516880555523;0
0.7998654823203689;1
0.4631625805341348;0
0.44636564125651157;0
0.4765997750071784;0
0.4344536473219269;0
0.4468053664149635;0
0.5157121124832929;0
0.4740469526492583;0
0.21400803643727329;0
0.42582143554556157;0
0.34730325753176045;0
0.37188083114974163;0
0.13784222623227996;0
0.2494635647756142;0
0.18835286594421413;0
0.18708719890776254;0
0.24103847739145617;0
0.21163264606772808;0
0.14089889153098542;0
0.10150194640457617;0
0.20641260799333397;0
0.4462078418475915;0
0.24569986084797776;0
0.312578008485513;0
0.12330147297587518;0
0.2352523176343209;0
0.24932090212381613;0
0.15466454509203648;0
0.16652957025348133;0
0.275839396627953;0
0.20970903358456083;0
0.14811597892411035;0
0.1556473102029774;0
0.1629745537669132;0
0.14390550886832437;0
0.2270197845387201;0
0.2937133236360882;0
0.21838312505430363;0
0.15644679825899696;0
0.2386976542919605;0
0.2326188993249282;0
0.27158649562441384;0
0.2033843485173445;0
0.16729732782410248;0
0.11532961270993879;0
0.15022464070046218;0
0.21567054325322366;0
0.23483481028600692;0
0.2367873160883451;0
0.3294176263552831;0
0.13718815323794623;0
0.18689802391076787;0
0.1403348002731675;0
0.24764804992454711;0
0.1250026465170458;0
0.17530742324226206;0
0.21737324939718156;1
0.13123204202037358;0
0.2982642373361178;0
0.2777662974515819;0
0.39738952152886037;1
0.31514168181748636;0
0.5057326800346632;0
0.30731879645779614;0
0.4110478074425795;0
0.46147693230617787;0
0.5970989995392931;0
0.23558892891943872;0
0.22904328434473395;0
0.3539865802308213;0
0.3306915482195473;0
0.35031896000338336;0
0.3519296576171409;1
0.4069348614686274;1
0.48831333248971404;0
0.3377256077414828;1
0.3402159601442777;0
0.2980763730969414;0
0.37183850211696934;0
0.47292299805308474;1
0.43115563203608637;0
0.41561558111392655;1
0.38619945890306506;1
0.6478370106432276;1
0.5371974138951365;1
0.4292622147760655;1
0.4427494488942844;1
0.567046978632053;0
0.3912029867003844;0
0.16810066468256005;0
0.1676725002198072;0
0.1212022456810409;0
0.17374559083878205;0
0.2398707970763279;0
0.299259103356852;0
0.15623601353393177;0
0.14694236485947387;0
0.13471023665230156;1
0.19009162937429855;0
0.5724058307253267;1
0.49238334009741913;1
0.5643452628741275;0
0.43885047566233437;1
0.4972968951373412;1
0.5342040345079754;1
0.6286051137864392;1
0.4588730142554405;1
0.43506966213320825;0
0.5991282262714184;1
0.5428517457869336;0
0.431234105005854;1
0.49097609160435907;1
0.47170488129431976;0
0.5777042711487481;1
0.3709719855567656;1
0.3952531257809872;1
0.40786323840698363;0
0.587116216475678;1
0.5634695846509001;1
0.4386160506415128;0
0.5634947060394241;1
0.3978984830684783;0
0.49221385249431726;1
0.6569752524548875;1
0.45190566366327434;0
0.45935344069657374;0
0.47944315693935025;1
0.5825501391358224;1
0.40219786265549723;1
0.5057631603564904;1
0.6600301263141553;1
0.4475722011326595;0
0.36432731537577423;0
0.658568363901683;1
0.4314799803121324;0
0.4612320918583358;0
0.6117357482936416;1
0.6800828185938296;0
0.41405428804971134;0
0.5389825094777794;0
0.414176982775818;1
0.2568150693260694;0
0.25036703414542594;0
0.1987018749312494;1
0.24980051952954868;0
0.2102972565671886;0
0.16130935189996137;1
0.30118020808321694;1
0.27059443802638905;0
0.18932714811847853;0
0.21592900334099932;0
0.18479314874603162;0
0.12601897849459626;0
0.2524265342865723;1
0.13867003402655265;0
0.2043242223201947;0
0.2334634447944151;1
0.44454366858426925;0
0.5112187974361357;0
0.4636904989622547;0
0.5350533039904668;0
0.4111311889110767;0
0.49600489656344277;0
0.5299888219731815;0
0.469347609381396;1
0.5929510737990632;1
0.5111109525765972;1
0.3354608312402767;1
0.26122917896547515;0
0.1454955432137007;0
0.25229585946956823;0
0.18868305371603897;0
0.38156182229970953;1
0.2117466616933037;0
0.6119962431429072;0
0.42869084330691004;0
0.3065419483709878;0
0.5194497968625648;1
0.31601621314503603;1
0.2191997950969409;1
0.17478029086135702;0
0.4639282694401077;1
0.36190069005054804;0
0.8208506548751225;1
0.279813000692653;0
0.5305229529126936;1
0.6112254474540939;1
0.43676156759508916;1
0.36126410259628206;1
0.28421056256662175;0
0.6959924687954908;1
0.47300728318724083;1
0.5759620387107038;1
0.3816535265754622;0
0.686195786118895;1
0.22252195445499884;0
0.3109602333808273;0
0.2920475451952474;0
0.7291297700545432;1
0.3132979657827558;0
0.606055337938044;0
0.30271544689434793;0
0.2894098997188786;0
0.659330607877431;1
0.27082484966840165;0
0.45334796944128014;1
0.45183215830775647;0
0.3455265852923335;0
0.6042638421944906;1
0.30861313411848046;0
0.5688849661026689;1
0.3079320818531937;1
0.6408091713896935;1
0.2761016928649771;0
0.30496993365658887;0
0.7188731588363996;1
0.5695303246327063;1
0.36121261948410965;0
0.7714624063647657;1
0.45532768336353285;0
0.47337011917817806;1
0.3366835420240405;0
0.5563244958754967;1
0.3990084452698358;0
0.5907376646068693;1
0.598853301144485;1
0.6087587479201801;1
0.4131308808387888;0
0.42560602863109653;0
0.24609763221272862;0
0.29961700677473074;0
0.5589488643065871;0
0.18468982034257153;0
0.2413288142876995;0
0.5038886487042714;1
0.6404272051453046;1
0.5611630415703404;1
0.7166030995850997;1
0.5624934801864947;1
0.2568160361868656;0
0.614778586238216;1
0.23942692838582746;0
0.4788353588318918;1
0.3322165049574258;0
0.22823209484137538;0
0.49484034994481996;1
0.3240707219498856;0
0.23665263516714638;0
0.432791467660021;0
0.25148588229547025;0
0.4920462440119397;1
0.2178105606101194;0
0.30301244459882115;1
0.42008950853176846;1
0.14405871694158787;0
0.14013220816082483;1
0.20478171072697415;0
0.2647936932592309;0
0.3222467433369317;1
0.3353017643655475;0
0.32358247031765386;1
0.15010160246691706;0
0.19049813955960343;1
0.17834059904531865;1
0.2650767880450813;0
0.1588781542780298;0
0.2915398305383197;0
0.2524091078134952;0
0.3076981676050987;0
0.145204724103831;0
0.23545895770126302;0
0.23885899208094807;0
0.35591335630612897;0
0.5168409149584472;1
0.630954700080193;1
0.3175340213080194;0
0.3210612897299186;0
0.33493889448663683;0
0.4184721496678629;0
0.43292068875685147;0
0.41598364976060587;0
0.43003591985721934;0
0.4173906208366461;0
0.34614973750157624;0
0.2857187435699454;0
0.38694314235794264;0
0.6478143819296963;1
0.27360474494864745;0
0.32308889773967925;0
0.43260383915189965;0
0.28903862237109834;0
0.33204258489817756;0
0.3107447717016943;0
0.27973900935965745;1
0.19233296901686406;0
0.39036658235107874;0
0.7086137150149635;1
0.7476785741578611;1
0.41431749653735833;0
0.4293995274342914;0
0.4974956416198215;0
0.18651208997660257;0
0.21255203489722585;0
0.17175350689844096;0
0.169803190573788;0
0.1424280880088593;0
0.3025246761590644;0
0.17228326778619327;0
0.3810129762337771;0
0.3133364222823958;0
0.3212265975049134;0
0.1755333073086103;0
0.16932792388281673;0
0.14637480536087094;0
0.17145034709080226;0
0.18925691716606383;0
0.30082754393835975;0
0.1659663642605504;0
0.25300153199069614;0
0.2618249693515934;1
0.13977487902243854;0
0.18823604123684556;0
0.3479250084127027;1
0.20721520877009164;1
0.19082625989646904;1
0.15610368402351701;0
0.2078636602128706;0
0.15162876304335116;0
0.2816740852500924;0
0.11560532459758865;0
0.1064947707636193;0
0.45966193181981113;1
0.5382495477075278;0
0.4481360764933151;1
0.3275193586769934;0
0.5693765011095123;1
0.4391491544598186;0
0.2775530159323724;0
0.3527361658483951;1
0.4719921583984195;1
0.5154989314372712;0
0.6544410414798874;0
0.6489921158202445;1
0.1458857641123064;0
0.10894120297816207;0
0.16855048767816191;0
0.11806312557878706;0
0.13922504558522408;0
0.28661649989078064;0
0.40228721116606503;0
0.253932215014201;0
0.2740604166814016;0
0.221200039904904;1
0.24382499039419672;0
0.3887844751227788;1
0.2748228619282184;0
0.15324489535445393;0
0.43776985040346134;1
0.43532721531134516;1
0.17308065076438817;0
0.3050134897729183;0
0.38952535063665095;1
0.11783491559436914;0
0.30898437449610944;0
0.3339279403672585;0
0.40812059381817894;0
0.2838693853446678;0
0.3981674336789552;1
0.32401445375345467;1
0.39106680911807273;1
0.327799672234918;0
0.3807480289156257;0
0.31515352429104254;0
0.37979271550312715;0
0.4690826944147555;0
0.6690490360820323;0
0.6959746758630994;0
0.7723887180089452;1
0.6125308532536118;1
0.18862100445716495;0
0.30132176407871164;0
0.1756597358822124;0
0.252236401853369;0
0.16109744785703795;0
0.2416078242234574;0
0.2347063683303256;0
0.17707010035617227;0
0.2699300899727738;0
0.4184928523349298;0
0.1554547635361771;0
0.17376490443749154;0
0.16257001377238323;0
0.1453886493155398;0
0.13862471340302127;0
0.15402875450370665;0
0.26191603586690126;1
0.2501734901823749;1
0.3745265504691329;0
0.20657254441044015;0
0.19833118017929252;1
0.17519749257815445;0
0.3270044799562492;1
0.4245521582509873;0
0.2743756483839502;0
0.19082704281157728;0
0.18184523372669942;0
0.25030359163967814;0
0.2531559867701178;1
0.2584343415725954;0
0.4902162075660837;1
0.17060446327918896;0
0.1641734887729877;0
0.20165082262662537;0
0.2835099370860956;0
0.15872806214386265;0
0.18020590855188745;0
0.22109061888792525;1
0.4176501311229743;0
0.2959295691235349;0
0.27463375332564266;1
0.18722295930770605;0
0.21476756376758965;0
0.1773003567477906;0
0.4861487108568284;0
0.37860787432637555;1
0.19349596698192706;0
0.2470002816656403;0
0.3469198028153398;0
0.17268015509703039;0
0.1975683452915342;0
0.18889050213784786;0
0.2384167373840142;0
0.28032942574029923;0
0.13309937057137286;0
0.15449494179537804;0
0.20075070468082704;1
0.27533605770087916;0
0.2647537894246654;1
0.27335724723858007;0
0.36869104801121805;1
0.3515539098858854;1
0.39249373391282666;1
0.2819596091361485;0
0.18891134770008572;0
0.14444896824992814;0
0.47160807617114225;0
0.4127141506097918;0
0.4919587605187753;0
0.5443872279923104;1
0.4126392067528502;0
0.44884818360339973;0
0.5932803915146612;1
0.5742876241577283;0
0.4084119349669552;0
0.4800148497097696;0
0.3589966940187255;0
0.3404310170485411;0
0.48457456302998947;0
0.38992601561101625;0
0.5662699617953825;1
0.5825008736087732;0
0.4486987718693353;0
0.6059782017265584;0
0.4351611154650965;1
0.202515155868448;0
0.3235542981185195;0
0.12065458301196533;0
0.1444392119328323;0
0.20101336418274587;0
0.3350104885635542;0
0.24130140579110626;0
0.267595869181206;0
0.21578408762199308;1
0.22691389447647028;0
0.24597319678116658;0
0.22623473136277936;0
0.3622242776790334;1
0.21498657803493004;0
0.1881921521052255;0
0.21615026720244784;0
0.22899795801041029;1
0.3702035114240098;0
0.45544317611803437;0
0.2338525120328788;0
0.17605263277802513;0
0.26212444594094614;0
0.4089286198344163;0
0.5560659972000177;1
0.21915758509613223;1
0.18965635349562898;0
0.2335935194321275;0
0.31573503790917373;1
0.18695871213997767;0
0.2003416553052306;0
0.2585144898738947;0
0.189979544288112;0
0.1472628484383678;0
0.16953350940984527;0
0.20956416772622777;0
0.19872077948568845;0
0.295987111967677;0
0.2382091619982923;0
0.1966866037877567;0
0.24909691382720048;0
0.2426659875777936;1
0.34183297852977346;0
0.17496510063346782;0
0.1995683077563059;0
0.25703754018413877;0
0.1768662367401873;0
0.24658793642248844;0
0.1702897881446149;0
0.15175862742512206;0
0.2447078789161657;1
0.32258113540221356;1
0.3080933614713258;1
0.4708779492167795;0
0.4524773740145773;1
0.5446281228922916;1
0.3549425955644626;0
0.36658978485241994;0
0.4286558184636578;1
0.45048864323463045;1
0.23780898573147177;0
0.4960912997527759;1
0.4311750826427172;1
0.5220221880411324;1
0.5381293793131862;1
0.5332419051196305;1
0.5634704672882583;1
0.33326273811170604;0
0.36957659823696065;0
0.12853663130899137;0
0.18551344059277675;0
0.1645100603286916;0
0.1389326077760022;0
0.13313103679509236;0
0.18408438896469398;0
0.20936176929191894;0
0.18308237468907343;1
0.32533232065469464;0
0.1267817170297857;0
0.16009573879821212;0
0.1855465034471694;0
0.23941431923222342;1
0.23735664947596272;1
0.1925158248084611;0
0.24112930347706463;1
0.46399499353663337;1
0.15307055608751444;0
0.3299686302890876;1
0.19347598687693865;0
0.32503684899046337;1
0.4056869658413261;1
0.4210801896516944;0
0.453234727736383;1
0.46347263477897344;1
0.5112665167570447;0
0.2512235861472942;0
0.27240437410338725;0
0.36850027823196974;0
0.251433519838305;0
0.22310189335561725;0
0.22170871104263368;0
0.14413612514783097;0
0.17625331082751436;0
0.19836764960908454;1
0.1324450037742455;0
0.20198776824219047;0
0.21221426943482327;1
0.1638744444981077;0
0.14022628023021472;0
0.174032381611791;0
0.2814568015997665;1
0.20226225031154066;0
0.30824961510871407;1
0.18229113798601665;0
0.31872938594974004;1
0.21821113722001617;1
0.22261102167508776;0
0.1664700145375795;0
0.14776791753142532;0
0.2320433686630506;0
0.29268781910235164;1
0.1531005469117187;0
0.18324438228247591;1
0.14120499334179934;0
0.18078655488702525;0
0.35153691222279376;1
0.20085657041591914;0
0.16746991742687126;0
0.21728929426444601;0
0.29810483277986705;1
0.19110625543786175;0
0.260399729141774;1
0.23041540063028568;0
0.20135538335609376;1
0.3159159059475185;0
0.1747067598621515;0
0.24165657290729559;0
0.27927332316196857;0
0.2637281646105972;0
0.1724222324321642;0
0.13476370800704343;0
0.24713404354060284;0
0.16679937360016323;0
0.24410675811173238;0
0.1922029882148053;0
0.2886639457000738;1
0.2978235440202438;0
0.18966781422574586;1
0.25938199297429493;0
0.2793456582665962;0
0.16058726117540692;0
0.29358928366009657;0
0.21119086410729537;0
0.17371073317624558;0
0.14686009091462865;0
0.15628789895640513;0
0.18052105802455237;0
0.2515267866931008;0
0.1739664102468463;0
0.1802195080096229;0
0.2518772454388775;0
0.24706098073039795;0
0.18674305349972137;1
0.14339028668644327;0
0.15921991427162405;0
0.24098120975702583;0
0.24117511561872526;1
0.17243521263330952;0
0.18900233703148983;0
0.25296808096584805;0
0.28196863288166935;1
0.20817267623555025;0
0.37233899475957827;0
0.21992702612238388;1
0.27507540915064027;0
0.15166304825232418;0
0.25836054080952303;0
0.24300358377273842;0
0.19703341926930645;1
0.3252023280290593;0
0.3823850587635383;1
0.18969361722180686;0
0.3435059893947414;1
0.3510923578663536;1
0.48500023204393705;1
0.5540371757126216;1
0.4193065510384139;0
0.2459333067758356;0
0.3587227872520796;0
0.21705866778070879;0
0.35804986032251573;0
0.7162077392763629;1
0.661632567959559;1
0.44628339809674605;1
0.7671948663107485;0
0.7687006895014882;1
0.8171548338259994;1
0.6970883636026044;1
0.6848938355615531;1
0.7526327794352995;1
0.1751354285148548;0
0.33109639227935533;0
0.2598814300730331;0
0.5336054426336221;0
0.2930601527816776;0
0.4732418039398714;1
0.44649999306380916;1
0.39929008837663615;0
0.5636853869059673;1
0.5524141297977713;1
0.5417778916713673;1
0.4489484135662364;0
0.4382373340059565;0
0.4858441371484976;1
0.47527600475886167;1
0.4750364944060232;1
0.5307706360392555;0
0.17618080145800183;0
0.14228601953443631;0
0.2222385112871089;0
0.37950866735182937;0
0.7617335499885953;1
0.73938491137928;1
0.6505994683987222;0
0.7309016168556218;1
0.8323772851425355;1
0.6809592143760184;1
0.5763646148300164;1
0.8217080326190849;1
0.752609094434107;1
0.8035150237430475;1
0.7166888632930629;1
0.7751757894150625;1
0.7838759581279338;1
0.6128810097513198;1
0.7581187272327179;1
0.7159619039950214;1
0.6786186329012215;1
0.23597717265003548;0
0.3298052439527817;0
0.5567137291407342;1
0.6348464075226232;1
0.47123287604245495;0
0.4393168212235474;1
0.5403097934241461;1
0.46942979586497807;1
0.47450815124642315;1
0.6514543781655228;1
0.41892723444101426;1
0.2953859155791373;0
0.32570785588034923;0
0.17922532563222468;0
0.46677965401234955;1
0.24486207140617028;0
0.3568380016521183;1
0.2396425702416371;0
0.1984791731274349;0
0.20880752070039152;0
0.2707036102432059;1
0.23200777580662657;1
0.23047259542752577;1
0.18248656795762738;0
0.16154916697632424;0
0.19880037028403494;0
0.25758745000487554;0
0.425890313498013;0
0.3040044257422066;0
0.21410281691841118;0
0.1333185608076382;0
0.3845586393670458;1
0.42789311528563573;0
0.5071451017378812;1
0.5350724265762353;1
0.4472475940182673;0
0.5888770951765948;1
0.43397742267971057;0
0.687040982504576;1
0.2960513608248255;0
0.34164384395856656;1
0.4022107489896293;0
0.30280253671458246;0
0.44460719930611736;0
0.512080567466619;1
0.13946519226595122;0
0.13741956479902104;0
0.31309111444865645;0
0.3046329201502393;1
0.35607706734978967;1
0.2893983375748973;0
0.2838292849932983;0
0.18615729359358452;0
0.18950033611893255;0
0.22876756060363368;0
0.39315259984494744;0
0.2068666906101369;1
0.13722444166259612;1
0.1963288795202039;0
0.1416969874880334;0
0.1439677177269724;0
0.3164202934965652;1
0.2574951289127288;0
0.20406845951964764;0
0.20610824237573336;0
0.4738783781373756;1
0.2636631394590109;0
0.20028707706066262;0
0.3711648771969515;0
0.2913461312700071;0
0.2121308492794424;0
0.23577167422360612;1
0.20366815017609233;0
0.2260566168316578;1
0.187041333784571;1
0.29341952058843435;0
0.273606385637274;0
0.22531756621674973;1
0.2435729669462157;0
0.3449808853842001;0
0.2403947597624911;1
0.3892688241402858;0
0.2633434849077806;1
0.27767604022426334;1
0.28491712141388126;0
0.401858123844002;1
0.48175110414089184;1
0.2552982095957238;1
0.20505404259712912;0
0.3456870721407687;0
0.3938022955869621;1
0.30382868466997;1
0.22732224901808423;1
0.3238247978153349;0
0.302466230403003;1
0.2946506175704197;0
0.23570605234823633;0
0.25886599683448935;0
0.21541020335592917;0
0.26410720877339317;0
0.37899895014507695;0
0.21142604917909177;0
0.28647951520990833;1
0.2764820350662648;1
0.2801104557468693;1
0.2842364321110072;1
0.28182653876946084;0
0.24728447086873181;0
0.3119119557753764;0
0.3017460018497956;0
0.6244513889272609;1
0.3690618103510745;0
0.18909370462503852;0
0.12991483654684008;0
0.16891393041415564;0
0.21219643297872728;0
0.14630212227580058;0
0.12185835337621613;0
0.2171581069236225;0
0.1832755594648194;0
0.28439866736808006;0
0.443680970440018;1
0.20210591931410843;0
0.16031795300936907;0
0.2076609387722886;0
0.22184240620302598;1
0.16307963469592754;0
0.1373123805934525;0
0.1463395219871704;0
0.4171477653149987;1
0.33088460092732297;1
0.13837289384861423;0
0.16005420672107135;0
0.3682923054915179;0
0.2628116230903284;0
0.35122334759311125;0
0.3768386899865251;0
0.44134980285958747;1
0.388473588987779;1
0.45300283515205436;1
0.5242279987093927;0
0.6533178730441219;0
0.2040006731640916;0
0.27490074915754836;0
0.2527930424358949;0
0.20597678619524692;0
0.155776801685983;0
0.20183974996014184;0
0.494182677681053;1
0.31340942616777206;0
0.23681662661147154;0
0.22715073945121242;0
0.37095317758510615;0
0.8391595056587509;1
0.6138886213582134;1
0.7259994414659395;1
0.1498552096111716;0
0.24513537653262163;0
0.4493729241537041;0
0.7639359349272734;1
0.6573819716038874;1
0.2070536986911578;0
0.25824817460298594;1
0.26629038765850366;0
0.22653055378572334;0
0.1844067391311745;1
0.2693598118291956;1
0.2676555324855868;1
0.19550342779070592;0
0.17177666671990804;0
0.2927897081856725;0
0.2812105945498758;0
0.1855589490690904;0
0.1732133656260966;1
0.2559159902210262;1
0.14155835368925518;0
0.3001469246382642;0
0.1698332687780875;0
0.3941523235450283;0
0.21846431580347436;1
0.22275289783000848;0
0.3151418856777074;0
0.22131283981022104;0
0.1862489715010843;1
0.29089674402895654;1
0.3912711283551405;1
0.16957159835682942;1
0.2525099479624381;1
0.43197895378316226;1
0.4813936260101281;0
0.4086755264381094;0
0.5257653693718356;0
0.2397737043734591;0
0.15497944510889944;0
0.23812041411720847;0
0.1654550348674465;0
0.23322307567819706;0
0.20947305554074516;0
0.5125446134787655;0
0.3956418306554161;0
0.2915414678913024;1
0.3338676063041851;0
0.3101319109098953;0
0.6918383883964841;1
0.7515474306119126;1
0.6489533971270223;1
0.4575338322814168;0
0.4527426700982703;0
0.391751669094164;0
0.5421102395710808;0
0.38268691017733125;0
0.2664263932902936;0
0.21945342615084817;0
0.13423631475700298;0
0.2104131957437421;0
0.42168087146016986;0
0.25370475265797504;0
0.24979711900696985;0
0.23195456434874062;0
0.13593696853117224;0
0.19705905802225232;0
0.1761616925823626;0
0.16082455253413977;0
0.22382485935559537;1
0.24386319782478352;0
0.21660808333162632;0
0.48259853210440956;1
0.21174906503665436;1
0.22460670035905045;0
0.37725937360024814;1
0.34207896232534535;0
0.26233744084168453;1
0.3190917741558216;1
0.29992675108711214;1
0.25892645653389795;0
0.3409723266816975;1
0.1527721662961189;1
0.28428828622616187;0
0.24687905049507183;0
0.2357662249575166;1
0.5054232417865568;0
0.21132220622234926;0
0.2279703068828446;0
0.2058265709601248;0
0.2760941815290593;0
0.3074725457878626;1
0.2824971462064787;0
0.19590475316840592;1
0.33023353602600863;1
0.2006617775624516;0
0.2118284018413681;0
0.15870316601804643;0
0.22283414743788066;0
0.27163176992168225;1
0.2648367376504317;0
0.24275264420165565;0
0.25203178292553785;0
0.19905242687655372;0
0.22883787850408122;0
0.5113530753110139;1
0.4785084016794257;1
0.5151096829763455;1
0.5958781288063398;1
0.3386774616706735;0
0.5027176025938788;0
0.17847214843519682;0
0.15583613143231353;0
0.15889564922027222;0
0.1367129431150148;0
0.1466200459035994;0
0.1929946625323228;0
0.1841487360426598;0
0.1365955329802451;0
0.46441617358081105;0
0.37720086147655857;0
0.5608963330439456;1
0.5472737716305048;1
0.5597032529980293;1
0.44907498185915007;1
0.6675278283357707;1
0.3378044769386545;0
0.2664893215477172;0
0.38456849879038196;0
0.24362815462223836;0
0.38173282070324455;0
0.4670881002744596;1
0.3424775149091069;0
0.4684395311203676;1
0.37460846855999663;1
0.33954404036355457;1
0.397058398375939;1
0.2870328508262673;0
0.5174792993930876;1
