pred;y01
0.1081641158471979;0
0.17679508654328444;0
0.1256696187858043;0
0.09466747225384163;0
0.31491096603564966;0
0.21605721920430937;0
0.1771226105933956;0
0.2047237129666909;0
0.33648814014421446;1
0.09852439201745569;0
0.12235321547641852;0
0.23059179930404813;0
0.2439583000685371;1
0.23682684286752936;1
0.15708096382346617;0
0.14106495623390203;1
0.21205601859452786;0
0.3147872997425622;1
0.1767338701479094;1
0.14291100169535767;0
0.11899362839630362;0
0.16587315269147834;0
0.15669260847529132;1
0.20174364251897198;1
0.1202344931491429;1
0.19251113964063404;1
0.19394408160019608;0
0.2742080440972018;0
0.42967392092326995;1
0.18114777042805938;1
0.20432216270222328;0
0.2478914038253882;0
0.17766169889053976;0
0.3760971743179518;0
0.3240613432987167;0
0.36250536278564943;0
0.3130585715659614;1
0.33253573872227987;1
0.32450456111598547;1
0.3007491896205319;0
0.35506499103278205;0
0.1734223250509414;0
0.1592325284933965;0
0.20287208167929863;0
0.33030227959213176;1
0.3621021221652549;1
0.37870073815288297;1
0.2797758312731682;0
0.3137570775879989;1
0.2553586096797114;1
0.26172595714119296;1
0.38748033525485853;0
0.2932659572723762;0
0.26223208056444475;0
0.3227185388893561;0
0.44059753609122676;0
0.3697092876030655;1
0.16426501059326884;0
0.2540126911931594;0
0.31805560045481;1
0.48910862574772634;1
0.2485820860189741;0
0.16483556097608562;1
0.2726711589737726;0
0.14841650245397786;0
0.4564227287976571;0
0.17781417393918367;0
0.1978622503552763;0
0.19181982899135927;0
0.14462767872854937;0
0.12178395407938876;0
0.1614159601436524;0
0.174165818521036;1
0.16335931684488023;0
0.35609492422545475;0
0.312175448102145;1
0.24229398209523065;0
0.2628883605347145;0
0.35656216558274173;0
0.5427930076701739;1
0.26837292726161516;1
0.3307574321477161;0
0.5931538815832429;1
0.3583762721918226;1
0.3381296669511837;1
0.32820172910074696;1
0.2605831021042173;1
0.35034452179899;1
0.4454315315748893;1
0.23500830550310295;1
0.43151465993002863;1
0.2548570934124281;1
0.5017954731160458;1
0.25782955942096025;0
0.2785485526359817;0
0.47303249064902125;1
0.4194938351115222;0
0.3092101093140777;1
0.3247454114184608;1
0.35380417098608935;0
0.2724128162592191;1
0.336930478172384;0
0.32935178394423714;1
0.22599380574934727;0
0.3563582297881079;1
0.5808470428581769;0
0.28995679723619616;1
0.3861120179300586;1
0.20774452792065806;1
0.3258774908532675;0
0.3962557826401194;0
0.3028493711339205;0
0.4366752948456003;0
0.27473537771768874;0
0.20841041914565683;0
0.14224709864870466;0
0.5666698385712388;1
0.25498754801032714;1
0.22212152064338772;0
0.33737977608327313;1
0.47237779342832836;1
0.41761413861544555;1
0.30874466766262343;1
0.3927605069692534;1
0.43521139065048553;0
0.3558022606093179;1
0.4192922768118757;0
0.1711341585728762;1
0.26651440451106423;0
0.33667545735776633;1
0.11927917741741939;0
0.323690994454828;1
0.41077839502712865;1
0.4484678716358475;1
0.35872529350096677;0
0.38833654193377165;0
0.17835161860840737;0
0.17776570935792968;0
0.15952037407234027;0
0.42301576672577357;1
0.250522538253738;1
0.3955526229903463;0
0.15095219770017138;1
0.17636041878367806;1
0.18450331520619348;0
0.361198900075673;0
0.13359723354169;0
0.22338654695724508;0
0.1989168324505868;0
0.19944402885185109;0
0.2016570193605737;0
0.3520333779792072;0
0.2518862748187378;0
0.24851703348846482;1
0.42890401565713465;0
0.3240103587408153;0
0.37195870986555274;0
0.17784653456861746;0
0.13148121388708375;0
0.12306448130745815;0
0.16565846213432764;0
0.16971114034197457;0
0.26198371876778725;0
0.3213304873908133;1
0.2542298785244711;0
0.2781982407846289;0
0.42052463326855;1
0.4908416782040589;1
0.47960762920559014;1
0.4926926649914089;0
0.41955257553838005;1
0.37433610301775105;1
0.46469215705866296;1
0.3922773587912201;0
0.5170975898951532;1
0.4643869360364418;1
0.5661543177565018;1
0.48462919960688944;1
0.621404807574574;1
0.3858074312542554;0
0.41498653781876704;0
0.45640282425119155;1
0.4039970740244104;1
0.47825946494572225;1
0.4144031304249664;1
0.2805397227431725;1
0.2944846034012798;1
0.5403351017183726;1
0.6304739932105994;1
0.5475933696457058;1
0.5262627976611759;1
0.4656330513518247;0
0.6504468166277061;1
0.46699300479428046;1
0.4541184857899026;0
0.35605001878878395;1
0.5791694616211454;1
0.8211697998930366;1
0.5548173606057767;1
0.5779380212529547;0
0.569251964993367;0
0.4901661374284399;1
0.5706798083034791;1
0.4675509588582029;1
0.6338830188870549;1
0.4256791427576482;0
0.42577889360004534;1
0.5647930625477745;1
0.31350002531880855;0
0.4469272302230642;0
0.18244033993521586;0
0.059732277486318146;0
0.1904039413326652;0
0.19623807431883528;0
0.10944463037620461;0
0.15630357881522317;0
0.22832220256649463;0
0.5975792444398217;1
0.3629387497703874;0
0.147551424865682;0
0.21156541718441535;0
0.17357572513987712;1
0.4453740546135722;0
0.13260345065925108;0
0.3807833895510169;1
0.2505904499142234;0
0.2539820457033922;0
0.21061210010920475;0
0.1132931065893851;0
0.26234975959659895;1
0.21164485518259574;0
0.1996278594993156;1
0.24506516524017696;0
0.22472776869972344;0
0.2035808377665506;0
0.2503994238669523;1
0.23224631020079514;0
0.29447449762851624;0
0.36830811077576725;1
0.25881103921250864;0
0.15581565912071627;1
0.18317914832677334;0
0.08298180002942393;0
0.2880783967776339;0
0.31748123377047094;0
0.18604619089283383;0
0.16205105757776972;0
0.04319124585318373;0
0.1527747396920043;0
0.06942878628178868;0
0.16675683961510307;0
0.33522319530907396;0
0.12727655602633348;0
0.14612177993608327;0
0.2216559573315668;0
0.20803266162517814;0
0.17564077705370162;0
0.12587451398444843;0
0.17532091743356656;0
0.20219916868660434;0
0.1369685915356795;0
0.19045754594909392;0
0.15936228026512933;0
0.19924160325607704;0
0.17771177275082545;0
0.26954825800072063;0
0.16707069763818988;0
0.27542913060994917;0
0.21593079924534894;0
0.12416968574174986;0
0.09950126979220399;0
0.07163809451710945;0
0.14969482468199022;0
0.11883070923695768;1
0.35432718916283173;0
0.1723289284862481;0
0.1767690323763899;1
0.18749550821936975;0
0.2345502433371843;0
0.13245202187343413;0
0.22831440494700342;0
0.3220390080799977;0
0.3382370075587796;0
0.2948020237801956;0
0.3783435349847563;1
0.3211030737517627;0
0.2927068323415876;0
0.34215948782829303;0
0.13782051214440807;0
0.21314708188952858;0
0.09018643108921787;0
0.1641596960388444;0
0.195671166822449;0
0.17615530940237648;0
0.43793043239423074;1
0.3453433739578367;1
0.11961921599425808;1
0.2324516848563343;0
0.18602098247534013;0
0.20837662022479633;1
0.2872307546148296;1
0.15953461272250904;0
0.1972819324670702;0
0.2791508418768297;0
0.12448444940985855;0
0.16183663790788835;0
0.07469426458712547;0
0.21240088261258422;0
0.14044028303519993;0
0.2827119027002169;0
0.2459288215207973;1
0.3065864750587807;1
0.25734032855239747;0
0.28544688081786407;1
0.19522070948453613;1
0.11404866778943372;0
0.2935911124083413;0
0.2712231537877515;1
0.10788171029166234;0
0.2183683626770877;1
0.3876617944098452;1
0.19503315250192285;1
0.14663481241862034;0
0.23348610863744873;0
0.2542904969478876;0
0.2035537702394506;0
0.11200642921886228;0
0.04660254567000862;0
0.1649602494986562;0
0.2834551666388549;0
0.25112996327654674;0
0.06777515170959002;0
0.17923535158963244;0
0.17709338182213402;0
0.06782615390757568;0
0.19378047609786322;0
0.35490175496556997;0
0.2221919585859579;0
0.23618859377001747;0
0.17281326303594097;0
0.17288646686863546;0
0.24625765996749036;0
0.13739756662723263;0
0.14105210294688084;0
0.144460755115693;0
0.2538053530413395;0
0.19475575659980682;0
0.14901438361537292;0
0.10776948947894847;0
0.3032051850892482;1
0.14185732524112682;0
0.08800350713072992;0
0.08797295590229148;0
0.19814761520242624;0
0.16751997286851392;0
0.20337273983539558;0
0.1585204731996254;0
0.15198680435674325;0
0.22048684380730324;0
0.16279371018806907;0
0.17212556645642182;0
0.13351003328736696;0
0.17681187905388832;1
0.14481910383035707;0
0.08497943137138274;0
0.1785725545297673;1
0.17626657965476844;0
0.15087323770701927;1
0.2006386637054636;1
0.16027130469101056;0
0.20586191818973917;0
0.19198706180368988;1
0.29397706376973043;1
0.22692498900272504;0
0.23588081449284937;0
0.18843810792723437;1
0.30646538403673096;0
0.42318985079784394;1
0.21876914835720926;0
0.09868486121423996;0
0.4050626634057843;1
0.3818509972583835;0
0.33104823114997606;0
0.17928010670695244;0
0.5839493293269712;1
0.698296504097548;1
0.6940258375126751;0
0.2705892923798511;0
0.6602601099614084;0
0.7433896268336139;0
0.475102629833769;1
0.594812206648665;0
0.664616805478012;0
0.805532823559077;0
0.5656893155316565;0
0.8004854863637383;0
0.5273275173682759;0
0.5693185961962048;0
0.5065875026290617;0
0.27770573446219055;0
0.46286515803898437;0
0.28757791464399574;0
0.7502976049964093;0
0.6472534995072746;0
0.28317496914053614;0
0.5967965332580917;0
0.6393545526142134;0
0.4598394398482747;0
0.5084424246650312;0
0.2469907655632387;0
0.3007819709352518;0
0.2684272293712034;0
0.20023751801195763;0
0.18066510393971955;0
0.23373436657484703;0
0.31324847869107825;0
0.38832167935271966;0
0.4506090010063957;1
0.21308367556493224;0
0.20354674578008425;0
0.26087957145763147;0
0.4194335596022833;0
0.42206131552306403;0
0.2835898861534849;0
0.30208150803065503;0
0.48550570535901916;0
0.2390102456260828;0
0.37581465543830617;0
0.5441310175605079;0
0.35151988037487464;0
0.4071116011125238;0
0.20462583316161448;0
0.408856627988924;0
0.3536331259598064;0
0.4096511540192894;0
0.3369851631312686;0
0.39230911628165155;0
0.19438712155509874;0
0.3590058446343965;0
0.0680531777188745;0
0.17070951366056367;0
0.10160288377764526;0
0.10525279768277654;0
0.14960777369974004;0
0.08353529789535676;0
0.07404183300094312;0
0.11059211067631457;0
0.11043673071582803;0
0.16677487321429568;0
0.13905438224625943;0
0.15665860794127845;0
0.17389482649885982;0
0.21394399857795718;0
0.09622088363664659;0
0.08117204774364384;0
0.2563455189066703;1
0.20064143581278077;0
0.18254686808694343;1
0.23421594056967643;0
0.0994733177861499;0
0.167193283528796;0
0.07364324605631438;0
0.19886534753721874;0
0.181588367858358;0
0.1715910343652149;0
0.3126570467779392;0
0.007567450911376162;0
0.08409850966145066;0
0.229666569224571;0
0.051843536351817335;0
0.11305484701557668;0
0.2416404105629186;1
0.23100233032784076;0
0.2512170397442261;0
0.19487582088176197;0
0.2979644513766154;0
0.41383227846127446;1
0.26963100244109406;1
0.1879698857369894;0
0.39958112052590766;0
0.43152597932981746;0
0.1332615898804443;0
0.49490248181042695;1
0.3031234968020168;1
0.24339146985077234;1
0.23499066769865098;0
0.10997610178815198;0
0.08878514023249442;0
0.10609368671200838;0
0.23560342158943048;1
0.1603806109427526;0
0.20432688651861114;0
0.1518124511829213;0
0.11464977671498787;1
0.1381196489061888;0
0.10013070518764508;0
0.21110372265420171;0
0.11625661479949258;1
0.11940003512561212;0
0.040890694362148934;0
0.10319770100036035;0
0.23799644348566593;0
0.27645849089890784;1
0.17673411050571802;0
0.17908422431579998;0
0.22981882577586513;0
0.2437393651283659;0
0.23800606741009803;1
0.22887904910860676;0
0.36920846526162143;1
0.19342914407409925;0
0.14946870173410415;0
0.14266664975743895;0
0.296263633163435;1
0.2588394235240394;1
0.10357442844186428;0
0.2946338556492344;1
0.05115927355725114;0
0.883351891244374;1
0.7807112934774387;0
0.8000955243925787;1
0.776662961450256;1
0.8408178756987451;1
0.8176239104100712;1
0.8634418193790339;1
0.6647978520785626;1
0.7547800495186013;1
0.7603194386574332;1
0.7136141385480907;1
0.85814341998807;1
0.7217987402312569;1
0.821578842604237;1
0.9496991177879156;1
0.775324860956457;1
0.8254601660796519;0
0.7976016172716942;1
0.835643087595915;1
0.7568488842420786;1
0.8101731117606208;1
0.8225318168089629;1
0.6579092844851995;1
0.7442942064750786;1
0.9103922311792537;1
0.8992929321237861;1
0.7941790965120827;1
0.6413295703451212;1
0.8608561906163028;1
0.8429204842189557;1
0.8279227102066942;1
0.9060892038551368;1
0.7505983353546164;1
0.8491516080074724;1
0.6261489702157317;1
0.7605211053384069;1
0.8147465640587972;1
0.8882583688305434;1
0.9359066587606607;1
0.7795611237578132;1
0.8638938601066176;1
0.8859847570008031;1
0.6974699948258462;1
0.78595204637476;1
0.9641977822180411;1
0.6219640868687868;1
0.8347704494095273;1
0.7903623592209261;1
0.800008948886317;1
0.7835996319479608;1
0.74089736137626;1
0.8120964732845585;1
0.9057747061723712;1
0.7323840111111719;1
0.8797909625376255;1
0.7961623353446232;1
0.6049337120397716;1
0.7746413696788782;1
0.6549337296290313;1
0.8936397785465794;1
0.8084101423549019;1
0.6305236109525983;1
0.7987663647007537;1
0.78564625355444;1
0.8072115345261767;1
0.7952082227302708;1
0.7690892619861033;1
0.7372378843266482;1
0.7236510353081206;1
0.8098788590940259;1
0.8508254979460945;1
0.5457991627365194;1
0.6793477537388385;1
0.8185974290668742;1
0.2796678812999018;0
0.2929093145995744;0
0.29579719869172677;0
0.07053273417424877;0
0.11811591020505822;0
0.2945381081503012;1
0.3668693441655001;0
0.1504631523477382;0
0.24222272929813285;0
0.20729691446573936;0
0.17133520103079541;0
0.15153239112163433;0
0.8122791994839781;1
0.7006571267833205;1
0.7966611357685237;1
0.8311347663253992;1
0.5706600165574377;0
0.6295583001228502;0
0.7205417480714389;0
0.7913334539047256;0
0.7463234799305594;1
0.7771110367163414;0
0.7675600145041235;0
0.6957281973558612;0
0.7607466205092828;0
0.5651807340044603;0
0.8181826372839498;1
0.711738958034923;0
0.8414748429566041;1
0.9545143757820406;1
0.7603084789562077;1
0.8834812901385818;1
0.8362354971015582;1
0.8152640317996421;1
0.7174385616775508;1
0.9389076040320062;1
0.8771646871034573;1
0.8165013037393095;1
0.6718363722042798;1
0.6031737184268641;1
0.5945518118705339;1
0.8249943805875076;1
0.9176947242593113;1
0.7340596513359396;1
0.7303672786820382;0
0.8791115457923119;1
0.6797074363716258;0
0.8158633994269017;1
0.6684482071502217;1
0.2798332877075794;1
0.11085978729806835;0
0.33589752038874077;0
0.2724594131923468;0
0.28930731996202075;0
0.27146108252645634;0
0.3706710457361523;1
0.12461509131814558;0
0.11917610692354973;0
0.15105570912241667;0
0.2831516531611873;1
0.1118466749998715;0
0.06265042363605806;0
0.08474471197662478;0
0.27152979586112036;0
0.09348664649113297;0
0.1338992323891169;0
0.18102423666589706;0
0.23363922015679126;0
0.11134638954080053;0
0.29281213491412195;0
0.2667181505889734;0
0.33945335916545794;0
0.5706391150716241;1
0.45775777137035817;1
0.5434795018792837;1
0.41675924270848175;0
0.3484889959304023;0
0.2905088453624321;1
0.5479639585098921;1
0.2720179809208254;0
0.48944496088133116;1
0.354782897225835;1
0.28705822860237284;0
0.5559509108231273;0
0.3583947497767257;1
0.18094263702633276;0
0.3468609446327584;1
0.44893006237392225;1
0.09770781344177855;1
0.5018451542117984;1
0.4078254564743853;0
0.2843959261445901;1
0.2716701117118546;0
0.34377730344806234;0
0.511635636970502;1
0.36600711036357825;0
0.33726945716381224;0
0.3017484137599512;0
0.34264704011443375;0
0.15978427277506407;0
0.3965990364316136;0
0.28292719555229356;0
0.3307389546855388;1
0.34109241441543703;0
0.34941525242651167;1
0.26541815618679737;1
0.42349276802203584;1
0.5256031224890967;1
0.3272724409709999;1
0.6376251322756344;1
0.3789838956213984;1
0.4031938039419608;1
0.36043665151529003;0
0.3391430024782946;1
0.3393803951694631;1
0.38117862544918324;0
0.44840056024930414;1
0.3832217916632751;0
0.29694333903028036;0
0.34637816248945424;0
0.5012695950565399;1
0.20355827366545948;0
0.5529882380459625;1
0.44154932837202143;1
0.45236464005254773;1
0.36412595008412707;1
0.30168010885932767;1
0.3376168778193302;0
0.4005591026778963;0
0.6125626660568888;1
0.4309223702947541;1
0.4255189406535769;0
0.17450491670724838;0
0.3371228507221976;0
0.47457898987696984;1
0.34808966119420254;0
0.40765598352754256;0
0.31661856685702156;1
0.2956994584469705;0
0.24311948646309114;0
0.31897949656853875;0
0.4379648983562473;0
0.4544889670954698;0
0.37994023225002255;0
0.2479019047628302;0
0.3915069392720389;0
0.3632923567523127;0
0.47608693057126356;1
0.28215371535415146;0
0.24621926789095902;0
0.41523448922274203;0
0.4145247110633866;0
0.3734697227500434;0
0.4156506472902039;0
0.254450306024426;0
0.32178564979467617;0
0.29485277859641473;0
0.3849647577174499;1
0.4340868188128488;1
0.20121275656261126;0
0.26217136451050466;0
0.3807872052166632;0
0.275273987698791;0
0.3542132100457924;1
0.3824658498319627;1
0.39198747906512854;0
0.2985937848574662;0
0.49780105843915834;1
0.36769365490659245;0
0.2773182011427687;1
0.23955890554750892;1
0.23917751926944456;0
0.28061484723166696;0
0.44655452094425874;1
0.3587783654206218;0
0.25963610028468026;0
0.27015800373151494;1
0.36892889160487585;0
0.297390835872584;0
0.3703687144090858;0
0.2533513773154031;0
0.35184852027983826;1
0.3312353405255347;0
0.23325049699667985;1
0.3479993675163498;0
0.3195407085853818;0
0.06682530482494205;0
0.40034213250581224;0
0.13858570385692104;0
0.10246825445753321;0
0.23565079343922252;0
0.305910841284439;0
0.2806943024934437;0
0.28073951671338565;0
0.2511384713139342;1
0.41124946497147735;0
0.2288862810868943;0
0.2774752362385748;1
0.23312082865889056;0
0.15970426694096335;0
0.10033240239726302;0
0.1143632312696809;0
0.3103309241756746;1
0.09574495437321716;0
0.13554512923086648;0
0.3360592516346685;1
0.24879296495489683;0
0.18992751161447013;1
0.37905276454856474;1
0.31175913303786074;0
0.18033046901212496;1
0.38449596897078175;0
0.1807660603230695;0
0.30813567170978406;0
0.24936655667674584;0
0.21941818616202594;0
0.2890557794284494;0
0.22828457730988652;1
0.1970067518537087;0
0.19514706790462283;0
0.4885794590692983;1
0.2843203598700653;0
0.2284957832077391;0
0.360745464353496;0
0.28564799821635833;0
0.45188393326364745;0
0.1719551776706917;0
0.13988016077944013;0
0.153138223150032;1
0.29435467162751744;0
0.10375311555687558;0
0.3630597264772897;1
0.5759659339955635;1
0.2369847464298148;0
0.18246579842476127;1
0.2886284209495487;1
0.22704550848770982;0
0.2475643500329415;1
0.30577020655217646;0
0.556557354851832;1
0.394222991987581;1
0.5361893962294851;1
0.5468802816224326;1
0.3094696713318955;1
0.3756305924493935;1
0.3895480616750449;0
0.4297381486586865;0
0.30413853275940644;0
0.32135934425521856;0
0.37700855315505055;1
0.6078584076352619;1
0.5608389389192562;1
0.5992598021299632;1
0.5234438875520933;0
0.2387015793223237;0
0.49246691846717183;1
0.46340347247358066;1
0.4176303663103268;1
0.5766939379707817;1
0.2415817443250185;1
0.3809700332639262;0
0.4792218730697559;1
0.2924989375363091;0
0.26099367466425166;0
0.291891612980492;0
0.517177762457738;1
0.2869336876298447;0
0.24391140149785911;0
0.6462256050368771;1
0.26537892382243716;0
0.6116386529680089;1
0.30610189670322113;0
0.4231687987668222;0
0.34138202607829865;0
0.5319025226142446;1
0.36016555945909584;0
0.5020320662155131;0
0.3167681774641931;0
0.3543305047875244;0
0.4004728470753864;0
0.47892123424443284;0
0.4863957206061599;1
0.6865498721087172;1
0.24098898403788277;0
0.2432301067164623;0
0.389456866767556;0
0.6407939818271339;1
0.4012474060568792;1
0.36852794776600833;1
0.484957538047793;0
0.4188895139909425;0
0.2946167828514274;0
0.3046299573969773;1
0.33288315742509034;0
0.4465641754352337;0
0.32538174953497784;0
0.28470613131782974;0
0.5483488638605282;1
0.3888351111969139;0
0.5553453714333282;0
0.2636814112639763;0
0.34402193991147034;0
0.36616877849755197;0
0.2357546926321791;0
0.4289098167597684;1
0.5655488615448973;1
0.360159259975103;0
0.4695424639398845;0
0.5074821319353351;0
0.48431498755323493;1
0.5502608138160864;1
0.4459162955720513;1
0.4701649613903711;1
0.4927081224725771;1
0.5068741859589134;0
0.8500819609742447;1
0.3111966852152756;0
0.2627843446130132;0
0.4067755434612954;0
0.3725800851377267;0
0.4270765581803693;0
0.5783542341507472;1
0.5254502619998481;1
0.4650529350865346;0
0.4601384901757147;1
0.17909452659596356;0
0.37509705303449825;0
0.5703417470680988;1
0.5998099324693744;0
0.587411802202704;1
0.42796207585255025;0
0.3618829369172199;1
0.5262168745864001;0
0.36223223388583703;0
0.4034568673320888;1
0.3221666183541966;0
0.3469345501869449;1
0.4803841150981388;1
0.42014331842996033;1
0.2919091773645464;1
0.644625217287625;1
0.49286208084364425;1
0.34841789988310395;0
0.3742841271467446;1
0.2778180859056613;1
0.382238120087595;1
0.12870485160190764;1
0.5019191618877223;1
0.10432036444415962;0
0.4183897459109231;1
0.30104125810948396;1
0.39130919870135383;1
0.384938909776245;1
0.35768635498648077;1
0.34263441956544105;1
0.3627213925098429;1
0.2556553580166779;1
0.17335779264737744;1
0.12443789324015618;0
0.1577267698475522;0
0.11819355534726109;0
0.21869781683278805;0
0.25914668029080073;0
0.17742720961875486;0
0.12215713639331237;0
0.07167196314967163;0
0.22575431136442062;0
0.2118476197670347;0
0.14659397713482483;0
0.14385117885981613;0
0.36411315825965024;0
0.1365105078593782;0
0.28790128512577834;0
0.19212072355332446;0
0.09707551225346821;0
0.20375478201950742;0
0.2695089045158669;0
0.17253942549521833;0
0.3152084260493946;0
0.28859729951976687;0
0.5396607058968346;0
0.15187066436676003;0
0.2971270345245517;0
0.4640857890049829;0
0.2583297049304286;0
0.0746887847963039;0
0.16811486637828935;0
0.46343388424884113;0
0.47752855011503725;0
0.38568523409327526;0
0.30472000569810864;0
0.47168034197712216;0
0.6041091405374391;0
0.733499756842897;0
0.526155162086557;0
0.5032570407574557;0
0.21116595589405504;0
0.5002270841593086;0
0.4354573371401727;0
0.6392951300294883;1
0.7332691672241176;1
0.17911419972653703;0
0.4695627272129466;0
0.43425743228273295;0
0.1892301112648343;0
0.46978210322114056;0
0.17430438084950775;0
0.2743095691361155;0
0.16550806788115774;0
0.7596635089574763;0
0.6086870766667409;0
0.24750691459276533;0
0.41528810846517816;0
0.5334285290695181;0
0.44133395631222827;0
0.13328652902076196;0
0.8150408055205063;1
0.7479881308928448;1
0.7157209276105568;1
0.48683804518554075;0
0.7069966570275397;1
0.3169594363849892;0
0.3890655337982083;1
0.7441876984283099;1
0.15226549188268657;0
0.5533248824359565;0
0.4491653486195932;0
0.6014697877271014;0
0.43356192225238255;0
0.535718947341128;0
0.5539944769964472;0
0.7328024213612504;0
0.3703378038769105;0
0.20145475503177343;0
0.40125842717428845;0
0.2768938251212037;0
0.3893575131948124;1
0.2831325723948196;0
0.48872808819560704;0
0.22148885939226595;0
0.17964839919609782;0
0.36038556567969926;0
0.3315267596472974;0
0.41817923829779313;0
0.32184597236095724;0
0.3073102181231327;0
0.3069271747881097;0
0.7896957482923034;1
0.8708674164731667;1
0.7597580850114001;1
0.7490321761504996;1
0.7898704927592324;1
0.538064818197402;1
0.7563864047889391;1
0.7925580620769778;1
0.6328834780983398;1
0.8886866543368631;1
0.7703479198672516;1
0.7784224337821428;1
0.7763922890294908;1
0.792166883206558;1
0.9418811358171008;1
0.8248974227395107;1
0.720205025340586;1
0.7407470045766398;0
0.7773505836591588;1
0.17298640107429317;1
0.795688844873443;1
0.7435805759646342;1
0.7295551120815389;1
0.7915644234754574;1
0.811128726329782;1
0.8464089145412902;1
0.9168626284913455;1
0.8970340305350154;1
0.9375103257243761;1
0.5190052849385889;1
0.9110611153492683;1
0.8751651730652468;1
0.7697313596936666;1
0.8136169469213168;1
0.8478628931932336;1
0.9286079990541105;1
0.726177868872006;1
0.6093299602868046;1
0.6961280633205614;1
0.7862741945017013;1
0.8797932502901372;1
0.8026580115761086;1
0.8665192488656983;1
0.9391519996897194;1
0.5950316085136628;1
0.8296036523789397;1
0.816273829765011;1
0.8870346766974727;1
0.9570120346207258;1
0.879963442607695;1
0.5929314394978228;1
0.8779319733798998;1
0.7665369367506863;1
0.812134643657063;1
0.6916763735216386;1
0.9359845763914388;1
0.8511524388916616;1
0.8069794639739994;1
0.7473865407346494;1
0.7191048893061077;1
0.7174019515123362;1
0.8559956523774138;1
0.8140374898218988;1
0.8308038574272987;1
0.8472967507899578;1
0.7152232608444461;1
0.8512694290692344;1
0.873328884541274;1
0.910314875130266;1
0.8970662950224133;1
0.812766938867891;1
0.9154232525069708;1
0.8811009459846002;1
0.8633602667333753;1
0.8006073382756306;1
0.8300371595888076;1
0.7882715673984189;0
0.9092365249988916;0
0.9046464659186958;1
0.7238785453345116;0
0.7612047529245793;1
0.7930438269422593;1
0.9215040183245025;1
0.849731083602385;1
0.8558202080765551;1
0.7129700132525181;1
0.8521340825550231;1
0.8468879066121008;1
0.8405393180069283;1
0.7476516934163648;1
0.950498027611008;1
0.864193363314119;1
0.7781908443746511;1
0.7967873925477393;1
0.8633098584455151;1
0.12463530404385023;0
0.20891445323857394;0
0.19422876267935693;1
0.19756272386424892;0
0.21067235326979508;0
0.4364080905496517;1
0.17938355122890648;0
0.3098621121458415;1
0.2414434583968347;0
0.12501702105536977;0
0.14158997475931417;0
0.11487114108012625;0
0.295767024608063;1
0.3112847895912918;0
0.12030014465384847;0
0.10317518675271099;0
0.18435497079299193;0
0.2604203926784042;0
0.16403590478133764;0
0.28467454736663494;1
0.08566892935361299;0
0.19036317034759603;0
0.14880878671994874;0
0.13551544406337548;1
0.12702837175639176;0
0.21417504498375825;0
0.12579741213122042;0
0.1427422628632982;0
0.11839376051999366;0
0.13934854960540718;0
0.3328676763793841;0
0.2150966384894168;1
0.1276154743191337;0
0.19891375355646526;0
0.14090591103924469;1
0.18732909534463038;1
0.17683876972336982;0
0.2324725355120923;0
0.13914964652203238;0
0.8008854220716866;1
0.5806311931988677;0
0.728693225908213;0
0.24302846460169816;0
0.64261769794982;1
0.8196407042961704;1
0.8893122024791081;1
0.44780528778655593;1
0.8110587664692289;1
0.8390883644995505;0
0.8902229940619699;1
0.9088835388627775;1
0.7493982364658512;0
0.8409994892403818;0
0.8303365973529504;0
0.8468495663265485;1
0.20828090827575055;1
0.7954651196750842;1
0.812187228702941;1
0.8786770033739443;1
0.8196748197509266;1
0.7446582898379678;1
0.8492783474475658;1
0.8562075612337267;0
0.6585336264647974;1
0.799637149302175;1
0.6147841052871876;1
0.8902689048309255;1
0.49056270402201957;0
0.8370996897516677;0
0.48314223312773213;1
0.8366086484800801;1
0.8231559528010354;1
0.7017625077035167;0
0.845865531350986;1
0.6923334119055118;1
0.7683775899628134;1
0.7488190405765465;1
0.9026557307941322;1
0.8043061940073585;1
0.40217510576675086;1
0.22323036400280757;0
0.34182703663929465;1
0.30285710202444155;0
0.30874432647255234;0
0.2936348097277266;0
0.44014699095018484;0
0.07229305585772822;0
0.31602629473363475;0
0.2886552617373638;0
0.26181838554388986;0
0.23183602241026505;0
0.24695497425951118;0
0.24335338029671194;0
0.2187618610084955;0
0.08964072156584398;0
0.474782474999775;0
0.26606001915612176;0
0.26380391403962583;0
0.3259074715263084;0
0.28571393318738886;0
0.30919654806915847;0
0.2587253538104612;0
0.41300534524951527;0
0.35100275911024786;0
0.3048652220961435;0
0.48367062356810103;1
0.29674665413437284;0
0.17755660000449622;0
0.1418295111915789;0
0.13556654082353012;0
0.24707809790473;1
0.3953934804707226;0
0.40114919185063613;0
0.3590735579985371;1
0.45335370138548803;1
0.27322234014093705;0
0.2924796715349117;1
0.3925727982871294;1
0.16221833044407802;0
0.23089324676755396;0
0.18622822284596957;0
0.13693123069495286;0
0.1573443183562443;0
0.17756871510626465;0
0.33340156094233875;0
0.20000498912736436;0
0.24287034962127296;0
0.3206128587407367;0
0.33569814330125886;0
0.2276449877829428;1
0.46696549306766694;1
0.39065232949412304;0
0.2875313877129623;1
0.3205421411393892;1
0.23172400626354758;0
0.3197489969588991;0
0.2729185633992174;0
0.23079099343192983;0
0.4140191246253928;0
0.26023855781100214;0
0.28431717292278863;0
0.28751286863460684;0
0.28371675145272257;0
0.2628781337732932;0
0.2998433829216579;0
0.23762626185654845;0
0.4073116591237927;0
0.135362733131104;0
0.3019685548778328;0
0.2985390413980771;0
0.23532054658926482;1
0.3919236655075916;0
0.19861283827918325;0
0.27833023808674145;0
0.2613734317207944;0
0.09238935795475069;0
0.20725527479866437;0
0.04621996661870049;0
0.07311124652034365;0
0.40765542354855666;1
0.31289544822157933;1
0.15871552458320018;0
0.2645576061145532;1
0.25945407398608267;0
0.4305060688023028;0
0.36977399992933274;0
0.17062147648423143;0
0.0948435758791978;0
0.1733060039967072;0
0.11546124862367765;0
0.37473135158941384;1
0.7496699747835897;1
0.6984416058922894;0
0.713274650737847;1
0.7559053281520299;1
0.7935958798573913;1
0.8456967516724296;0
0.3280405425494991;0
0.7721818872942543;1
0.8509082345302561;1
0.8572499733109001;1
0.6821232089216721;1
0.6826625372075453;1
0.7993763841240679;1
0.7697944037361562;1
0.8027832179589316;1
0.6952002112095719;0
0.8550524375185059;1
0.6888174242403329;1
0.9410075310777759;1
0.8578614045677008;1
0.8203006895203738;1
0.9193618333543887;1
0.27925277677004445;1
0.9336376771307645;1
0.9049725438073639;1
0.7079339706166893;1
0.7896141816938042;1
0.6988503430198809;1
0.9294177826313096;1
0.8606381590090502;1
0.7565457621484518;1
0.8034097122889067;1
0.40358994101568246;1
0.7285101252285909;1
0.5290343855021272;1
0.8691689405715196;1
0.8495466662932709;0
0.912135636784199;1
0.8915709170280359;0
0.892525879196557;1
0.6751398005719275;1
0.8562203580815455;1
0.6243795646778019;1
0.8305597941233919;1
0.6938098600043315;1
0.8233073684380021;1
0.8021407450594649;1
0.4863485218423904;1
0.7959944474310475;1
0.38618771727721496;0
0.29530457797244664;0
0.5162398481545619;0
0.1482311532553868;0
0.3513637847840275;0
0.3724091676807739;0
0.355819086282249;0
0.3667986191056546;0
0.4812367189685924;0
0.7222958595023969;1
0.6402047691729208;0
0.8331851921002719;0
0.6650318923379361;0
0.4101564900774287;0
0.28795810334911287;0
0.2858763587380863;0
0.23949913541742632;0
0.3637197811899555;0
0.12189526301296305;0
0.10580942936316949;0
0.3210854944506896;0
0.17400703243526347;0
0.2071248829801048;0
0.49863244489875713;1
0.5273508972545903;1
0.25482890847060075;0
0.27442258574143524;0
0.42082646375530686;0
0.3205415541074901;0
0.3225976897593041;0
0.5061346928339286;1
0.2736190720915039;0
0.20413840933090904;0
0.32726149084558026;0
0.31116479867476854;0
0.2764313835446832;0
0.4667652920175089;1
0.19853735958101845;0
0.3823076086755569;0
0.38327053491395086;0
0.45180594102603977;1
0.4153498881117855;1
0.5085798478933208;0
0.17229496609609274;1
0.12755606466935004;0
0.17708167228887312;0
0.09066582214013325;0
0.17477891680571847;1
0.16309077941573807;0
0.189311025823662;0
0.09819117439753869;0
0.33548510161941236;0
0.20399513050341683;0
0.20492211451792713;0
0.28979542553551085;0
0.3610104872538126;1
0.3500733138626375;0
0.25054537095393553;0
0.23290652870372786;0
0.3745250790067228;0
0.25269778029335677;0
0.43009246272571633;0
0.15895065021188157;0
0.2550667930531442;0
0.2694759496249792;0
0.28803079687305533;0
0.3567002144178702;0
0.16540076777036775;0
0.17368578736146584;0
0.21255836117130847;0
0.29047823732683953;0
0.19621230521274302;0
0.11657935413376383;0
0.3732395246614886;0
0.7215484503899869;1
0.7093133795085886;0
0.8748001453291955;1
0.7227863830505015;0
0.8684449704411892;0
0.5006700035424502;0
0.5019217584295832;0
0.43166823142717636;0
0.7994085312860918;1
0.649470885345691;1
0.7437205829006052;1
0.8503440928718071;1
0.9102872044786705;1
0.7254669983507441;1
0.7813890237995758;1
0.9216254412457616;1
0.8960834394129498;1
0.8195523705774879;1
0.7578157898937873;1
0.8199097294978174;1
0.16789034905223738;0
0.6818207679384614;1
0.7977391869267408;1
0.8464456234479993;1
0.7696099057309669;1
0.6086790346622549;1
0.8248560247683472;1
0.8126035028486447;1
0.1397821534417994;0
0.3116242651141252;0
0.14604640340569686;0
0.3998646678467515;0
0.12722595099383724;1
0.17948237658737287;0
0.19695006814273502;0
0.14283899269729275;0
0.22074656372796952;0
0.28988507213609227;0
0.31457216036929175;0
0.1893315519794375;0
0.515370308817652;1
0.20966785699761054;0
0.3246827733517241;0
0.09029561539121554;0
0.20274529837990654;0
0.23236552294372717;0
0.18374356508291512;0
0.34284611542577725;0
0.3633221744378214;0
0.3758312076821094;0
0.18953567313766273;1
0.19280871679243974;0
0.09184356370116419;0
0.24819725726694522;0
0.16324758294610717;0
0.1952889467446361;0
0.49974794370369374;0
0.19596394811194967;0
0.1949241707068298;0
0.2589903862721275;0
0.15778853905804488;0
0.2068471129432186;0
0.10684009980963896;0
0.14316017994003338;0
0.14298441955750293;0
0.18343582842713;0
0.21884696599241188;0
0.26652902256528904;0
0.200776146722757;0
0.16889544533922785;0
0.3089203238095806;0
0.30123236762051037;0
0.25596717203200714;0
0.32563021850104507;0
0.21650349583176626;0
0.20767231433745756;0
0.13905441978198885;0
0.15375029583859529;0
0.12180741527389624;0
0.1666737372520265;0
0.1359434300642044;0
0.14772729962924547;0
0.2456989509608752;0
0.22507103658108288;0
0.23435386790897897;0
0.20244636985550557;0
0.26273445471767204;0
0.32088986913296424;0
0.23649340335446875;0
0.2840739753891092;0
0.31751064757837333;0
0.27630819384098904;0
0.4159350148893993;0
0.26667270032353463;0
0.11622130933655278;0
0.21996051662832883;0
0.38273469918062786;0
0.25685851237128543;1
0.13325593990285534;0
0.42449158920711993;0
0.26712430002151144;1
0.17340919787667275;1
0.8252003622014016;1
0.8304828774260927;1
0.34581209957819137;1
0.3684668115204505;0
0.5856717284518637;0
0.6066509609698224;1
0.3988557789973806;0
0.40223646975577304;0
0.16542047383274416;0
0.2205085383683179;0
0.3432784024422983;0
0.45313728142368376;0
0.4267508915451095;1
0.11952376482758444;0
0.34049332546817346;0
0.4616381950151268;0
0.4574297450664928;0
0.14615653843115053;0
0.33207060194880983;1
0.37737587099479325;0
0.0498898654029335;0
0.36660880335878465;0
0.34589735306529007;0
0.09102470160599535;0
0.09960049019489947;0
0.30247505656455986;0
0.21034167868544648;0
0.2749263681091741;0
0.3632861796426322;1
0.3315872550525771;1
0.4285529556092085;1
0.33844364654987213;1
0.37313113748079413;1
0.36407518595666744;0
0.30321023887023213;0
0.2831889914210375;0
0.09703370637566223;0
0.08868337199098379;0
0.3798308990262457;0
0.25966064147801843;0
0.39454400495423636;0
0.24688875672218039;0
0.36823132898899674;0
0.3892908037508876;0
0.3079554908054924;0
0.4457558660291102;0
0.22334897037058551;0
0.19970804772243153;0
0.43322830079545716;0
0.3385625669050402;0
0.3078419256385782;0
0.37446688311965337;0
0.2769523152814996;0
0.5610624795729775;0
0.3061618281090244;0
0.20945137885025186;0
0.2892436694267496;0
0.34619252507496956;0
0.29381206522883596;0
0.17551889133759238;0
0.25259048017307273;0
0.1540778766924666;0
0.29480664760953745;0
0.3708644153180731;0
0.3018491776665039;0
0.3320008643641074;0
0.24436056844482154;0
0.4325641326505794;0
0.3071468194114054;0
0.27791258954982984;0
0.3737129799221869;1
0.3473331862794408;1
0.4126705598022724;1
0.6153517335095364;1
0.5504874473907229;1
0.3342755464184927;1
0.43232206999831524;1
0.3547835161239009;0
0.3023530361074757;0
0.40220176106335404;0
0.507410979650297;0
0.43443817879761437;1
0.34413816911606177;1
0.47383299603847806;1
0.36316911449457634;0
0.5098813664498697;1
0.3992950226480068;1
0.3649491192863505;0
0.29936954336991156;1
0.3453275206513253;1
0.41800766217779;1
0.5144293942640019;1
0.29887262739548026;0
0.4817949255139461;1
0.4120936973855145;0
0.20857899373778996;0
0.3463465183042119;1
0.32629237641559006;1
0.38022233145488155;0
0.3716367371528222;1
0.3438976695852547;0
0.31860123025270487;0
0.2630026369950959;0
0.340493433190871;0
0.322123643873942;0
0.2097812263442369;0
0.2809895605995632;0
0.2644767793673076;0
0.39145930712245225;0
0.4656302237464426;0
0.3815622052371511;0
0.4216262937751856;1
0.5058895930011446;1
0.4163862466966401;0
0.15099011013999142;0
0.17044336625790799;0
0.15052046905883013;0
0.19009371078395737;0
0.12277958117954155;0
0.32670293162750835;0
0.21947700162187073;0
0.2877648180116733;0
0.0982363181675734;0
0.14189416758489498;0
0.2733767228735742;0
0.38961049632021705;0
0.25424397950916916;0
0.1760937555986864;0
0.23561840967683617;0
0.7320696573205772;1
0.39298793252282876;0
0.30740695789590083;1
0.2561767889368825;0
0.020029964787263384;0
0.21745063877493145;0
0.4029735660197315;0
0.1711123847473979;0
0.2487847945388228;0
0.1414014886400717;0
0.23293928275625997;0
0.13246704279171756;0
0.1757423518398092;0
0.18699761818507216;0
0.16136417022069086;0
0.20518517895988334;1
0.11319147135787654;0
0.0941761118581481;0
0.1343343622598545;0
0.1377974415662114;0
0.1357058574801239;0
0.22641551239568367;0
0.18395736361339005;0
0.20805396117156688;0
0.24391526221044282;0
0.14448126304880918;0
0.2044925665559828;0
0.10778776360362986;0
0.1695980931011466;0
0.18370229457973022;1
0.10531366841774913;0
0.2728796157693235;1
0.10821352833229937;0
0.3721896852696073;1
0.20973016719478663;0
0.1407928701879324;0
0.4481207831639009;1
0.27943671477794324;0
0.3189918418697826;1
0.4086285965397413;1
0.11698152066299411;0
0.17972716451344498;0
0.43748917259486747;0
0.5072191755415602;0
0.6185711296534294;0
0.3123183679205718;0
0.284482965289848;1
0.3044592005989285;0
0.197522991063472;0
0.510188551359031;1
0.22457647266601855;0
0.28492911256025183;1
0.5062845228312898;1
0.296366730993257;0
0.27064141465703434;1
0.40201234690739224;1
0.36947015295457364;0
0.27655555614748506;0
0.5090373534236281;1
0.3151402734508236;1
0.38887513003845847;1
0.41573828447624195;1
0.23017068504928886;0
0.10212948188752892;0
0.18340408591908106;0
0.17636411569654664;0
0.4142284730910308;1
0.3583776726109227;0
0.5245685468371944;1
0.3595933697155458;1
0.13550299855085235;0
0.14382828200818074;0
0.26096134276529936;1
0.22457360144489746;1
0.33679183019397574;0
0.3515123182558069;0
0.4828406410891219;1
0.17163079285649543;1
0.1420128609635745;1
0.2932462766220015;1
0.11380209452122239;0
0.1544128852985123;0
0.2302968880014569;0
0.17205210569420176;0
0.19154145703309564;0
0.14025238488785122;0
0.49429205025832024;1
0.5069645246335461;0
0.5111345375147535;0
0.4957096184541099;0
0.151877133446199;0
0.32393813443297886;0
0.207278300607631;0
0.22124331634503178;0
0.20127280655236646;0
0.35209022095226145;1
0.2087318332170166;0
0.16706853647304007;1
0.3229121931140832;0
0.331467308811929;0
0.10448334628167502;0
0.17061767328604407;0
0.13468688503642606;0
0.27505595800193333;0
0.20970809301678164;0
0.14218301013810836;0
0.1752945645064956;1
0.2767764092885995;1
0.1349134032312666;0
0.23162422239164424;1
0.1781163356286252;1
0.12097780275862753;0
0.24056946094024229;0
0.3667100988465264;1
0.2556642217919506;1
0.26283041248710987;0
0.20369322107996812;0
0.15738515281390855;1
0.36175035059886335;0
0.2090812365661879;0
0.2964685990045773;0
0.3065467845846965;1
0.2233151622962905;0
0.2080165960562512;1
0.1257249419740546;0
0.23058117233864595;0
0.3610048402607265;1
0.1498039402440968;1
0.2622327243344394;0
0.24985611319302944;0
0.21216608235707313;0
0.148821225638431;0
0.282815468378187;1
0.24203621659974411;1
0.12611857299841467;0
0.2871549226024649;0
0.250038599234044;0
0.24592678854163025;0
0.35484999660917294;1
0.3853545899076522;0
0.06544862810391569;0
0.531115798823508;1
0.2208388177178051;0
0.2481693092386382;0
0.04680833959050369;0
0.14543627893019329;1
0.4960992298105502;1
0.18273646368682125;0
0.2786233719170502;0
0.30063101471994097;0
0.2251801198574497;0
0.10769346770392761;0
0.2607024262777353;0
0.44194303700183013;1
0.2286608688066759;0
0.23311860171059443;0
0.20060618948860984;0
0.32807206433611574;0
0.3586018522757419;0
0.4122103675480687;1
0.24187181633187627;0
0.08246360791144113;0
0.24392661905753132;0
0.24190777022535948;0
0.2755979510650286;1
0.2670575017873898;0
0.3048283159333081;0
0.34151491396327577;0
0.29832398748597827;0
0.22418481279740504;0
0.41434085495903744;0
0.15499426173851952;0
0.17090823721939347;0
0.36701499410515437;0
0.31466885015860846;1
0.09974518303834191;0
0.40496021757577466;0
0.20209000141870076;0
0.18846338416938507;0
0.20880124382744747;0
0.3187702688239087;0
0.39836093200070766;1
0.3917495585565823;1
0.13435776129138044;1
0.3936849111524891;0
0.3351337569744842;0
0.26415162226568184;1
0.5275072621761706;1
0.4200808632007331;1
0.3793769795495476;1
0.2527986114798019;1
0.26720955225624327;1
0.09107570668340396;0
0.269614985682073;0
0.107829582056098;0
0.1811745333485464;0
0.27417389558333183;0
0.2562863633444807;0
0.460485953846951;0
0.2551984544107162;0
0.20255528477151954;0
0.803329953411404;1
0.41552237447578294;0
0.3599014456354197;0
0.5358138973473915;0
0.4144330404702019;0
0.4411210608156676;0
0.6176485108424886;0
0.5350023932673821;0
0.11419727457443857;0
0.41156214574719113;0
0.4164299139129838;0
0.407852014089589;0
0.09127703158194252;0
0.14144819561816996;0
0.24922777649549943;0
0.15572923146072;0
0.24985511258396922;0
0.208013872730964;0
0.11116561435463407;0
0.08421816953839008;0
0.1686698372087653;0
0.3080188958562895;0
0.15759876733246403;0
0.3092424943595555;0
0.1258517578505875;0
0.2797939288415447;0
0.1934501605884118;0
0.11686664899745053;0
0.19510166469660414;0
0.22280649938983246;0
0.2065643481353456;0
0.0252986694701353;0
0.16835721154657646;0
0.15573171247024695;0
0.1391531499380195;0
0.21700481312555606;0
0.2895400750791171;0
0.2108700416309893;0
0.1488516132012805;0
0.19241956794790782;0
0.24604133668030956;0
0.1776288627590948;0
0.22118388392953536;0
0.1676266310694341;0
0.1406461760768419;0
0.0811875094879799;0
0.18793933982841066;0
0.17717912645191217;0
0.23496207665327026;0
0.3459251330756812;0
0.15522508607358956;0
0.13745703229029674;0
0.1546003189437117;0
0.27360152822022965;0
0.13831982370778337;0
0.19019155645655933;0
0.2210672653221188;1
0.13202613853933254;0
0.27328958637796835;0
0.2990559005705508;0
0.41801165751106356;1
0.31182795345311204;0
0.4439458151488518;0
0.2652133534841723;0
0.3249110664183479;0
0.43204871494519725;0
0.5728637332008337;0
0.21323116665622685;0
0.2344978884482161;0
0.3369031756197636;0
0.383732461846514;0
0.3502881021164212;0
0.2982319711602825;1
0.4700713948135333;1
0.4383623729004374;0
0.26302841374644975;1
0.18459695867672404;0
0.20695590325765337;0
0.27494711220025214;0
0.4552520186106136;1
0.4198395158967375;0
0.47855842411420024;1
0.3897816656510223;1
0.6893541474915407;1
0.5861174780512474;1
0.4268496001650005;1
0.4904404925398416;1
0.6197424619334355;0
0.3684830382675429;0
0.19887304073087503;0
0.19631459555432884;0
0.1785901994842557;0
0.19366156785148447;0
0.2603383243876694;0
0.2342422526132855;0
0.13168442970696956;0
0.03323231826850615;0
0.14414376087437458;1
0.22742505597540502;0
0.6062614009691473;1
0.6481261711194404;1
0.6763241485034807;0
0.5618330035171631;1
0.5101102039508011;1
0.6798812920152858;1
0.6333188314707211;1
0.4436316178259778;1
0.4382583426148585;0
0.7784327950165221;1
0.5481165030019999;0
0.45337149624857476;1
0.6017485192579344;1
0.510337351430731;0
0.6747009664308347;1
0.46542085342715106;1
0.4306788181123634;1
0.5178852120932501;0
0.7444869934127629;1
0.6342104045555871;1
0.5414755170384916;0
0.5749134985045449;1
0.3174643482083787;0
0.552581219343365;1
0.7625599066705151;1
0.5570552403057188;0
0.4718618446767834;0
0.5149768190025378;1
0.6946547500997027;1
0.4861369949760887;1
0.5475220036902082;1
0.7718235224476695;1
0.5349324847132042;0
0.31973738543052743;0
0.6631892323779766;1
0.5348479404881056;0
0.582058963431201;0
0.7195806030351314;1
0.8199642873114964;0
0.4044146054092484;0
0.5401013484483655;0
0.49976117978390777;1
0.21680513211531557;0
0.1644803773753682;0
0.28824822995361754;1
0.32974484498299195;0
0.16275732783316618;0
0.22590609641116358;1
0.23310145873044105;1
0.19812466501532042;0
0.15184581870412275;0
0.23535992917230272;0
0.21734672063775629;0
0.09778160777420726;0
0.33153369428987967;1
0.15629196903180878;0
0.21309045260367726;0
0.1730702829902117;1
0.4872709313697767;0
0.6425713555176222;0
0.5250647060203298;0
0.6257133812104335;0
0.43414577622103667;0
0.6305655823529248;0
0.6314280241207748;0
0.527278502664818;1
0.7797454756588519;1
0.6377864807166567;1
0.36766684583800696;1
0.22358936978832375;0
0.11308321374307227;0
0.2621818064291382;0
0.22445900346615064;0
0.2906801484076575;1
0.1992739884701899;0
0.5837541344279793;0
0.4363848516921248;0
0.2769710781863758;0
0.602045807676945;1
0.29397334670263503;1
0.19487905931755958;1
0.158682242145211;0
0.3730973286648716;1
0.37010253570337387;0
0.8134633258413654;1
0.29774547962095543;0
0.8207190392634663;1
0.8128801232085839;1
0.5181586870566917;1
0.3931129300990971;1
0.10041670048559595;0
0.9313220092174694;1
0.5150425275397998;1
0.8052796139138121;1
0.36947340477917123;0
0.9614626940280644;1
0.035485529413187715;0
0.21878350342713979;0
0.20861779689653534;0
0.9736242803579531;1
0.07805932089232195;0
0.848962300073734;0
0.06235465658641498;0
0.01414597021735947;0
0.8724737622869821;1
0.015114817315704583;0
0.13696316291218077;1
0.5164549800707209;0
0.2474984339778241;0
0.9259542955139392;1
0.01800989006860197;0
0.8921328309988417;1
0.025406612852602727;1
0.93019105709988;1
0.06819515828386337;0
0.04340858113375073;0
0.9708847377204067;1
0.8675963957563438;1
0.2943975398242645;0
0.9832401568708118;1
0.46406513858060383;0
0.5266940796191498;1
0.30902252771849253;0
0.8004245730727721;1
0.3501193066663088;0
0.686763310211652;1
0.9012550554310308;1
0.7526701266023509;1
0.6497221815267463;0
0.09782781402202051;0
0.04219846240953408;0
0.07964121665383639;0
0.775211443616146;0
0.03812623104037194;0
0.026711429712143585;0
0.7571202788005291;1
0.8902128044388695;1
0.8535697603485681;1
0.9703173246896298;1
0.5868182073213164;1
0.08637854225146806;0
0.910244957827322;1
0.04990870513587014;0
0.552401305963486;1
0.1567442656144566;0
0.027267334936614082;0
0.653025635762518;1
0.03682695435310927;0
0.017302333091730123;0
0.6233892742960939;0
0.045521606220741716;0
0.6133450397118929;1
0.2526679052502664;0
0.3147768558127971;1
0.44025083132335063;1
0.027653509146063706;0
0.26112720709790543;1
0.17636529475483356;0
0.2918329143308027;0
0.37480702718332526;1
0.44450204941521126;0
0.38571386646518135;1
0.11646219528072677;0
0.20265671283437972;1
0.25210813745287913;1
0.24537704050416037;0
0.11816721458689461;0
0.29747242084075903;0
0.1521978532840529;0
0.39819193969932803;0
0.11295130638612863;0
0.27477589113103407;0
0.3229159821851707;0
0.3286465542065705;0
0.6940835885213128;1
0.5790133967860831;1
0.035434501666556255;0
0.2583922727688733;0
0.24814733066774103;0
0.3841933429558135;0
0.39944736155436;0
0.3396850349602007;0
0.4199491875850921;0
0.4276398304722723;0
0.07283197136500805;0
0.08435261552365744;0
0.09861667288824508;0
0.7714715295819107;1
0.29508438886543065;0
0.3860227906250518;0
0.35566973623852494;0
0.29308679337574467;0
0.35246041643688597;0
0.3435583633923145;0
0.28682299428642216;1
0.19891320170195265;0
0.44232914810332613;0
0.7843294737088813;1
0.811125365562143;1
0.40118000030151313;0
0.3736608146417302;0
0.5288007968006031;0
0.11448715845114071;0
0.23763346778045105;0
0.1345521635408055;0
0.06128286387724783;0
0.07508029241066273;0
0.2531430518741133;0
0.14468495872389234;0
0.4023921877951894;0
0.3422222796810307;0
0.26438354534365816;0
0.17046803585420933;0
0.11637583298006277;0
0.07016776999389615;0
0.12199170910469923;0
0.10489446344476953;0
0.3696871035848395;0
0.08549819795991491;0
0.262539317168788;0
0.351019497727068;1
0.16852891516110166;0
0.04717375652876379;0
0.37981921259096013;1
0.2491034521381036;1
0.2602008487373777;1
0.057382725631736055;0
0.38094549052947285;0
0.09614718628421072;0
0.28494212720209144;0
0.08253812339262419;0
0.10396363906034897;0
0.5521332973179701;1
0.6056098864530224;0
0.3806590558061982;1
0.2806887600410084;0
0.5169937435465807;1
0.29709841937393067;0
0.21516758195390928;0
0.33153618751775177;1
0.4656304734585947;1
0.45616588818130155;0
0.8259691548975596;0
0.6878925629829395;1
0.10866599486706215;0
0.08303651160133207;0
0.21635817100644983;0
0.08580248856540294;0
0.13155390888327337;0
0.2919894228616468;0
0.3900120772021814;0
0.2724098891905358;0
0.266167743547763;0
0.29690252900013653;1
0.26468098183857225;0
0.4149303420041591;1
0.26837497948133937;0
0.17965990940582122;0
0.3583810494086387;1
0.43989506214321394;1
0.16122694519561329;0
0.41987701022345086;0
0.333985475539886;1
0.05243566069173014;0
0.33963147308367536;0
0.31946130012445534;0
0.40931013944504213;0
0.2942489429299849;0
0.41951904188832;1
0.33488386141121623;1
0.41955216194320694;1
0.42834660853420053;0
0.3138517500922118;0
0.30398702294229224;0
0.41355233981143036;0
0.5061111582221648;0
0.6832564484073689;0
0.691566063629372;0
0.70971075325615;1
0.5828867776009186;1
0.15565565630648967;0
0.24806984516308858;0
0.0830788569057994;0
0.22387496383298514;0
0.049316838961702435;0
0.26218712488866036;0
0.27339321676684386;0
0.16205539821930917;0
0.2635336410795004;0
0.43927231976100206;0
0.14491336040979094;0
0.2036973343620975;0
0.11864176013957096;0
0.11112488726200702;0
0.11630830709226181;0
0.11396177486205507;0
0.3653072821861198;1
0.2848984152860108;1
0.4263046626647067;0
0.09245745340430263;0
0.0934886709695355;1
0.12555300583112125;0
0.2806995351539417;1
0.3739615842552612;0
0.3057789015672818;0
0.1167433792940689;0
0.10876438814584986;0
0.313084729593593;0
0.2941415214967298;1
0.3022754497993457;0
0.5690938083819262;1
0.06908165683618624;0
0.09812511980813979;0
0.11587011185526974;0
0.31481416770996423;0
0.08554458518413167;0
0.2776631628736194;0
0.1924649207585865;1
0.39800986630433466;0
0.18520734958063279;0
0.2986778095906361;1
0.11045372754366475;0
0.2630575806118987;0
0.24918254033084655;0
0.4895145885078617;0
0.47090557054132987;1
0.14440953790212568;0
0.3344727926351337;0
0.38047323559277824;0
0.09420100274084581;0
0.0978599723476507;0
0.11023326062434462;0
0.21364968775809853;0
0.2954245398284101;0
0.10032139862291176;0
0.10165340167358285;0
0.14280614899364397;1
0.36092533600488186;0
0.29492173547382594;1
0.2761689496229576;0
0.428152038690063;1
0.33083362503846986;1
0.42252171393164106;1
0.31425509732748635;0
0.12605940572206425;0
0.11734902418730245;0
0.5099933748126999;0
0.46065144947816794;0
0.45323992091242316;0
0.5573475593554713;1
0.416709611607246;0
0.4181241457050968;0
0.5546624658373659;1
0.6083483374329032;0
0.3422807875483765;0
0.5195134763977904;0
0.330672796176685;0
0.24525132404804806;0
0.496389726118476;0
0.4211200423448119;0
0.6676721835303052;1
0.7842506582116491;0
0.4930825395683056;0
0.6313792284482906;0
0.4683371972456385;1
0.1562894535343792;0
0.37742649718498245;0
0.06689981525698946;0
0.11171197234262528;0
0.17082060357467266;0
0.3564272003822853;0
0.22618726888066457;0
0.3305940982855576;0
0.24050979268253633;1
0.1682149321329737;0
0.35654687735656987;0
0.23306772136101242;0
0.3325272895782136;1
0.3026235787910669;0
0.0823042069028335;0
0.25810710572911555;0
0.2906708874368305;1
0.37581773626203474;0
0.4142024818932303;0
0.2467655367975108;0
0.05985028820423073;0
0.2729478416636127;0
0.4657816767734114;0
0.6191099280518647;1
0.2704842434108976;1
0.05993773527076199;0
0.1984289438367226;0
0.34938655469567076;1
0.2670340028653629;0
0.13846310570658296;0
0.25008164186753806;0
0.17379664370165857;0
0.22670752168660233;0
0.07343167059627746;0
0.2260084242688149;0
0.13825929818292124;0
0.3029182668773653;0
0.27595095763538013;0
0.11238710648727594;0
0.32205025784544783;0
0.2822578848018942;1
0.31374959330212204;0
0.10170856730814092;0
0.11225333682647626;0
0.2561947745407032;0
0.10388428963342505;0
0.34772275605354996;0
0.0743258121323615;0
0.05859877245340285;0
0.2766915903811465;1
0.36452925769581274;1
0.27075941224546546;1
0.4876728901128359;0
0.49372418040195565;1
0.6722117388997402;1
0.3403497816594551;0
0.32522389993065715;0
0.4690156726415502;1
0.5137366339909512;1
0.2278064759627204;0
0.5383901116209436;1
0.40871169811930524;1
0.536099183061719;1
0.5772937021603862;1
0.5928578669252387;1
0.5801466596564244;1
0.3383890391581187;0
0.40516391416878095;0
0.1751788250393261;0
0.1585233155474734;0
0.11691855238598046;0
0.24396241269651509;0
0.10648824587104733;0
0.1231997259876711;0
0.12690074573976656;0
0.24579897402705497;1
0.2740632439286935;0
0.16856276580084523;0
0.16625134432827784;0
0.14017520945472825;0
0.30637540193919766;1
0.24596355539773182;1
0.3077986103569568;0
0.22956331603872623;1
0.43994769110230625;1
0.02386202106337325;0
0.3061196555257386;1
0.17422912968283538;0
0.31362736528624136;1
0.39393137187734667;1
0.48487660648682174;0
0.4759981808218929;1
0.5530350448878978;1
0.5240763365405382;0
0.23515787151920678;0
0.35173883582283394;0
0.3998150080278847;0
0.24437772669559732;0
0.2845418624987479;0
0.23278340016378352;0
0.13284397116459823;0
0.18198171599737745;0
0.21322463863439517;1
0.1335200432150231;0
0.18473736097637494;0
0.22613740572214863;1
0.1953890593735507;0
0.1203893768278534;0
0.1688137836622352;0
0.3327334758703839;1
0.23164283728230878;0
0.4632300877242765;1
0.14136735853083537;0
0.4014755732571219;1
0.17769205982115777;1
0.31099455819387534;0
0.219493737468114;0
0.12665129879890585;0
0.29061209581764025;0
0.3418746177224883;1
0.10461242066082198;0
0.22264581677088255;1
0.1385567423151302;0
0.21073309766019424;0
0.3611455044430217;1
0.2344090644169912;0
0.18548642321316217;0
0.21777076548509838;0
0.393056212387369;1
0.21155336621690182;0
0.3562227711846241;1
0.25591873467447857;0
0.12018745558262674;1
0.3509717759756776;0
0.1344582361050681;0
0.24019967746910192;0
0.31071296556494593;0
0.27286072630876274;0
0.14356568888874008;0
0.1023294049185147;0
0.2233697633534291;0
0.12431595472910716;0
0.2518041774292328;0
0.17707526530379525;0
0.2922056424168157;1
0.3052172894246856;0
0.11426308027396569;1
0.3282277611166343;0
0.2916210479166545;0
0.15021689418307183;0
0.2614409155982678;0
0.21603421587991994;0
0.19046665709661018;0
0.13616898586414725;0
0.10482574854089917;0
0.11672638421809878;0
0.2829946073187416;0
0.10049323665190706;0
0.25900831429953625;0
0.26743250406077324;0
0.3172599000292893;0
0.17935090792879968;1
0.16309684720882833;0
0.143051346160668;0
0.28107581218989713;0
0.2889941080833289;1
0.12799885682316123;0
0.19305390665531985;0
0.25714681584115495;0
0.3468062045252666;1
0.17093561470374344;0
0.1346428644390615;0
0.1860015717691341;1
0.26917798476340116;0
0.19011112090683022;0
0.2577478327168584;0
0.2921173007797182;0
0.15547899900046572;1
0.28027632281188003;0
0.40219395677670056;1
0.12217286807939967;0
0.28186350089087453;1
0.40295775567635267;1
0.52732630039953;1
0.671502079607174;1
0.4133365127950401;0
0.10488389615815243;0
0.3493813907253704;0
0.08160023737022355;0
0.3718642305604386;0
0.6391794346012075;1
0.8131778466125877;1
0.41302579352646923;1
0.7617732688231972;0
0.7823644272623379;1
0.8039057864039892;1
0.7051622129767605;1
0.7251205667288738;1
0.7435333729859334;1
0.1254762522596529;0
0.3163724049881532;0
0.25832326864465566;0
0.574475212759762;0
0.28597961585653436;0
0.6026972167672429;1
0.5847923893419893;1
0.5182175044176495;0
0.6295270624973216;1
0.6724469214030265;1
0.6153509243434441;1
0.5134067608679209;0
0.5028237213273983;0
0.5099269882015292;1
0.5783884528456601;1
0.6461056664112292;1
0.6533573611482731;0
0.14603346998312097;0
0.14025197557852268;0
0.22476433276045202;0
0.43477257351023213;0
0.7917212539170233;1
0.6843920251232666;1
0.5099259083273942;0
0.7799168942234173;1
0.9054952005478635;1
0.7565360740337236;1
0.6476414952806283;1
0.8800681723385592;1
0.813699794609886;1
0.8041144479710564;1
0.7039506655569643;1
0.8479553390080112;1
0.7702988915811977;1
0.687731556082051;1
0.7534191031451478;1
0.8094801822579448;1
0.667440871890181;1
0.2902827114684507;0
0.3248996896050053;0
0.5557363096187489;1
0.6311693946245291;1
0.5224154065056237;0
0.3775020598360876;1
0.5504200924686145;1
0.5088012891947767;1
0.4776545115183175;1
0.5837311054446799;1
0.5088044319141191;1
0.40687791705286286;0
0.38316297934880955;0
0.15303933037687034;0
0.5944494888341715;1
0.18488000831628057;0
0.4315606382835572;1
0.25294288748490423;0
0.3047784373728313;0
0.2164527559591645;0
0.25186221340718834;1
0.3003013080191513;1
0.2609639960652269;1
0.1439245251412298;0
0.13087607820191344;0
0.15089993076690802;0
0.20942977118814016;0
0.4203765156324883;0
0.2985735647208;0
0.242054922031156;0
0.12859365788064847;0
0.3306054434696222;1
0.45320359860464154;0
0.46532024267109356;1
0.5446807028177452;1
0.491198010259575;0
0.5831921163312603;1
0.3788749140951619;0
0.6065584970549153;1
0.2549809894379732;0
0.2785108367189821;1
0.266779465802454;0
0.2859792350292778;0
0.5083592632214676;0
0.4876631742001159;1
0.10331563610101276;0
0.13022988963644655;0
0.27737220845127314;0
0.2830724739861888;1
0.3633850479863147;1
0.25051362164307583;0
0.2723317903697596;0
0.1724962888986073;0
0.13779715885828828;0
0.21221509572973668;0
0.4999755043224535;0
0.20042704368343084;1
0.11252673187888433;1
0.1613730239564313;0
0.1029745953163681;0
0.11733934173333786;0
0.3841122783933323;1
0.3908076305274674;0
0.18018763666683965;0
0.16182061922463944;0
0.5368978246520589;1
0.3330894848891913;0
0.2376426856822881;0
0.27753900313612256;0
0.2603179560577326;0
0.2995950545355902;0
0.2904119244258356;1
0.2499290203849262;0
0.20367976953954917;1
0.25255746801071227;1
0.2197243276164849;0
0.24558876244079905;0
0.24104709513985562;1
0.239179828270064;0
0.2829295352423891;0
0.2442554022550057;1
0.4094876754434836;0
0.30919813557177533;1
0.38300157287089903;1
0.28299373755387686;0
0.3882538179173462;1
0.4577688402299822;1
0.2586248594746985;1
0.18707663369494648;0
0.39123974244857035;0
0.42405013732255614;1
0.3518542153824678;1
0.20461306714849292;1
0.3155572593888385;0
0.3305446886741693;1
0.2721693160775788;0
0.17518245469801155;0
0.28981042454273637;0
0.19254232500358393;0
0.2610573066058843;0
0.45105554841590545;0
0.26402191611460935;0
0.3318749600918203;1
0.29446572550687117;1
0.27879089194720924;1
0.3151912544551025;1
0.282835933682041;0
0.3090176404312418;0
0.27646860013718455;0
0.34736210555242725;0
0.6290169151894592;1
0.2690616756490833;0
0.20710687205442482;0
0.11588366704183589;0
0.1335997166333434;0
0.20328192649097127;0
0.19436135886587502;0
0.12707856248846972;0
0.2435192279670039;0
0.20253919239069648;0
0.38085109494039066;0
0.4615657085633952;1
0.23314918431483653;0
0.1324061277699956;0
0.18797733132690617;0
0.22846666199540758;1
0.19405031521807647;0
0.1303809069434694;0
0.10745364370946238;0
0.347786144981254;1
0.4076238172174388;1
0.12383016667448402;0
0.17215702961963492;0
0.4048791655161818;0
0.29088343735305033;0
0.298075349127426;0
0.43745027927587066;0
0.31643456165614353;1
0.4015595657762492;1
0.5471409363425255;1
0.5143516542462837;0
0.6822020380886482;0
0.17153092902801306;0
0.27561975061267746;0
0.26344040064881874;0
0.1477231530667569;0
0.11270036339922114;0
0.19193578585422816;0
0.5927297548111201;1
0.2902482137123073;0
0.18165985000179444;0
0.1657613653022346;0
0.24076525604411583;0
0.9023775772801546;1
0.7134156239157192;1
0.7648693554139476;1
0.10121092178669766;0
0.21129634703638045;0
0.27053819742270707;0
0.838376705899286;1
0.6871090578297767;1
0.22531056858743326;0
0.2812527389657448;1
0.26567408893158984;0
0.26864904317314364;0
0.21345499595719045;1
0.23919741657015967;1
0.25314231984903784;1
0.21326477115278342;0
0.17469106505253865;0
0.3514317287837935;0
0.3912437736303964;0
0.1636138625344953;0
0.1341401614524415;1
0.3264862869780702;1
0.13006134027258245;0
0.36661872773891363;0
0.1554357829617661;0
0.3206003601242691;0
0.1894852287922429;1
0.1582616235524265;0
0.4196336676023411;0
0.17298750547102024;0
0.1844361428537898;1
0.24657123866267885;1
0.43658630413146876;1
0.17521571862097862;1
0.31012520237502134;1
0.4738636397111081;1
0.5081695542597615;0
0.41066314648475444;0
0.5270965908655039;0
0.2306518243726198;0
0.1209088269268858;0
0.24451347461007458;0
0.11970705264186304;0
0.23004257272423062;0
0.1757484703588539;0
0.5387253630933713;0
0.38637819353505065;0
0.2645521642723955;1
0.30909297284875586;0
0.31979991487171083;0
0.7356495369992577;1
0.7972608950436441;1
0.7913450833311702;1
0.4286220891870727;0
0.3607476309108442;0
0.3878961694466528;0
0.47202265590955217;0
0.3986816443079403;0
0.24741542878433842;0
0.21794587070268281;0
0.1413122370081096;0
0.15605106289623963;0
0.47830231516251015;0
0.29625513368410933;0
0.2754126418144217;0
0.28072908486201276;0
0.12414957539231487;0
0.15238622435766727;0
0.12863986313649647;0
0.1993491184866881;0
0.2684920120091973;1
0.25476159534912757;0
0.29745314144935847;0
0.4350417507348982;1
0.23402566282055234;1
0.1786099062314715;0
0.08695355697490724;1
0.2828243350749693;0
0.21334373234374598;1
0.21592689872593307;1
0.29408869258946013;1
0.21300319797492173;0
0.4040052755322339;1
0.16828141941420996;1
0.24464379538341144;0
0.29561640099658687;0
0.2604573007622796;1
0.42298833319104817;0
0.18552852366649453;0
0.18860711730750776;0
0.2943631949991543;0
0.28753543752771415;0
0.3418959694174436;1
0.2663754571847364;0
0.21331865703899208;1
0.4043989332813506;1
0.22939480032163387;0
0.21624046068630484;0
0.19114546197145582;0
0.25283408433164667;0
0.30835475596213474;1
0.2803848625148487;0
0.22614923747260549;0
0.2422191027319619;0
0.15863546430756462;0
0.20512568672430023;0
0.552282062720473;1
0.5530455489958214;1
0.6447924806044527;1
0.6569850525831784;1
0.27082642700395665;0
0.6023095899917897;0
0.19227376736258306;0
0.15986984946152252;0
0.1356654909454036;0
0.112402019676656;0
0.1540188883905377;0
0.25856227937070697;0
0.17543119481808528;0
0.14829584435943688;0
0.3735500017325104;0
0.262410674506079;0
0.6815509643981627;1
0.5527996172101146;1
0.5878916615508406;1
0.4857796392333657;1
0.6440199262928334;1
0.3131047898053628;0
0.2716252359037056;0
0.4909728793159888;0
0.15575177634763776;0
0.4123048579641009;0
0.6097700747975064;1
0.3310690112378189;0
0.5242022031425099;1
0.364442981742606;1
0.4149653084074655;1
0.4649507845138765;1
0.2101128229471166;0
0.5861380795469928;1
