pred;y01
0.060975579107545315;0
0.05997868152234712;0
0.5766385699173184;0
0.15184512172113643;0
0.16421177085300387;0
0.1417967833879354;0
0.6185522538155848;1
0.0975644592858601;0
0.10886033540182935;0
0.2929122596317643;0
0.5856038576214307;0
0.3546253416451634;0
0.2118328886344754;0
0.18067118581441838;1
0.1097561135308142;0
0.03658591402028533;0
0.07332821524133047;1
0.06097562052656245;0
0.6618448133793682;1
0.19445074515621796;0
0.036585365853658534;0
0.06092287196223181;0
0.04878048780487805;0
0.11333519075325588;1
0.467462832427178;0
0.012195121978855087;0
0.04878048780487805;0
0.5154817432894899;0
0.3766200378923263;0
0.09965170095887546;0
0.13333589007015342;1
0.06624813381697169;0
0.18019314853391039;0
0.22854769635628838;0
0.037797336389514116;1
0.10417616969149252;0
0.09079963946989268;0
0.08310255168751852;0
0.03658536585365925;0
0.04982342316037027;0
0.12187848007128424;0
0.8813371600198412;0
0.41175700042781027;1
0.13139570292328298;0
0.09219754290185604;0
0.024390243902439025;1
0.06727882911172067;1
0.18080804142492424;0
0.13112343809630772;0
0.14641747044125472;0
0.1454875286437946;0
0.10213650233530817;0
0.11489364502584207;0
0.12516545467373236;0
0.12604371898727285;1
0.18004703625570373;0
0.31471000631247137;0
0.07317195623883213;0
0.6537521570836593;1
0.05062800404288949;0
0.47613074168490466;0
0.19830584774653512;0
0.08708648233836512;0
0.2024186943484454;0
0.17704219255484868;0
0.31035462249387663;0
0.7777684963820244;1
0.6083921350962256;0
0.21163901128995702;0
0.08887711397885684;0
0.1636117365424045;0
0.1326018918273909;0
0.08724700160980947;0
0.3031446333502365;0
0.12624719315312863;0
0.10126129426817189;0
0.08968580650947199;0
0.31234203514447395;0
0.048780487804880326;0
0.09904376674898298;0
0.16623084712228092;0
0.31383846734414245;0
0.09871867839411189;0
0.18282374768647003;0
0.05928341909736833;0
0.08750007329969546;0
0.11405619297237594;0
0.12195121951219512;0
0.3895012983420467;0
0.10982626453048303;0
0.40402566333632045;0
0.2972176537307848;0
0.13212079769458884;0
0.0775293180237039;0
0.6340953496986318;0
0.07356482342317218;0
0.836568337299554;0
0.4455982964786194;0
0.08657582099576383;0
0.07531936470852069;0
0.7470098003245766;0
0.24255492165599443;0
0.35281465101624765;0
0.13334642368123695;0
0.1482573406602441;0
0.5953072565642272;0
0.270165756717787;0
0.4018747635486263;1
0.3491287086374552;0
0.09917766700263835;0
0.13414583745933495;0
0.1303096027024785;0
0.09086855746349846;0
0.0975609756097561;0
0.0828109629022192;0
0.12143325147014145;0
0.6897699407871044;0
0.07131614913921305;0
0.11576265628749638;0
0.6349052907411615;0
0.511845335975975;0
0.17852772995959232;1
0.4599253904991191;0
0.04706056825984034;1
0.3160423369003683;0
0.7425931194056412;1
0.0853658669235067;0
0.18325082983460328;0
0.21749812257611945;1
0.2613838000804701;0
0.7673684655907976;1
0.7196168989277133;1
0.05561430281474345;0
0.1798389153930078;0
0.07090997975194788;1
0.6677199176273663;1
0.06721554928665337;1
0.09756097495635929;0
0.5238136129241049;0
0.3635422596469507;0
0.07835787171948898;0
0.5077624945231385;0
0.11114244025349929;0
0.3062554248277997;0
0.1505669782628425;0
0.27707442726569814;0
0.5185819250922862;0
0.3082363761472132;1
0.46684234183529966;0
0.21596253282384487;1
0.30199326432879076;0
0.15907408892905683;0
0.15567124899018772;0
0.08538936405146405;0
0.35366540458685386;0
0.13986739844754645;0
0.14288444303079265;0
0.17771317790454844;0
0.314950150296714;1
0.7476863769365031;1
0.07317073425464544;0
0.5133316213851068;1
0.22260749136728095;1
0.0980012573618665;0
0.5523837864728952;0
0.6039790813451905;1
0.7953388002589852;1
0.21400319786213703;0
0.03684265772633048;0
0.0487804878160512;1
0.7901140381043956;0
0.35355535019323914;0
0.40165693361994426;0
0.04878900588700986;1
0.1626724325294892;0
0.8098270591353264;1
0.14050882893254066;0
0.14204328699605542;0
0.06297434750363325;1
0.4401675183728551;1
0.39983472614980575;0
0.06258381808774985;0
0.07775096479876069;0
0.12628610886986666;0
0.08397723071835395;0
0.712133812167336;0
0.07380529301778405;1
0.4730424232316327;0
0.23035784180297209;0
0.19683933504214704;0
0.08100628803338551;0
0.6923618734477249;0
0.14505735037012976;0
0.14580921183173134;0
0.2555653312313238;0
0.10350748754492474;0
0.7089739794347486;0
0.11150639047685978;0
0.13415099610682152;0
0.12879853230713667;0
0.10968919813185532;0
0.1754960484153662;0
0.12195285889495154;1
0.06102263498637811;0
0.13080393522389705;0
0.2178643598994836;1
0.29934707252271575;0
0.1096189529638908;0
0.04878048780487805;0
0.8708561309685969;1
0.286111711468487;0
0.4831813317725449;1
0.665899297899654;0
0.1947816905411744;1
0.63620984354843;1
0.6346333788249575;0
0.10369707277273643;0
0.06169285932747943;0
0.19929353968140107;0
0.7299560886531165;1
0.3882527692066875;0
0.33196148049756913;1
0.1298472050610039;0
0.09979164789069395;0
0.6606760954403642;1
0.059676020847061875;0
0.11598810184901188;0
0.24032143450046894;0
0.3184911977670068;1
0.06097567521481152;0
0.6200205505801537;1
0.12242742765362184;0
0.6011299132127768;0
0.11179732209796585;0
0.03658536585367878;0
0.10358052890577159;0
0.12083917841646281;0
0.6750422337807738;0
0.30687225549381447;0
0.048780487823922455;0
0.16734706076976277;0
0.13976034847427815;0
0.12559222261854025;0
0.09831073160905714;1
0.214229500324579;0
0.13408249241959241;0
0.13686241981204436;0
0.6745263045728016;1
0.09756097560975606;0
0.450249155328169;0
0.5097083125274285;0
0.20114516204223035;1
0.6005417293899102;0
0.17470325377600807;0
0.1646417278293502;0
0.04878048780487805;0
0.09707213623892988;0
0.11269006658188019;0
0.1901329518430667;0
0.06097560964032008;0
0.16768692782624253;0
0.03658536585365882;0
0.1263045538720653;0
0.22944307954216214;0
0.07130818690122262;0
0.0724029156794833;0
0.6219092956004307;1
0.7226818779929822;0
0.14760921136558644;0
0.18347895624523272;0
0.459189403867421;1
0.0753904012728873;0
0.04878048780783633;0
0.09604787632718087;0
0.71986427201218;0
0.09682797947549528;0
0.4935082879178983;0
0.024376567289748033;0
0.11145731323957118;0
0.06941839104344541;1
0.1335609415728079;0
0.7892647681974472;0
0.06097612242810527;1
0.6615192320058566;1
0.603537817994933;1
0.05824588533065855;0
0.15054488705931374;0
0.8402900656719788;0
0.18252899153983476;0
0.7005224699630395;0
0.12203450369284748;1
0.3380523319582472;1
0.060975610688480175;0
0.14477611621761508;0
0.17017364637729082;0
0.7378169148749998;0
0.674297361365244;1
0.2451019596952838;0
0.8010917699768859;0
0.1576106853491437;0
0.14568978746638028;1
0.644721777158394;1
0.6963842175373842;1
0.11152134273620419;1
0.8584052503705246;1
0.11615270408051626;0
0.13414634146341464;0
0.5207266436948349;1
0.2509189181994863;0
0.4645259653826477;1
0.17072941147074236;1
0.18828337030365438;0
0.13153785473712437;0
0.08536585365853622;0
0.13186761011082265;0
0.8086711305959793;1
0.03658536641217026;0
0.1598685134646395;0
0.34800822069454174;0
0.42509455016184117;0
0.11237353785923267;0
