pred;y01
0.14499281405262587;0
0.1493612025074077;0
0.11575069564292825;0
0.13355477406922406;0
0.3450043240159541;0
0.22481357967044027;0
0.20857360619611806;0
0.2330756203134644;0
0.337533629700396;1
0.13916639192315236;0
0.14883814935543993;0
0.23538703614888484;0
0.22675605286397923;1
0.2805255035824291;1
0.15975906191653302;0
0.2459800248926816;1
0.23412743806891512;0
0.32786988540353745;1
0.20393481522363477;1
0.144801460643048;0
0.14023974061804698;0
0.19537014390848645;0
0.17421025654983008;1
0.21397976094865365;1
0.11822833578324184;1
0.20896898444438464;1
0.20818332046933496;0
0.27126765579640655;0
0.3369720354545544;1
0.17716518774263265;1
0.23373366147829064;0
0.2418525167140253;0
0.21560506021114698;0
0.30643699512631817;0
0.311228948039283;0
0.3007096459016168;0
0.3301439319909164;1
0.28475749456007104;1
0.27884441227958134;1
0.2409708228107463;0
0.33854650038970435;0
0.1610352409525977;0
0.15848752418429538;0
0.17874907184683586;0
0.3310538881723454;1
0.316352902916061;1
0.3597330935437646;1
0.22227543385499524;0
0.3140871766385298;1
0.2428592223013003;1
0.2589767995571122;1
0.3327250364598982;0
0.24585611421436349;0
0.2710352553468983;0
0.2878554479792639;0
0.4334231234562472;0
0.3144731674986465;1
0.14592361802106552;0
0.2674998573364678;0
0.25311272571016985;1
0.39167040874953907;1
0.24894887451727948;0
0.17851682683767028;1
0.3082449436611334;0
0.16098542479474187;0
0.34986666444407455;0
0.20090960682626052;0
0.21063468104314897;0
0.20861015106904435;0
0.15108601150289142;0
0.14489978975312406;0
0.17064279708984942;0
0.1752728097643104;1
0.18432262194593826;0
0.32762917857685975;0
0.3195784685341997;1
0.23317536296964694;0
0.25738445006201527;0
0.3347180390808653;0
0.4665342142149849;1
0.22788769193913544;1
0.26434765438842633;0
0.49556151265036835;1
0.3070441714426052;1
0.28351213385266355;1
0.25344208292486425;1
0.32634560508359367;1
0.379235512068008;1
0.3770055846929333;1
0.25637241499070956;1
0.48735672054403417;1
0.25110496752144995;1
0.5685285885523969;1
0.2757293533637549;0
0.3707887373430988;0
0.5510703666752801;1
0.3982343355151492;0
0.33664484933211597;1
0.3171797927226642;1
0.3957833369507274;0
0.29835204919786856;1
0.39683474889772896;0
0.3479884664971625;1
0.27189255129582535;0
0.34180207600114004;1
0.524963224423991;0
0.32675934900873416;1
0.3913860973474377;1
0.2071176694443755;1
0.35582650491862694;0
0.440932062792761;0
0.3448163845935571;0
0.42135547675459717;0
0.2964588257427056;0
0.17025741123977384;0
0.1419808445846215;0
0.4789613107450321;1
0.2889769674970705;1
0.26092140658872426;0
0.30432040508067026;1
0.42002355434322686;1
0.3807019104897291;1
0.3472558118787997;1
0.31248911153676295;1
0.3291572487537559;0
0.3858490735960159;1
0.379590868431589;0
0.21863918300861282;1
0.2613967440353471;0
0.3574266052862923;1
0.16295601266582865;0
0.3887368671278625;1
0.3975402184297259;1
0.4057807431064505;1
0.39304770744715306;0
0.36766629837910714;0
0.15515974265508528;0
0.10550745361192113;0
0.13343745272102112;0
0.3395892584272766;1
0.2284761832537463;1
0.27066558988094147;0
0.20048691145783806;1
0.21664631760131683;1
0.176585762550156;0
0.2722625746357612;0
0.13992555456884065;0
0.3082113686792084;0
0.21517418286484935;0
0.3041110264586103;0
0.1762330541793911;0
0.30483135053268695;0
0.2189318494675449;0
0.2774903383542784;1
0.4615030981557168;0
0.4108011561347525;0
0.4064079907812131;0
0.2086742873595017;0
0.11153275623136272;0
0.1341013126015379;0
0.14317171274237642;0
0.20066105915435442;0
0.20646429282412884;0
0.4276824351415586;1
0.21622981494395874;0
0.3002492470272483;0
0.515314650416751;1
0.44260243132962834;1
0.4645671536647702;1
0.4043748376440298;0
0.4091566052675534;1
0.35436360173508474;1
0.4642042814948395;1
0.3708828655639705;0
0.4823909292986956;1
0.4478688518390607;1
0.5707864421757851;1
0.502498159261579;1
0.5211211107194473;1
0.45331872553871194;0
0.3684943636983987;0
0.45433258502607377;1
0.4301803228431966;1
0.5015140770652224;1
0.3950888856499312;1
0.30499997293389164;1
0.3271722113641655;1
0.46863535697346737;1
0.5772551501836275;1
0.5151818385933352;1
0.46249750819804614;1
0.4821713094902325;0
0.6456052191447513;1
0.4581423103009622;1
0.4626251670282058;0
0.38409537000370597;1
0.6950370137507518;1
0.8025468932533478;1
0.612263459159821;1
0.6124589689054261;0
0.5288783510088461;0
0.5115125048366583;1
0.6199728238629757;1
0.46685489648379247;1
0.6385287167581594;1
0.43756065998845584;0
0.35677965915156457;1
0.46909490872827964;1
0.27740755921425847;0
0.38991441995279247;0
0.2786404100075612;0
0.1629697899642601;0
0.1598096309466508;0
0.14643015787659527;0
0.16110845134864732;0
0.17449500305789928;0
0.16651037438682648;0
0.5498821461962016;1
0.2826980063100042;0
0.17485722400180248;0
0.21915436869857863;0
0.19005378272531068;1
0.39412197784673036;0
0.1911591904107798;0
0.2567076097505625;1
0.29924045595561755;0
0.27119973633290134;0
0.19001901587177045;0
0.15066311881814368;0
0.37557967330250314;1
0.17201944293028137;0
0.26071872090299403;1
0.24185963119099654;0
0.28191256267599124;0
0.2955075829600263;0
0.36634188652788674;1
0.23711047500472407;0
0.33534904747550776;0
0.3474001095279099;1
0.27534888485453457;0
0.16675576904213205;1
0.1431432350253335;0
0.09327861947577748;0
0.35309808221410105;0
0.35859273274973663;0
0.12005273632212136;0
0.2368064670326153;0
0.22311033956229329;0
0.1418082021814186;0
0.15945907101448084;0
0.2607322825432564;0
0.2046934295028498;0
0.10174231111522176;0
0.1164503698581971;0
0.2081084323870597;0
0.2609672852294484;0
0.15198469305645443;0
0.1288475494499612;0
0.19055067182815155;0
0.15259481699395624;0
0.14965258120500954;0
0.1213211701703288;0
0.15440892595817013;0
0.1639870781034167;0
0.1586889512347875;0
0.21134634300880512;0
0.10556850038166712;0
0.23767855163595084;0
0.2245685700014933;0
0.13454865461169266;0
0.2240138284804937;0
0.17201108585147698;0
0.12252906083411788;0
0.09543129132181923;1
0.22789007134228295;0
0.13722417405889545;0
0.14071990513525157;1
0.18183321048442305;0
0.2506480976641709;0
0.15158221136286798;0
0.30164550693485276;0
0.3663586422074418;0
0.2705334649487901;0
0.26075699701968974;0
0.2811511494184704;1
0.33200708742194;0
0.2934677555551396;0
0.36092410486297083;0
0.16816218443801878;0
0.13503515971152727;0
0.199111445538147;0
0.16441365816464545;0
0.21423363416432742;0
0.16691286789108345;0
0.3775019261615625;1
0.36889855140002514;1
0.12476821410292224;1
0.2150974404044852;0
0.16654455546971583;0
0.228618393331555;1
0.1735359707936002;1
0.12184688104360987;0
0.29807037942977926;0
0.1879911496574778;0
0.11675378301639192;0
0.14693935617792994;0
0.24423039245806835;0
0.1658329142360485;0
0.1979584558071932;0
0.31001127162394426;0
0.2527520781195023;1
0.30709030294982254;1
0.26276063724396054;0
0.2716934304862269;1
0.18262563922280506;1
0.1385344566592373;0
0.145685891840324;0
0.3061174295883201;1
0.14665310806363757;0
0.17922622888423131;1
0.30507000788837524;1
0.19247242748316312;1
0.2081357250367226;0
0.20092956050498942;0
0.235929679895244;0
0.21792143757154028;0
0.21948959741102012;0
0.17061882766747435;0
0.1927478692646407;0
0.3566187751279855;0
0.2701054350087395;0
0.15357767359999389;0
0.15891853796097052;0
0.23327870527552552;0
0.19007033799885945;0
0.19880154484901696;0
0.3367817218656559;0
0.20260479428196393;0
0.2609331903560258;0
0.18803805391162073;0
0.15073777052303888;0
0.19541082162993584;0
0.20067625050571217;0
0.13828646076278675;0
0.23529157422483357;0
0.1747037002145608;0
0.1387199672118394;0
0.18544561021429948;0
0.18276762089667845;0
0.2849021468507432;1
0.1288001293855511;0
0.13702946164542926;0
0.1743385350796694;0
0.20974834803586861;0
0.1577321833680671;0
0.23643234222740972;0
0.1320283237305965;0
0.17710767879397565;0
0.2715574411530335;0
0.12027134948141593;0
0.1920221709164647;0
0.12201793021072108;0
0.21227431543266193;1
0.1856083975899542;0
0.28325998080080855;0
0.2601282693409676;1
0.22301914633740846;0
0.14386817248077705;1
0.23651195826062194;1
0.16871544375629985;0
0.2662537279341087;0
0.12272678580879985;1
0.2744961611381701;1
0.14711620700283562;0
0.3495387181830829;0
0.15132303950848217;1
0.31834342787397535;0
0.4190288698819612;1
0.18820386802705097;0
0.17072883012841372;0
0.31644342026135264;1
0.4177295884340633;0
0.44292582055393925;0
0.24856951777807038;0
0.4838544828089606;1
0.6578068189517886;1
0.696059428186822;0
0.35360981861858287;0
0.6636518574547974;0
0.7147652876551194;0
0.6611881255520534;1
0.5867912606405036;0
0.7561840544002567;0
0.8101156530984487;0
0.6168388459456262;0
0.7546405462488505;0
0.5342350141969417;0
0.6125154462576823;0
0.5477758787214505;0
0.352269927399773;0
0.5058627872075168;0
0.39279796142823437;0
0.6346400333291424;0
0.6065251983571978;0
0.4683918301004583;0
0.6059690136415824;0
0.6534434635590975;0
0.5201485365042756;0
0.500449701347171;0
0.32610193553366684;0
0.2232479746617458;0
0.32270545962666863;0
0.30487060725005577;0
0.1414906016663187;0
0.2743510327859107;0
0.2939049711555437;0
0.3083469521366255;0
0.5656424802395186;1
0.1534798578405791;0
0.19268065139064378;0
0.31781240623497337;0
0.32056473929240226;0
0.40791818798957763;0
0.4129986331922776;0
0.3061250056480091;0
0.41798987653942377;0
0.2534577707793127;0
0.4594610841183491;0
0.48522420004924816;0
0.42629919478384254;0
0.39350109460643407;0
0.33821771033561265;0
0.39444612958133224;0
0.37409855391115837;0
0.41928182808905795;0
0.3496958301258106;0
0.5016730804029766;0
0.2370754304154531;0
0.359519918964248;0
0.092648144847045;0
0.15540303080355017;0
0.11767532959122125;0
0.1293347564783359;0
0.16356444676731863;0
0.11981672459577927;0
0.11537479004182857;0
0.14597831394751534;0
0.1258897510696437;0
0.12326598957382642;0
0.18640519099127428;0
0.14493926320003525;0
0.14852773026100805;0
0.21770955561374725;0
0.12934218928046032;0
0.152104320664863;0
0.22867274699776666;1
0.22871283212078367;0
0.22688139899052026;1
0.2437056815011913;0
0.13434662759742225;0
0.2008360723157957;0
0.08709733647352998;0
0.24792881335784542;0
0.1521855594590658;0
0.1490394956002222;0
0.30599970622197986;0
0.10708481384299771;0
0.13061598673047115;0
0.20726836383343775;0
0.14183189743208605;0
0.16962443810546285;0
0.26775169552858247;1
0.20896248706983434;0
0.24242073102116193;0
0.21047955867373502;0
0.26720975557825966;0
0.3439196055916351;1
0.1674216978902765;1
0.14648273515809693;0
0.3506527366077974;0
0.41897071061960295;0
0.09344877020909828;0
0.45704565375828066;1
0.24207645655523582;1
0.24043163055233055;1
0.2908700127071071;0
0.10626344726767661;0
0.09847538690513269;0
0.1234316466657486;0
0.201134537195309;1
0.18091945922303793;0
0.1666983439353674;0
0.17751421378414148;0
0.2158779820238939;1
0.132292543724922;0
0.13356433881437063;0
0.18750120268237802;0
0.1686746515842443;1
0.15016177738570868;0
0.1628258297692377;0
0.13222089666048364;0
0.19304686186430803;0
0.24825423382952314;1
0.1505042176580791;0
0.22899230267738382;0
0.2550715655202556;0
0.17148294338533301;0
0.22662526643517458;1
0.1693377250386251;0
0.3539925254588697;1
0.14953563344834253;0
0.11817847673329805;0
0.12621066651324267;0
0.297120873719007;1
0.24803462796889544;1
0.1236103271673599;0
0.24785845675777962;1
0.16671849907118222;0
0.8879593396900556;1
0.711223887194907;0
0.7898556432194106;1
0.7353935827890402;1
0.8389656417210372;1
0.7914691606934734;1
0.8086061493620154;1
0.7335531061792471;1
0.7696825867553891;1
0.788666860371916;1
0.7407904452397113;1
0.8203867569742073;1
0.7547898419285296;1
0.7763495547470616;1
0.8920302921566402;1
0.685907808696096;1
0.807195574343719;0
0.7868947760666204;1
0.8536293734409655;1
0.7515486012243702;1
0.8021521795167569;1
0.7888233645609413;1
0.5060421170709336;1
0.7159754626699626;1
0.8582458239673693;1
0.8992502818585129;1
0.8274858781638328;1
0.6791940096811495;1
0.8891962069431688;1
0.8904063251347346;1
0.7931619320606699;1
0.8559110702416711;1
0.7113310668461836;1
0.8188894637411093;1
0.5745612537506811;1
0.7802432640105226;1
0.7432110487654107;1
0.9020673005620907;1
0.9126694139221885;1
0.7702948650092241;1
0.7933884600606222;1
0.866956243984039;1
0.7934566076044691;1
0.7284267155768968;1
0.929925049670742;1
0.5744337058044372;1
0.8067751525841736;1
0.734792028962318;1
0.786291001086514;1
0.7154391536212613;1
0.778655832622228;1
0.7712416373706003;1
0.8676886743213151;1
0.7962882491034328;1
0.8291088019147448;1
0.7259126166547166;1
0.6093520282527307;1
0.6872340788666811;1
0.5455892792082823;1
0.8311234367986033;1
0.7683314650743444;1
0.6227331362763094;1
0.7832232425680588;1
0.7562405810492138;1
0.850652696601111;1
0.824428579147702;1
0.7246145473508228;1
0.7671535797267643;1
0.6419421171906072;1
0.7717063931756831;1
0.8450140547136541;1
0.5359550877239435;1
0.6912359583020582;1
0.8602700002715608;1
0.22950157040127878;0
0.24111069190781254;0
0.2730621504202193;0
0.1022408821664604;0
0.09880678986280471;0
0.22627746119606512;1
0.3230226099776576;0
0.16580909422675197;0
0.21927355188720046;0
0.17078535485665047;0
0.1839897049167715;0
0.10401741151243708;0
0.723646022790427;1
0.7188980236740622;1
0.8028146938450916;1
0.8270163717532298;1
0.5734534096615796;0
0.6488620286322336;0
0.6557227639046886;0
0.7602706637904209;0
0.6887316094565465;1
0.8298644488219731;0
0.7207677354135986;0
0.5643219320490422;0
0.7018680190181162;0
0.6992920696654568;0
0.7872963780558293;1
0.6624630294525972;0
0.8338412221099395;1
0.9181464382551503;1
0.7522027224332861;1
0.8556133457468124;1
0.7617577912238889;1
0.7586804484004153;1
0.685001994622828;1
0.9216966082155532;1
0.8533683519164611;1
0.8032555607156966;1
0.5967326694241005;1
0.6722389640413593;1
0.5142011450559638;1
0.8831800167955889;1
0.8785480790622688;1
0.7399769580713664;1
0.7477711640849961;0
0.8653973121576392;1
0.6988238365025243;0
0.8279554791899989;1
0.644913306121689;1
0.23740073939884695;1
0.1270778979163689;0
0.308956040773388;0
0.2306816069223794;0
0.29952764388134917;0
0.24625148641912414;0
0.35279777923984057;1
0.16754513722659342;0
0.1475473658940627;0
0.1660409780109375;0
0.32675037877223767;1
0.16192598514357576;0
0.10491575189763341;0
0.10777904457274087;0
0.23756212872014623;0
0.13456684050988074;0
0.15166205645244424;0
0.18096900545250214;0
0.20944337123556828;0
0.18218775175271346;0
0.22301085375577742;0
0.23792944922224335;0
0.34184506423557987;0
0.5817657484691319;1
0.44286619467080873;1
0.5015619598568882;1
0.3817127672529766;0
0.32661962566576686;0
0.32283576526044305;1
0.4768865095294549;1
0.29416450953717077;0
0.4811119840822975;1
0.36861837564029093;1
0.28458010140309237;0
0.45696627449846033;0
0.3351544886924008;1
0.20839050832830347;0
0.4587779808187334;1
0.4302005825947659;1
0.14919505256828067;1
0.4034913009298752;1
0.38101775941479826;0
0.2976681972831898;1
0.2762638201430358;0
0.33827264592236755;0
0.3794978136837894;1
0.3223768597746662;0
0.29572012344307236;0
0.3137311181370149;0
0.3236810008593362;0
0.22668308022744627;0
0.4425090844490928;0
0.269691617257494;0
0.3763760446997082;1
0.4186141468454423;0
0.3630879578448701;1
0.3291817618598481;1
0.4276193961059415;1
0.4541335635342001;1
0.4659226384396928;1
0.5994926294540384;1
0.2994592587583008;1
0.43815904553647256;1
0.32958076468795156;0
0.4067018998016539;1
0.2951054913617683;1
0.44944357900346926;0
0.3552552864152473;1
0.3515442099682696;0
0.32355505540360563;0
0.3241997985935074;0
0.38255655572874775;1
0.2707189740630758;0
0.5473540591517346;1
0.5004395827014371;1
0.5066014810476254;1
0.42829530086521017;1
0.37876868957209203;1
0.3815142516079555;0
0.44755665857528365;0
0.5691024705543978;1
0.4921503321718794;1
0.34890549076281496;0
0.27103319039047846;0
0.4500666270662574;0
0.46033611398767593;1
0.4198015054745515;0
0.35170397932933634;0
0.33073006986270603;1
0.32504523632659477;0
0.2870092818925772;0
0.3107880975903354;0
0.38430854443262863;0
0.4109195230472426;0
0.5006264711676502;0
0.3578879296641721;0
0.39679624047759504;0
0.38693212196452514;0
0.4335181346320023;1
0.24088977052267185;0
0.31894615957875816;0
0.3491554889795305;0
0.44261867515612735;0
0.4333830428215925;0
0.39538253956272607;0
0.3460474328793542;0
0.26722895280763015;0
0.27827121753082473;0
0.3134887699114498;1
0.4463346177953761;1
0.24098263775010634;0
0.28606412897015315;0
0.34338829226825074;0
0.25345784364639434;0
0.4422768807990616;1
0.385978643425871;1
0.38017588496450855;0
0.2975521595875688;0
0.5259897887442855;1
0.4169550556141543;0
0.2857809277194308;1
0.31407768429347627;1
0.28655856247775263;0
0.3268222724551362;0
0.45772111603603466;1
0.31737361270151454;0
0.29451234178457003;0
0.3159275479320437;1
0.38139459700835393;0
0.33213342288647185;0
0.3892514252946288;0
0.2606548009168282;0
0.3649103034224467;1
0.37492615830343695;0
0.34505538637184335;1
0.371415552557526;0
0.2715115430586647;0
0.10932163867908697;0
0.3216649258031838;0
0.15958191956378884;0
0.1280629286187875;0
0.2384096647238851;0
0.25026825443815137;0
0.22636040890509396;0
0.3553082623358807;0
0.22811573994738507;1
0.44472535352208264;0
0.20296501789113122;0
0.3770336063830747;1
0.16789796045294852;0
0.22132909649483887;0
0.1537693069900925;0
0.14174556150215037;0
0.2978377453177804;1
0.13651651161098788;0
0.1148372833641287;0
0.2993880434075509;1
0.2567998021687926;0
0.27787335066651175;1
0.27642115607693934;1
0.290981919295508;0
0.2569522723244172;1
0.3045534451873361;0
0.23320581636931395;0
0.38652450749123113;0
0.13360930524743525;0
0.2558958717555498;0
0.26428461204033277;0
0.22942440187064134;1
0.17526825615984137;0
0.18059244604564686;0
0.4360376585790907;1
0.2555916177786945;0
0.19989186709991347;0
0.34112395061235884;0
0.2550627668302628;0
0.44058556776170316;0
0.16724226965988562;0
0.14363601610638757;0
0.13590779178679283;1
0.27475624276189897;0
0.14624537009411828;0
0.2816535385035264;1
0.5555481478875458;1
0.2249548080591829;0
0.16661955392622185;1
0.26420377857777655;1
0.21974473105843512;0
0.2831413972491442;1
0.25234325358078896;0
0.5902009964719183;1
0.3085329317402855;1
0.5846596923132277;1
0.5898654973207069;1
0.31765761234590184;1
0.44071690726150087;1
0.36031632614183434;0
0.4987828550236019;0
0.28018893597528444;0
0.3088310259781853;0
0.3711745457256284;1
0.5988122663843971;1
0.5913969111662621;1
0.5619579766391284;1
0.620313561111216;0
0.2094901785617496;0
0.4291488236241175;1
0.4677129624377265;1
0.4527457405257224;1
0.5759474225580054;1
0.311349567928046;1
0.3803564511743665;0
0.5496790368486756;1
0.3297305505607529;0
0.31186553547011137;0
0.320008424343338;0
0.4988341260672409;1
0.3925543724492894;0
0.3238940343466953;0
0.7302444492477913;1
0.26323128822157416;0
0.6337170286782662;1
0.32070376498864656;0
0.38878999068285003;0
0.3672670937062581;0
0.5387046421434839;1
0.4111065502576091;0
0.4390119558522594;0
0.25079828305924173;0
0.329852683582847;0
0.3464664346024909;0
0.4282894811456037;0
0.46697263681082596;1
0.7032893156322029;1
0.24838233705532672;0
0.21498362789141295;0
0.4265229092074928;0
0.6279588045797548;1
0.4041391341538024;1
0.411700323427832;1
0.4464620049851953;0
0.37913798400160453;0
0.4009461095640943;0
0.4156363576360495;1
0.4250495741940784;0
0.41330019613217944;0
0.3596211798347577;0
0.3233040459127392;0
0.5138989697955412;1
0.3663408836509786;0
0.5565330762068182;0
0.31401616844909125;0
0.3931143627007478;0
0.38066429112213973;0
0.2280555618980453;0
0.2917853883429696;1
0.6136402278571109;1
0.40926558930989243;0
0.43714271827694956;0
0.46897164187657486;0
0.42227576459886856;1
0.6726918683515761;1
0.49877169819724515;1
0.4190937069864355;1
0.5134681694832762;1
0.5167183559843638;0
0.90236090653608;1
0.256066547511971;0
0.29165064730210827;0
0.4608229573930275;0
0.3314856193785274;0
0.3873179893929382;0
0.5517433462622513;1
0.4718135215106657;1
0.43555172603986975;0
0.4471215420786427;1
0.20306638623285936;0
0.45191908202466946;0
0.5350342606514149;1
0.6333693391999436;0
0.6095663100788132;1
0.4255201811199691;0
0.3709246131060377;1
0.5476139402940146;0
0.32990216709049064;0
0.5332216127681233;1
0.44844951016621315;0
0.47524725614772034;1
0.5169180633877322;1
0.40647959430452046;1
0.2730219887391911;1
0.6300255157802632;1
0.5354067017803827;1
0.32446895582390095;0
0.42199082826427115;1
0.302972419976744;1
0.41286313395037644;1
0.14920371781292946;1
0.5484632733031973;1
0.19637965490779538;0
0.3814808846318744;1
0.2824798900362073;1
0.2606149306770651;1
0.3418963142912021;1
0.2864736387261145;1
0.32353113234354447;1
0.32318738863451907;1
0.24715842146404252;1
0.2218432382028725;1
0.11541950391898925;0
0.1677973035837476;0
0.11834566869132944;0
0.21111058759597004;0
0.20550141414236905;0
0.17451768511754825;0
0.1281366426053127;0
0.09302584584920964;0
0.22563921810095727;0
0.255350113324367;0
0.1048538556919202;0
0.16443872129302384;0
0.33662347495819533;0
0.14173149480425903;0
0.22612315516681436;0
0.22231662149293144;0
0.11379355310956142;0
0.23630292761795577;0
0.2779357801158778;0
0.17535740724756518;0
0.3949461844398958;0
0.3547668034328371;0
0.5597157342345599;0
0.2933422296584763;0
0.45303855866924964;0
0.5553040603876995;0
0.38885145279420524;0
0.13421852286121197;0
0.2784015259987018;0
0.5957667704757191;0
0.5272250604808404;0
0.3353863484239796;0
0.5208341207322265;0
0.5874163747616764;0
0.621150894279138;0
0.7418153441949712;0
0.5414692368084746;0
0.5674017448144261;0
0.3271048379672132;0
0.5973915564734003;0
0.6027547839466059;0
0.6275499280538281;1
0.7470803499639694;1
0.33056260609009674;0
0.49595966058117846;0
0.43267395312849105;0
0.26572166119787693;0
0.42782413599468955;0
0.3538020736693894;0
0.4630780239323917;0
0.22180693416454245;0
0.6943762151072554;0
0.5224282955516572;0
0.3396223918516149;0
0.49718834327413924;0
0.4805482860937479;0
0.5502946850353215;0
0.14651914611581657;0
0.7793526508443094;1
0.675137309388608;1
0.6886824837579539;1
0.4880473832895099;0
0.7206317145923208;1
0.4378367238235238;0
0.38495499599671107;1
0.6477872867830899;1
0.18618230584684278;0
0.6221038337456232;0
0.519221440862563;0
0.6725215922500132;0
0.5910894748944112;0
0.6072866752744713;0
0.6077391956837795;0
0.7392074364198701;0
0.34830245987288566;0
0.2341978961624821;0
0.4052551822224745;0
0.3259048050040135;0
0.3946446797862428;1
0.3654401686227286;0
0.3894729096409488;0
0.2272696552462481;0
0.25360308259188946;0
0.31542314042726444;0
0.3863913808058107;0
0.40358869345583337;0
0.38940517289634285;0
0.40988993668095336;0
0.322674800404053;0
0.7813269428049364;1
0.831840043979943;1
0.6859580873096073;1
0.8154880875284749;1
0.7526571662068018;1
0.5758204123921883;1
0.736204634677515;1
0.8089433506312144;1
0.6963449749059848;1
0.8745387802723799;1
0.8556549145787207;1
0.728828032385654;1
0.772812463210557;1
0.809972942620293;1
0.913203529934224;1
0.8146163323043121;1
0.6652320620442208;1
0.710636039539899;0
0.756220388980974;1
0.22529096659205072;1
0.8269045034156628;1
0.7865879578815853;1
0.7217395627159018;1
0.7271979768432862;1
0.7073380227027595;1
0.8594564116099311;1
0.8974398710259394;1
0.8624321355291552;1
0.9360450772130281;1
0.5969712319331113;1
0.8862180484231154;1
0.8749474723669273;1
0.678039201668873;1
0.774556452006064;1
0.8708878808197956;1
0.8718304069149168;1
0.7844145834983415;1
0.6255164562946872;1
0.715008707818184;1
0.8036859944870312;1
0.8079024233346774;1
0.7018772603434733;1
0.8513875447533319;1
0.8746676780435577;1
0.5487570339065778;1
0.8177953609677547;1
0.7700172345441963;1
0.8445109093815782;1
0.9379715432967545;1
0.8564033611325602;1
0.6022905828336963;1
0.8794284460877647;1
0.7540268686919118;1
0.8623029644647716;1
0.8079306266925617;1
0.9261854803941227;1
0.8608958557412967;1
0.725649667128333;1
0.797440174412216;1
0.7365103831596701;1
0.6439666286609957;1
0.8463186508503042;1
0.7567106501110569;1
0.7964609565019506;1
0.737619985778626;1
0.6942260212986402;1
0.8433057612375929;1
0.8803588263947626;1
0.8894614885793245;1
0.8500205932046659;1
0.8219436173084513;1
0.8988152602867844;1
0.7666034484259591;1
0.8178715684369391;1
0.8116285413206942;1
0.8036360154549945;1
0.7846679149038098;0
0.8647282108626302;0
0.8755518803790112;1
0.7194532725968606;0
0.7652763102860018;1
0.7362466111919781;1
0.8683143613456915;1
0.8165304292470544;1
0.8159116323551038;1
0.7009774828976618;1
0.79833097586895;1
0.8516882358025779;1
0.8646818259268239;1
0.7675212012931872;1
0.9041731231663519;1
0.76663166036096;1
0.6784523867412063;1
0.7387846168860064;1
0.8423218232500413;1
0.13808856577005565;0
0.2042028189130512;0
0.17786707333137763;1
0.15795797577630996;0
0.17707548757200672;0
0.39456381071145685;1
0.20576774550932886;0
0.2427129553505406;1
0.22266121233020086;0
0.09868766592628789;0
0.1236233476775231;0
0.1329896024898473;0
0.3111097634322709;1
0.30107049001565755;0
0.10861880629361714;0
0.09760817701084407;0
0.12812398939334332;0
0.24836973338866247;0
0.1762528824106779;0
0.2618308565720746;1
0.11186067558203203;0
0.2377711337704482;0
0.12852589653161112;0
0.11299354194583654;1
0.13222939239001688;0
0.19320960804676496;0
0.1190906626497543;0
0.12110589161734826;0
0.10670104978548471;0
0.10272895490727543;0
0.3024919339812597;0
0.20349258568844855;1
0.14795220666735745;0
0.14900428392117473;0
0.12325814005791973;1
0.2087802719549627;1
0.1459304952339593;0
0.18220486129610505;0
0.13359561971481887;0
0.7863825931057894;1
0.4847818413412203;0
0.7219809664426655;0
0.4204634031950697;0
0.6548201772358122;1
0.8390076053812597;1
0.8751326525533848;1
0.5343947139221318;1
0.8191726778426798;1
0.7100832201323457;0
0.828656927146031;1
0.8846616581030466;1
0.7913583615093821;0
0.8767904838772215;0
0.8365890749184568;0
0.8063500586549461;1
0.37122154518256134;1
0.8249333814763864;1
0.7643397840645737;1
0.8323837151332826;1
0.772098362627576;1
0.6421405566887003;1
0.8450795188440243;1
0.8343830974694199;0
0.6853469548941796;1
0.7270227976588884;1
0.5401119443287276;1
0.8171217942926742;1
0.4273910458067942;0
0.8458093804955003;0
0.5169687488800994;1
0.7956558869973572;1
0.7474491670375277;1
0.5522613480828185;0
0.7857884402081742;1
0.699192011718642;1
0.7207616894552573;1
0.7412582536754327;1
0.8779772599948479;1
0.7573295421391112;1
0.4998188660768055;1
0.21671475928838432;0
0.4128565983982715;1
0.3566062815667741;0
0.37038706642531616;0
0.3824148140133113;0
0.49055086495950734;0
0.11553689685343659;0
0.21797695958271265;0
0.26096523779358355;0
0.2154914221121493;0
0.16184521637852203;0
0.24346886158135952;0
0.19378440349915446;0
0.16783040520848938;0
0.20925963802300265;0
0.5468627069907279;0
0.28310040515155815;0
0.29477948173574114;0
0.32390409147958704;0
0.2156303648335752;0
0.311388667271394;0
0.2641355067741788;0
0.4330116841562166;0
0.37615903656630184;0
0.27454021870194406;0
0.43697430714656327;1
0.34937598884002175;0
0.18848124206682004;0
0.1653984522863554;0
0.11550974045097191;0
0.33839898083620673;1
0.385244731023748;0
0.3111666930735207;0
0.33310903974069367;1
0.46133495432356797;1
0.38616671045303574;0
0.23083614544643896;1
0.3319524633000472;1
0.2040632768770733;0
0.26456818512429797;0
0.24457971905449777;0
0.12828469761081557;0
0.1904967725598243;0
0.20372743873499474;0
0.26381931906441614;0
0.1834335488496388;0
0.3167823508652387;0
0.3117681873806858;0
0.2776564892395597;0
0.20495145397184655;1
0.5294946717913573;1
0.22104022543989627;0
0.2762928795153602;1
0.3098228867879058;1
0.23951169033211386;0
0.3331155454290041;0
0.25333170187316995;0
0.21663086068180007;0
0.32498601460701326;0
0.21930016616441006;0
0.252521353018545;0
0.24687131350759464;0
0.25822132117938984;0
0.2479201478431172;0
0.3118587566067412;0
0.2489221265842155;0
0.332946489016269;0
0.1443519684894439;0
0.3383260374723884;0
0.19675483798306947;0
0.2899993330025323;1
0.41544599055554976;0
0.19873290839309954;0
0.2582296227717125;0
0.23332550583103143;0
0.13928074346378402;0
0.19357180561996937;0
0.0841536849741205;0
0.10069866593721157;0
0.3773412518974934;1
0.2589403690000976;1
0.19804822360242086;0
0.21554193808627178;1
0.19503053743994006;0
0.4839942428557159;0
0.37172533590820944;0
0.2946057152742981;0
0.14820726867125014;0
0.1806534894615273;0
0.14848255596095128;0
0.524118940929302;1
0.7308259201215753;1
0.730707383473802;0
0.7514368952818568;1
0.7292459138733552;1
0.80029411337072;1
0.816372005429666;0
0.4812657848713473;0
0.6914145734751508;1
0.7869531828600866;1
0.8582863000377932;1
0.6669909207796052;1
0.6266902873630135;1
0.7932305360661809;1
0.7224921302778703;1
0.7163546556863852;1
0.678122990797671;0
0.8267994405049699;1
0.6879425799709012;1
0.8946255957730246;1
0.8209005144611298;1
0.7424447048178345;1
0.8604499444261215;1
0.5161379883131113;1
0.9274674401966099;1
0.8661990578808263;1
0.7058993187700959;1
0.7028239859174924;1
0.7109296055869483;1
0.8711943456848559;1
0.8097205007991101;1
0.7840159150727032;1
0.7655724170501487;1
0.5681003478129324;1
0.7433090273839791;1
0.5656782339217515;1
0.8779136246650868;1
0.8250888162253148;0
0.9181353538531003;1
0.8561308068207983;0
0.914929486486639;1
0.6894761983947535;1
0.8465172395217738;1
0.5615240492502492;1
0.8105231552743689;1
0.7209583140158451;1
0.8330486451336189;1
0.7468958503394978;1
0.5291077008167929;1
0.7960442267367068;1
0.3714096654522507;0
0.3161296757132124;0
0.5356354065920672;0
0.28184295247132507;0
0.27485736135327554;0
0.3328381972606537;0
0.37628557655383343;0
0.4537772101163594;0
0.6106051656236714;0
0.6606145175824825;1
0.5426911856197887;0
0.8033939912917484;0
0.6678781459295569;0
0.298348032880936;0
0.2564496502055065;0
0.22927639182391155;0
0.2789584894854874;0
0.5231547245706732;0
0.13024930441207716;0
0.09849849233330174;0
0.43601902107207924;0
0.1688592140922404;0
0.182995147739263;0
0.48495222376631875;1
0.4903403896182658;1
0.2303843347906371;0
0.3396536116377782;0
0.3392710627882015;0
0.2849850459706125;0
0.2860024937547225;0
0.447668856047695;1
0.2941124748336403;0
0.1976217067719956;0
0.36147244816332114;0
0.2969982006345057;0
0.27035016597001443;0
0.45037400837562136;1
0.2519685288842928;0
0.36550403180538477;0
0.43666833012957945;0
0.49600392073234;1
0.4481723460632846;1
0.4591476608299796;0
0.16569519057911958;1
0.11200452343678406;0
0.14383362329411434;0
0.0926055004234876;0
0.20559336007547677;1
0.14603136679369005;0
0.18133024593913918;0
0.12323139357081066;0
0.3608516084817333;0
0.17566507319331687;0
0.24145628966178306;0
0.261774707717844;0
0.3183216847672177;1
0.3858154552218184;0
0.2663350189362551;0
0.20832912500022058;0
0.2726386924910342;0
0.39089538545559277;0
0.32511573336461397;0
0.16680234366679286;0
0.2040281021846585;0
0.27647317503027696;0
0.3054933058430179;0
0.31554982912626395;0
0.15240619058766133;0
0.16089241958379244;0
0.2617804220788142;0
0.4518349477673987;0
0.1803848840551367;0
0.1601720077797669;0
0.45862162924812894;0
0.807656052717303;1
0.7094054772232332;0
0.8477714246221855;1
0.6883535381075555;0
0.8522528562369903;0
0.44617561084934226;0
0.3894423480069667;0
0.33836571820332695;0
0.7481042907458321;1
0.5849472181937;1
0.7000100430528229;1
0.8128000248823652;1
0.8311127354847758;1
0.751750368697121;1
0.802752849966457;1
0.87709255800987;1
0.8503714486082481;1
0.7073560884045375;1
0.8294431622861717;1
0.8622180982179879;1
0.3252887906254816;0
0.6511646548881;1
0.7972721569032112;1
0.8038582876584479;1
0.6721369701740377;1
0.5421180719714671;1
0.8285390339440902;1
0.7687026110594397;1
0.19260218570078858;0
0.326708130582627;0
0.16523999730061267;0
0.3499479979007588;0
0.16483562403723043;1
0.2106172485781866;0
0.2672449478118222;0
0.18061730483914953;0
0.20664364550252104;0
0.22797247731550066;0
0.24419224060546318;0
0.20163433244394807;0
0.4930931708174155;1
0.25122635449634945;0
0.2508437551544505;0
0.09012750083371601;0
0.2017677169760076;0
0.2701342601114857;0
0.2084158659648999;0
0.41715109714379317;0
0.3618645031764986;0
0.39641752834716537;0
0.19211561457899232;1
0.10774747242468122;0
0.20322186677824916;0
0.2644045317932795;0
0.12530218153914804;0
0.17922341255287752;0
0.45871866374824516;0
0.1918957650345907;0
0.20712678598559783;0
0.23287843908292255;0
0.15826157611895464;0
0.21112796769867917;0
0.09724266676559011;0
0.15725024840147012;0
0.11078970068167648;0
0.17804118924518839;0
0.19163197332957316;0
0.37142167887479105;0
0.22603510080195885;0
0.16531713544302426;0
0.2491243071574117;0
0.3254998289035151;0
0.3104954025853307;0
0.3272387225428823;0
0.21474624752726068;0
0.16370953035967561;0
0.22517195620453945;0
0.12641909702674972;0
0.11864120672500804;0
0.1436177299932839;0
0.09392938018854895;0
0.1539496405940853;0
0.21525215375478776;0
0.2198425525054682;0
0.21250191866363724;0
0.18129852071717065;0
0.21474062194149568;0
0.27806529094288157;0
0.220051275143953;0
0.2228585116821364;0
0.27323177313733554;0
0.26045861638208556;0
0.31631213286113685;0
0.41143642350376247;0
0.1602754582562009;0
0.19832241005655302;0
0.35038242437488903;0
0.3001132058266051;1
0.16655656719939363;0
0.41774637356902994;0
0.25786458862158756;1
0.19982631744615528;1
0.828066269909934;1
0.8173180184992618;1
0.41628751803918856;1
0.45051772520431005;0
0.6508943087226211;0
0.6234545632426063;1
0.379453783649772;0
0.3512744737095715;0
0.14990794915382058;0
0.18764478226338768;0
0.22537163273274438;0
0.4202956820366612;0
0.3516678514521442;1
0.12468803615547447;0
0.2362451440637998;0
0.4885086013510196;0
0.48746763639472873;0
0.17043656231199655;0
0.36622496299767593;1
0.34242744086202614;0
0.1324644635508225;0
0.3401182292671985;0
0.2786101851570367;0
0.16103146914024102;0
0.16691927852145935;0
0.3728918947836281;0
0.23344153167459986;0
0.2685568972751991;0
0.41745970314006087;1
0.35267746654324156;1
0.40964474042978816;1
0.3442757908258299;1
0.4270863613420622;1
0.2736080471481053;0
0.2820276161949645;0
0.25036906986670987;0
0.13246266431695833;0
0.14535753206215474;0
0.3877831467567267;0
0.2513238016127556;0
0.4318469864139958;0
0.27275245561359224;0
0.41133224516177325;0
0.4354099625362881;0
0.30408807340368693;0
0.40655789077132704;0
0.23118664852388862;0
0.18928678019017403;0
0.4600818945799561;0
0.3419955560949176;0
0.2779270577117948;0
0.37606810616798586;0
0.2974874476641444;0
0.5492137887740762;0
0.3447906088346722;0
0.250518690797395;0
0.2690655081921061;0
0.3728814380271043;0
0.29154584942116485;0
0.15886514126208295;0
0.30546166014384935;0
0.19290474153771503;0
0.34405964541992784;0
0.4042527736690538;0
0.2887250234818884;0
0.35296296119216297;0
0.24300476776015398;0
0.4546559867035881;0
0.3127265810344917;0
0.24076812708379056;0
0.4401394110918788;1
0.3801540721235729;1
0.4165399314159924;1
0.5754383217344476;1
0.5479667877604926;1
0.3541780738766724;1
0.44322114293146736;1
0.4257085075730165;0
0.3424129006967855;0
0.41847034258837623;0
0.48307500513585194;0
0.42514385660265186;1
0.35036777126187507;1
0.5116414589933836;1
0.3949417673731405;0
0.6238284653369809;1
0.3394133622465961;1
0.39924404265598346;0
0.32188917777882;1
0.3978572390765959;1
0.4329782555423506;1
0.5316025010706766;1
0.33213109765657506;0
0.41839503832671665;1
0.3736476583760777;0
0.23092196023581021;0
0.4092543317877191;1
0.365612048301886;1
0.35658400010966607;0
0.34305900031211806;1
0.34297653053870913;0
0.3369743076800531;0
0.3096704045278807;0
0.3690371462567479;0
0.3134453690942205;0
0.22537820052098592;0
0.2119057539576949;0
0.19394764410285836;0
0.3705508476666036;0
0.46021742531846366;0
0.39506801948168274;0
0.39287036461051833;1
0.49713962509136234;1
0.4119608751124353;0
0.24452117238088533;0
0.20390608003111707;0
0.144135498167304;0
0.15418464231670714;0
0.1567162647376273;0
0.26627735017030046;0
0.27515180551813545;0
0.3186811438150922;0
0.2588145435053374;0
0.15454148318865452;0
0.22584275962765854;0
0.3620470827317693;0
0.19756688358971555;0
0.2409381728725513;0
0.26984215238121617;0
0.7406480389912267;1
0.3447368807868216;0
0.36812856914083264;1
0.2516417595244314;0
0.13510687330343113;0
0.17189223974530798;0
0.37048965711644843;0
0.2014771045289697;0
0.1450253554394843;0
0.18024262573539587;0
0.1892446955769593;0
0.15185283390085663;0
0.18820316945365737;0
0.179983472193989;0
0.1396203331204077;0
0.1743821050616411;1
0.11701494969097176;0
0.0980454168873229;0
0.12749001007944954;0
0.12083301242406129;0
0.14307941535145685;0
0.1947535837704815;0
0.2109859838281126;0
0.23458590725261877;0
0.2371544600214991;0
0.16076223916723859;0
0.16355117807692532;0
0.12960196751516742;0
0.17043215275068807;0
0.19768307317396772;1
0.1286556250500194;0
0.2692691122066451;1
0.1427444778842837;0
0.3448642140364654;1
0.19770946646407186;0
0.16713560081912704;0
0.4005639892750091;1
0.24313559926952505;0
0.33927407961574246;1
0.32769758775878066;1
0.1824997388917586;0
0.19739984404126804;0
0.45591604378487427;0
0.5520939161903167;0
0.6316096064954918;0
0.30692998447732783;0
0.2053280084525448;1
0.3278926413933618;0
0.2528219880999374;0
0.4735694223544359;1
0.18285985201897925;0
0.3642234329222211;1
0.5019384272768254;1
0.2955484523769776;0
0.22164072431867468;1
0.3631997114267298;1
0.2802787719830244;0
0.24095188247385108;0
0.5180168676639342;1
0.3215285177188389;1
0.3555570284358713;1
0.3699117216364178;1
0.21234841480354574;0
0.09645504557170832;0
0.20900512055054032;0
0.1492115263850282;0
0.27901366154592255;1
0.34472336386088626;0
0.5688931512566554;1
0.2124479796991686;1
0.17846417827127156;0
0.17886497641149543;0
0.28520306572212295;1
0.27266076087578534;1
0.3086487951714387;0
0.3631501822191315;0
0.47467959987592634;1
0.16109206194819467;1
0.18233474829594115;1
0.3115324363221263;1
0.15248084091649636;0
0.18507038200249729;0
0.21917692055249427;0
0.1804687377184217;0
0.2403246015922157;0
0.12421079783856336;0
0.45790145085744755;1
0.47239238043941745;0
0.4114053232398622;0
0.508393539566642;0
0.1299768919481696;0
0.29213592844644226;0
0.20063959720616564;0
0.20308752923743031;0
0.22124052556311521;0
0.36802355114118485;1
0.20184713915931896;0
0.1637043387636526;1
0.3272135861709543;0
0.3429441149666366;0
0.09120151881407894;0
0.17121330911273752;0
0.13427989180967487;0
0.20839570509828614;0
0.1863765837393932;0
0.18563775003251395;0
0.1646569766258713;1
0.2762469174260254;1
0.15601289777759694;0
0.20918726248926034;1
0.13445840522386818;1
0.13030183146072905;0
0.2118197886682952;0
0.30540202887107165;1
0.26120356755873053;1
0.2736639408605828;0
0.16630617320497432;0
0.16382533299834262;1
0.3124624751818188;0
0.23805160704195638;0
0.250395025914507;0
0.3090116063560137;1
0.2839074690636847;0
0.23020096987505123;1
0.167733967065508;0
0.172967789842345;0
0.3865441972796125;1
0.17985632705762383;1
0.25559958142136724;0
0.19767986651706787;0
0.18145091519195478;0
0.16189729401352382;0
0.23608154583519728;1
0.22818359345861092;1
0.10903679770111416;0
0.2819417480835185;0
0.28837604893663876;0
0.31933182260080584;0
0.3767893204734714;1
0.3580498620918038;0
0.1309018661048742;0
0.6008065490739025;1
0.2192836311727994;0
0.17730018981500595;0
0.11862969657522346;0
0.16909415071934705;1
0.5626821653643682;1
0.123231119355776;0
0.31230967843991636;0
0.3167493668390587;0
0.2002513946707251;0
0.14216065799438307;0
0.2809427831937836;0
0.4292935083738672;1
0.23113399023497075;0
0.24060345845505704;0
0.212175285574338;0
0.3409992128661167;0
0.34769806313498125;0
0.34670837058138426;1
0.17532825064848223;0
0.1303681649900802;0
0.20488341032881816;0
0.22939483789069268;0
0.3176533084120427;1
0.2324171145265684;0
0.33574012509213635;0
0.37861338459030863;0
0.2511940591413671;0
0.20414378816909293;0
0.3767652296302606;0
0.17384800644591475;0
0.1441117795639785;0
0.3304161112704824;0
0.26650472563685984;1
0.13149619852445502;0
0.49944658733835134;0
0.18326235498561472;0
0.25810593779247326;0
0.22554139811909102;0
0.22191242110854817;0
0.45672925720556634;1
0.31111265968545254;1
0.13952690462101036;1
0.35789217912042526;0
0.325359161328045;0
0.1843584218610718;1
0.4633551922640188;1
0.408865245200383;1
0.34183986733340954;1
0.22552095088471255;1
0.1920382051903518;1
0.2281103829114638;0
0.2683127731143784;0
0.09709775603397235;0
0.21443130764240656;0
0.3070767334791676;0
0.33031454186759185;0
0.4341408078473284;0
0.26804875453901805;0
0.27349672041280304;0
0.8604767199635224;1
0.4918420729946639;0
0.3625975315048704;0
0.45009134470639617;0
0.44923236344087414;0
0.44778873313058837;0
0.5286856561781171;0
0.47766989493695017;0
0.1929538004914214;0
0.4320079340753603;0
0.35206181439283896;0
0.3797154532413004;0
0.13187076477023488;0
0.24692269884535953;0
0.18535775556033388;0
0.16810410888316527;0
0.2702388535571512;0
0.22223840746679813;0
0.13806048356326045;0
0.07143995760731306;0
0.18669466824641545;0
0.5003770481994232;0
0.21088417500082401;0
0.31748015558259224;0
0.08905937789273309;0
0.2430703199925819;0
0.23654912866776592;0
0.14187626784144305;0
0.15411744664377117;0
0.2716536798169213;0
0.2098744219072936;0
0.11233750758675695;0
0.14475586835069978;0
0.14984946517432593;0
0.14002614803344532;0
0.19305817090941405;0
0.3180906879264043;0
0.21196325285784823;0
0.12768041361211568;0
0.24245538237410855;0
0.20424972299551164;0
0.2696381760205546;0
0.19295990291438;0
0.14882845091934377;0
0.11313622032532385;0
0.13276516098771435;0
0.20508106914129465;0
0.22214150040082334;0
0.24783481990876624;0
0.32086737270160165;0
0.13259658460766324;0
0.17091032845284082;0
0.12681994361713655;0
0.2760546366887316;0
0.10195598371822354;0
0.16629459118626527;0
0.2151312627066255;1
0.12159874806021366;0
0.3122240074892465;0
0.28409092869476166;0
0.44097745826661777;1
0.3292986842625089;0
0.49149423596644437;0
0.21707350770479963;0
0.3963739723626602;0
0.3743229273343193;0
0.6319229106115563;0
0.25267001122206173;0
0.24539011391373958;0
0.35444178537829085;0
0.33109990491982194;0
0.36504161745896363;0
0.3653241410336459;1
0.4286201564114588;1
0.518881282045324;0
0.24852890247117534;1
0.4020342330969676;0
0.2405870513368413;0
0.3523813910097617;0
0.4884388726806211;1
0.4309208721532911;0
0.36799693671934963;1
0.3979213973979972;1
0.6818044502245741;1
0.5842499906708579;1
0.4234986266605995;1
0.45824929613278576;1
0.5991544928467658;0
0.3803310011080481;0
0.18951613752519464;0
0.15667037324546404;0
0.11971044254941984;0
0.17604544136829164;0
0.2642849076094603;0
0.3143286505427103;0
0.1321221275091444;0
0.1623973963957707;0
0.12838156409807994;1
0.18635959232593263;0
0.5422773752970342;1
0.5760545662277344;1
0.6427035133744795;0
0.4568732945836164;1
0.5631710711009427;1
0.5511125972627889;1
0.7163837987596737;1
0.5218830550164211;1
0.4844767420889587;0
0.6905928822272273;1
0.6324167169321755;0
0.4734883685800079;1
0.5476274206257659;1
0.5584630051149343;0
0.6815589341107074;1
0.42928179040237674;1
0.4342524641363468;1
0.4137379626482488;0
0.6597420634225954;1
0.6605042389336305;1
0.4990448447305157;0
0.6471142864113897;1
0.44362451108365925;0
0.5757766709896937;1
0.7643978051577986;1
0.5392331946293756;0
0.4766622306945902;0
0.5580431675890393;1
0.6935137426578886;1
0.47833323095171565;1
0.5505347552685617;1
0.7711423523120766;1
0.5286000951333668;0
0.4069297628040871;0
0.7705615890192044;1
0.455321106718807;0
0.5041300536517835;0
0.7066372700611198;1
0.7415114866067961;0
0.4364858350709902;0
0.627064711301374;0
0.4761763685045872;1
0.24333998962741693;0
0.27269474966312257;0
0.1895017813254457;1
0.2773896486467365;0
0.18678609734348844;0
0.11821958199326972;1
0.26216817111505664;1
0.30000173554432225;0
0.16748709524857477;0
0.1917544829184523;0
0.19579744735108612;0
0.10973153765950366;0
0.22417996569051252;1
0.11468687467667206;0
0.18319644043898248;0
0.20904465398402536;1
0.5329187487678425;0
0.5939422030215161;0
0.569077767287907;0
0.6499168113944654;0
0.47588668061840445;0
0.5543246177300897;0
0.5679983182562149;0
0.5149462720802852;1
0.6517176459104521;1
0.6133196962957488;1
0.30461465248977887;1
0.2573382323472806;0
0.11883316108436129;0
0.2100928926381416;0
0.17371454744218576;0
0.413958853206081;1
0.1962674526580024;0
0.6232159241961315;0
0.4314348116877019;0
0.3283159859673579;0
0.5702799715763057;1
0.3433160236459224;1
0.21694509597083106;1
0.15119573544881323;0
0.47138553628152396;1
0.3646256669288718;0
0.8204374593012765;1
0.2886813787787289;0
0.5391465438218215;1
0.6418201219872438;1
0.4663223444055799;1
0.42861940957232175;1
0.226690171917323;0
0.7405110224772702;1
0.4036707728043562;1
0.6552959068520097;1
0.35364089312867086;0
0.7246182296931684;1
0.19001233687880892;0
0.3151502483356843;0
0.2150132019294953;0
0.7962440132866034;1
0.2484851533562222;0
0.6775391767714629;0
0.2626256046771489;0
0.23040091408143112;0
0.6791292568463129;1
0.20151766309447955;0
0.4479787615514982;1
0.4286420874108642;0
0.3519557696380459;0
0.6206168609607682;1
0.2513768579969463;0
0.5861560343551084;1
0.2648745660906971;1
0.7063768641892845;1
0.2582593373531988;0
0.2606148237069036;0
0.7779179164209561;1
0.6062833289162467;1
0.3699692272064816;0
0.8443988581415872;1
0.46229461632099056;0
0.44305108857321857;1
0.32778509882427864;0
0.6553572799039489;1
0.37019443584007383;0
0.6150581423264458;1
0.6711124165041771;1
0.6321522698870047;1
0.39065330019924294;0
0.39422277237800907;0
0.2019274560351378;0
0.2754969845320018;0
0.6167055435324617;0
0.1677547175744861;0
0.19394268772455886;0
0.5099292084599151;1
0.6978944219807447;1
0.5863725087955568;1
0.7781849615393402;1
0.584571701725533;1
0.20801278359198688;0
0.7014368477283034;1
0.23353347997382579;0
0.4474155685288914;1
0.31719361291838505;0
0.19159885633653798;0
0.5344475222874939;1
0.29337495358345034;0
0.20260611420980432;0
0.44617024219747026;0
0.22403465108137838;0
0.5318177622286082;1
0.23649994682648182;0
0.3102859140823417;1
0.41989822058371157;1
0.13178804793081936;0
0.15435088768687488;1
0.24123384355612587;0
0.27281654162215957;0
0.3165305939507068;1
0.33311074762901016;0
0.3395205785023537;1
0.14847607248982425;0
0.19501850661249143;1
0.19060374610701272;1
0.26415216286070176;0
0.12600947571978302;0
0.3013419072816631;0
0.23729645041177505;0
0.338127146675076;0
0.11443534345848205;0
0.25156976250645385;0
0.2811277261173605;0
0.32804358017431945;0
0.5608672022536809;1
0.6551341304583673;1
0.2790884234116746;0
0.3186927465311326;0
0.3172178314834307;0
0.38405474506834064;0
0.42067462180135995;0
0.4041119742476036;0
0.42634728140849865;0
0.40665507997536815;0
0.2949090948255088;0
0.20991440997260796;0
0.3491074349974279;0
0.6838829434719048;1
0.2784112322324419;0
0.31859147629953094;0
0.4286996907167256;0
0.32374757685831335;0
0.3444813888830006;0
0.33240645348538195;0
0.26198807395124335;1
0.20484904419983405;0
0.35144662403504817;0
0.7290498575527046;1
0.7844994955540512;1
0.3658747882471496;0
0.3655222321229007;0
0.5047282261454062;0
0.16234887238221052;0
0.21005726350353002;0
0.16035897365601584;0
0.12123092071894583;0
0.10553874954830315;0
0.3590997354364124;0
0.1589190181753245;0
0.45111136761402376;0
0.3387811411162744;0
0.3723917577922498;0
0.15542951709336753;0
0.12466154740643197;0
0.10416258995302809;0
0.14714303586403962;0
0.1618171135523611;0
0.361498008830666;0
0.11230050344027724;0
0.23605589183593673;0
0.24447865106443709;1
0.12787748669176507;0
0.2100789871288774;0
0.34439804001723684;1
0.18509428358177807;1
0.2268962095154106;1
0.1549993240374593;0
0.1968036886808295;0
0.14376868843828905;0
0.28829385117115797;0
0.09781291797157597;0
0.08755213834625951;0
0.5308373154166481;1
0.6319192219038713;0
0.3935432268893774;1
0.27472249935070014;0
0.561453835968683;1
0.3697406155558414;0
0.24623068912839932;0
0.3441450722466184;1
0.40598292914900896;1
0.49487602354848376;0
0.6946129126537218;0
0.724055034878071;1
0.13655808899367433;0
0.08686822184879471;0
0.15973544924640298;0
0.09805692905965732;0
0.12767450593986257;0
0.2811059772757901;0
0.3990864966878621;0
0.20405259650023014;0
0.23683668939053826;0
0.25938996192812525;1
0.2323615337320592;0
0.3999951115773495;1
0.2976379266907656;0
0.14676442108027457;0
0.450597453089864;1
0.43374782165130926;1
0.1339457391264186;0
0.2841033108095942;0
0.3730583007173231;1
0.0805655344160783;0
0.3048812780679086;0
0.3368554155303242;0
0.44003296467633907;0
0.28398701648208935;0
0.43821375384104017;1
0.32874274861637487;1
0.3981086137752561;1
0.3445901879425869;0
0.3966437168901249;0
0.3047087228889259;0
0.4265633284326725;0
0.5011177471435934;0
0.6800119987713653;0
0.684179211387015;0
0.775066117955125;1
0.6088421033644654;1
0.18513572362436873;0
0.3721789318114013;0
0.13037805589792792;0
0.25124642248040474;0
0.09573864230793057;0
0.2385859281997493;0
0.21976835608305217;0
0.162420402918731;0
0.2633963114120296;0
0.48405883155987467;0
0.1374647330867822;0
0.16495027599619588;0
0.12801362585865333;0
0.09578828201429695;0
0.11207072587760604;0
0.1301081711536341;0
0.2730967546286176;1
0.2663080871392586;1
0.3994537712216132;0
0.15983455794173804;0
0.16588887793429222;1
0.13094249689313248;0
0.32625666189385144;1
0.46181792643972963;0
0.27250763823505414;0
0.14968454463136474;0
0.1507788257808089;0
0.2614966431249737;0
0.26997592231872614;1
0.31046860996238723;0
0.5697240165324482;1
0.12140587066640328;0
0.13435621066599449;0
0.16183334567497412;0
0.3176626969096584;0
0.11578732705735455;0
0.1864634233452453;0
0.20799798654224755;1
0.465807815121342;0
0.31799581044595415;0
0.2719773862190636;1
0.1562897248634048;0
0.22990255212479088;0
0.1709847581378198;0
0.5471472791504428;0
0.46848382409799;1
0.17156332704523897;0
0.2613192253335776;0
0.33829200852297614;0
0.13373511991919632;0
0.1504985272544518;0
0.1616363302710746;0
0.20492396018640316;0
0.28456204649499994;0
0.10801418629626132;0
0.11710656983163983;0
0.16946450950969427;1
0.32944330757016305;0
0.2733644678052042;1
0.28166429903077006;0
0.4099751712780132;1
0.37056448142824316;1
0.4252696721138662;1
0.2903444832612424;0
0.16104403866598652;0
0.11136587897205309;0
0.5099198345874668;0
0.4402594662147326;0
0.4638456894984294;0
0.5598494445514397;1
0.39739798724822756;0
0.37418521780100367;0
0.5260820311723319;1
0.6742904055068887;0
0.34585297856793856;0
0.4939272495727922;0
0.36158057926393483;0
0.32341464366667194;0
0.47278122056619537;0
0.38708323466627115;0
0.5140999657366618;1
0.6387787493442272;0
0.5063164978564194;0
0.5787356149225573;0
0.47167171515589335;1
0.17239207373948193;0
0.29011876213648596;0
0.10077813890026091;0
0.10594758877286967;0
0.19893877181728012;0
0.3556001790601098;0
0.2296059202957209;0
0.301486797576662;0
0.24722173699705507;1
0.235964998823211;0
0.2667095825129098;0
0.23028659932238854;0
0.39480956376677145;1
0.22908317503255624;0
0.1418947385187742;0
0.21204247957091288;0
0.2465221356043642;1
0.3650620127827746;0
0.5153773598831503;0
0.2640557294776786;0
0.1115497360298893;0
0.25245796173474755;0
0.44293247114991546;0
0.6225767244810222;1
0.23083591656223057;1
0.12360664612905214;0
0.21720262811107224;0
0.332740369235469;1
0.18458929740870633;0
0.16946385250646767;0
0.2548883427604736;0
0.197554984035393;0
0.13629646080217858;0
0.18848186184686075;0
0.2057938758793832;0
0.19737617271592434;0
0.3162222201567905;0
0.2302636766718092;0
0.15545209543011107;0
0.25679880682706213;0
0.23733241117249784;1
0.2866684038807399;0
0.12851273713424335;0
0.16656095454797326;0
0.28444102844774316;0
0.1316429528339665;0
0.2766598866467394;0
0.1290734336024888;0
0.10386109336465432;0
0.23845818706910038;1
0.33682474285018055;1
0.3033202297273333;1
0.4971445925505655;0
0.4381099773590698;1
0.5517047220866955;1
0.36718093925645445;0
0.3948325604728544;0
0.44296367795109476;1
0.4790895069813827;1
0.23210484845920756;0
0.5342448468846299;1
0.4089502016631488;1
0.5109502026865308;1
0.5783197137239432;1
0.5580604785286027;1
0.5735159979616551;1
0.330062845679505;0
0.3233217224991248;0
0.14293893132258503;0
0.18836746379805513;0
0.16063797679998074;0
0.15059720475952587;0
0.13326282508612722;0
0.16955143818981222;0
0.2356158243577163;0
0.1961107323198922;1
0.34796411607453115;0
0.12418623929372914;0
0.16683980261094888;0
0.1740482567970688;0
0.20976445989886144;1
0.24412479887615357;1
0.1805349049431036;0
0.2395840162330112;1
0.5005512804225765;1
0.13483031310363025;0
0.31659383511804734;1
0.15483894759050917;0
0.3301205368755816;1
0.3703235049182116;1
0.43889905771282167;0
0.4693841397930739;1
0.5495935695172371;1
0.49647373466750894;0
0.2430201309725606;0
0.277628589344793;0
0.36753943872907024;0
0.26503265524539754;0
0.2238921136841489;0
0.2408154030837357;0
0.12978601626440708;0
0.189360359360552;0
0.21170151641623433;1
0.11905599543886985;0
0.21100088754166385;0
0.23081955056480183;1
0.15564239166074204;0
0.1271083322334539;0
0.16288700208152088;0
0.3065591448426968;1
0.18703295251635607;0
0.3478591199942619;1
0.1650574096454567;0
0.3502869400193555;1
0.21003977614216937;1
0.22546319231663012;0
0.1582664137337358;0
0.12699963028117184;0
0.24224654011604607;0
0.3178051256627196;1
0.14023559679493633;0
0.16777455111450137;1
0.12043767019893223;0
0.17721936522531836;0
0.4068994709310983;1
0.19016147875259104;0
0.16495893689640675;0
0.21566960450346923;0
0.35591545689730125;1
0.1869830826805582;0
0.2768107355425693;1
0.2541154394784514;0
0.18260413785576818;1
0.32575855823175653;0
0.18486818523114906;0
0.18631949895608654;0
0.2531396643067484;0
0.2785827581134359;0
0.15731890776146357;0
0.10039621832470885;0
0.22430802925902332;0
0.13366113551359093;0
0.22873591026295326;0
0.18132246389582327;0
0.29301939653055525;1
0.3567602349836647;0
0.1590723854140583;1
0.294512647371657;0
0.2749097824989463;0
0.15551798590347019;0
0.3236241381019568;0
0.22336907498439235;0
0.18371210010290032;0
0.13422848626808223;0
0.1521885116845381;0
0.1764790207839868;0
0.25763847840533755;0
0.1469376416803525;0
0.1845059588227148;0
0.25628610503725313;0
0.25778158390069217;0
0.18048402211299475;1
0.1319527020661388;0
0.155290814196222;0
0.26212211358210785;0
0.2604636023296771;1
0.16535628903358227;0
0.2051588686141898;0
0.26800951283915403;0
0.3186383760012381;1
0.21678772426531645;0
0.35022423567925626;0
0.23926520530251041;1
0.2789440851146915;0
0.15284986275509455;0
0.2718797778085054;0
0.24817879198424644;0
0.20395961643366442;1
0.28882085606016367;0
0.3793003733607218;1
0.15616521609820905;0
0.3515375847407042;1
0.4078005329841826;1
0.4468387555852989;1
0.5590285040439853;1
0.3727549586140067;0
0.18979729082645128;0
0.37707479590248166;0
0.16461964279370667;0
0.40909144121338586;0
0.7248791042088566;1
0.7456914821962008;1
0.41126960316219996;1
0.7211424362328025;0
0.7542878985205946;1
0.8259219214686105;1
0.7092407615228336;1
0.698609471127311;1
0.7592527844869021;1
0.14631695967529287;0
0.29730374958952765;0
0.2604079136732452;0
0.5625577547769159;0
0.2884995756972721;0
0.4637134713801252;1
0.46974092072669515;1
0.39106761415686275;0
0.5679807457013908;1
0.5569756670949135;1
0.5584385676496112;1
0.45673464485823007;0
0.42928149750872974;0
0.5039241818556254;1
0.437890802904522;1
0.44211249366878014;1
0.568247467312732;0
0.14975646607407253;0
0.11619490025078952;0
0.1899109961303387;0
0.37053949593558966;0
0.7685666092255217;1
0.7380326408722236;1
0.6170538918099036;0
0.7080797839071276;1
0.8800267382713034;1
0.7598336044018581;1
0.5716399178978355;1
0.853971585667698;1
0.7903235915722292;1
0.8215127035020263;1
0.6729290629003762;1
0.8179658352508503;1
0.7832348672538261;1
0.6097904960609614;1
0.7742847556581296;1
0.7228821657666809;1
0.6662488592215324;1
0.2469351056967955;0
0.3298851148091811;0
0.5558819820600904;1
0.6462125389845872;1
0.510090505320915;0
0.4726633027219199;1
0.5422997811180096;1
0.49880886163329946;1
0.4697000749570112;1
0.6415680973951773;1
0.41304501864555176;1
0.3159226178196214;0
0.3171654626709979;0
0.17026635398270334;0
0.4906270031972313;1
0.22695093967126054;0
0.36231677273633467;1
0.25691423075003555;0
0.20595989174318385;0
0.20031863285360127;0
0.2702999197060356;1
0.23953963447183982;1
0.22212758748773986;1
0.15891226556342936;0
0.13055436741203016;0
0.18021902675676288;0
0.24834501898075353;0
0.4222063048180043;0
0.3134412534075434;0
0.23451577557476683;0
0.11665698601263426;0
0.31576691086598735;1
0.41425861751775594;0
0.5240728461942572;1
0.5110346437483144;1
0.4362900994398669;0
0.5303864696089058;1
0.39562618680297995;0
0.6695787621317142;1
0.27995668447508254;0
0.26020979230227315;1
0.41628724270482276;0
0.31008273898171135;0
0.44212378448122913;0
0.5324050061169148;1
0.12716818803791774;0
0.11993034745609746;0
0.3107971037236163;0
0.29597376109454915;1
0.3763790376044016;1
0.2834962691880984;0
0.2951321525267063;0
0.1730745228792342;0
0.17409638002785519;0
0.2150350361974291;0
0.37611698530242876;0
0.19132074927861034;1
0.10943907412315633;1
0.17328559364257112;0
0.1174792320971136;0
0.12468979358366603;0
0.3311340735467943;1
0.24260406178410357;0
0.17417881328348445;0
0.1980725294410115;0
0.5034754384702265;1
0.2897131577913692;0
0.18871394354028087;0
0.38613611752297716;0
0.2923760695555502;0
0.21531896202260048;0
0.25480068686880725;1
0.19433662376487157;0
0.20932605833811097;1
0.18604294863635545;1
0.29994906666919197;0
0.2686403566237498;0
0.19988454891489515;1
0.23853594890348442;0
0.3388959483978252;0
0.23818093478152302;1
0.4450586566204821;0
0.2726443800975492;1
0.2861855674173593;1
0.26865900843669144;0
0.42520555655510195;1
0.5053129711632177;1
0.2796485197888001;1
0.21605488705327305;0
0.3730976855575925;0
0.389128790874538;1
0.303857375533489;1
0.19522538927504623;1
0.3219827344220287;0
0.28903610784372635;1
0.293056821550652;0
0.25051676749337126;0
0.2485363830384348;0
0.1653955518884453;0
0.21767464026336653;0
0.4015404693506805;0
0.18672633924202672;0
0.3268787036761642;1
0.31371380217875694;1
0.29453869976517244;1
0.2763662100106985;1
0.31580286557490156;0
0.21498797877030687;0
0.2981835492786987;0
0.28883010804295367;0
0.6358278780848415;1
0.3520544777863442;0
0.18147129071311704;0
0.12645559725307007;0
0.1767170637844418;0
0.20416474790689657;0
0.1334044045574095;0
0.10578980268072806;0
0.24540830651355727;0
0.16948742088749572;0
0.3321489202967707;0
0.4879167784943709;1
0.21713370703541995;0
0.14513979922650236;0
0.2072196019577331;0
0.20685106011896848;1
0.14954369311012827;0
0.11469707644480985;0
0.12628591366419542;0
0.44050654894944213;1
0.3565443096239923;1
0.13386777945142048;0
0.15082611251758526;0
0.3927438964997959;0
0.28381158880633806;0
0.3475391966632215;0
0.3980056467935704;0
0.4753198610643369;1
0.40177157182865586;1
0.4806546170874779;1
0.573872572131905;0
0.6367265601975574;0
0.1798785399621419;0
0.28522718427941535;0
0.22117986080520974;0
0.19190036413559072;0
0.14692518592539272;0
0.19112976953576966;0
0.5146767998309952;1
0.33944926649778717;0
0.2543773353880398;0
0.22705104740151694;0
0.39166198425592075;0
0.8629828392884069;1
0.6444361821365345;1
0.7163421861081026;1
0.1172820394873725;0
0.22616215412708157;0
0.3804387197374449;0
0.7355301409532964;1
0.6246464730453933;1
0.20801557569849166;0
0.27562643606420195;1
0.2840990763999028;0
0.23100580551371996;0
0.1839431251653289;1
0.2835649053510462;1
0.27832869253798964;1
0.18468038266131595;0
0.16171123660217634;0
0.30877001378995544;0
0.30109059952690703;0
0.18637644176272103;0
0.1582177280363473;1
0.26167003122405397;1
0.11796634070288406;0
0.33214557843008946;0
0.1775813947630473;0
0.44915272930176714;0
0.20419090069756674;1
0.20768971137335143;0
0.36194039000832096;0
0.22126112299164616;0
0.17994988770905243;1
0.33764663134003803;1
0.43079058746100823;1
0.14890521324127803;1
0.2542116448372387;1
0.4047592922559553;1
0.4823166189930132;0
0.4082112082083109;0
0.5283992231691979;0
0.23306134557793678;0
0.12339609827073972;0
0.2279033366743834;0
0.12828485551673244;0
0.2244123317861269;0
0.18619786391216617;0
0.5580435290985;0
0.3706181472896402;0
0.24707907263068762;1
0.31159291756772606;0
0.35166543861611926;0
0.6665388204685604;1
0.7070038945447568;1
0.6777914169009944;1
0.41359131716506103;0
0.4032242309459282;0
0.4551699219568317;0
0.5722866042648602;0
0.4029831019800227;0
0.27526303646299155;0
0.1956957197168073;0
0.12511409855714323;0
0.21543219346972414;0
0.37557648740476696;0
0.2918192303308534;0
0.2425565163601378;0
0.21833480312192355;0
0.09590133424657203;0
0.18366754042307573;0
0.14901150533951973;0
0.15046109804200675;0
0.21880571157735673;1
0.27012633870692426;0
0.20629913810831432;0
0.498385247445944;1
0.18287299862612408;1
0.24298155698331075;0
0.36725507436025356;1
0.33039707071884783;0
0.24913469642018263;1
0.33829649477368007;1
0.32041365141037353;1
0.26078485168527377;0
0.39302558096998896;1
0.132211204648043;1
0.3280667472356184;0
0.22688502676596012;0
0.21304374851625824;1
0.5441082298652249;0
0.23574063868461634;0
0.21026550996681398;0
0.21467005169465622;0
0.27091712219524217;0
0.33237323814579456;1
0.2944798286235978;0
0.18649862648456583;1
0.3822040014512506;1
0.20936793377919224;0
0.21205932021830726;0
0.16238592462878204;0
0.220305649118934;0
0.3114735036357586;1
0.27544560125336043;0
0.2716817918078682;0
0.2757141663670134;0
0.2026850800163597;0
0.2355181076544766;0
0.5461320374139517;1
0.466585853378807;1
0.5204172458839176;1
0.6276927997860818;1
0.3183790337954505;0
0.5305759302467831;0
0.15885882017732827;0
0.12954628558520936;0
0.1410366630175495;0
0.11305706656302413;0
0.13108654323257035;0
0.17257920278776767;0
0.17050195437584992;0
0.13172542961764064;0
0.4852075200197171;0
0.38025292431237157;0
0.636732238201763;1
0.5464583369475232;1
0.5662097324655659;1
0.5259506757816186;1
0.696458744110209;1
0.32630728218216926;0
0.2575733546079114;0
0.3895172759303735;0
0.23167020596659932;0
0.3847658029536598;0
0.4234513648251806;1
0.3406043731570307;0
0.4916943554291465;1
0.4030338757560361;1
0.3468937599331823;1
0.40707213334467923;1
0.28202048903351723;0
0.5355664502501842;1
