pred;y01
0.15790558504471908;0
0.13528620542527603;0
0.10987354789326839;0
0.13001480122547723;0
0.3186653554524877;0
0.20102852098284493;0
0.18984400779980037;0
0.21992961020764448;0
0.35497845416505913;1
0.14467604543508242;0
0.16321575349456235;0
0.2324107872703728;0
0.2545929161624181;1
0.2471295205900037;1
0.15742684116781994;0
0.19159631219299034;1
0.25118946861247937;0
0.3121066058693364;1
0.1879244529655837;1
0.15297151317520155;0
0.14294952800131946;0
0.19093510665214977;0
0.15866421453308086;1
0.18786620468251727;1
0.1376631253588716;1
0.16991679991202902;1
0.18980837558596808;0
0.3037312905875834;0
0.44221176443626053;1
0.2669605948353426;1
0.25688683977827675;0
0.2616363920056305;0
0.22659894429504918;0
0.3312070858698769;0
0.30948784234199533;0
0.36001587596881895;0
0.3244770370804372;1
0.315047728161323;1
0.3336146737309766;1
0.33373043585833195;0
0.39184190280424064;0
0.20731352035228431;0
0.15039819316561037;0
0.21522968814691693;0
0.3719846269385356;1
0.35458257484347827;1
0.32359443647834996;1
0.2546774086443562;0
0.3882474845995995;1
0.2459019003804279;1
0.28762659140066327;1
0.3978912570884207;0
0.2521282003205351;0
0.27242259216724996;0
0.3148184804536451;0
0.4504131168187091;0
0.3027313214577395;1
0.13729884042413565;0
0.2714892036122388;0
0.3344884928445664;1
0.49074167586554396;1
0.25101854248010796;0
0.1739132987919598;1
0.31252858867602173;0
0.14640332239209064;0
0.35037035334941935;0
0.16262596003725113;0
0.19969119482946246;0
0.19478201931029746;0
0.14223070870611038;0
0.11934394284968886;0
0.1653921934445124;0
0.16161751184501816;1
0.16965289901061995;0
0.3160953695454805;0
0.30377754968485804;1
0.24872869860932464;0
0.26178550425057534;0
0.33301697405102554;0
0.4701273915722719;1
0.26361023527852107;1
0.2496204489893615;0
0.526016788804268;1
0.2792806510766243;1
0.299544857425878;1
0.283780237792001;1
0.3250817941742267;1
0.37764869440249127;1
0.33819072026421726;1
0.19220049977581297;1
0.41790338053206044;1
0.2958333083301536;1
0.5289873958946064;1
0.31872271250950396;0
0.32979490692177243;0
0.44133909219062695;1
0.43662745384398555;0
0.331742903137688;1
0.34044848060218774;1
0.41396937107650145;0
0.2577931472790125;1
0.34956359516529484;0
0.38918123002096977;1
0.2603318227776387;0
0.33629381287519083;1
0.48473039888081376;0
0.3003581270074915;1
0.4213506500949938;1
0.24923523851537396;1
0.4019741607130535;0
0.44653218358569774;0
0.3210134508500223;0
0.46473323581359466;0
0.2582966123954812;0
0.13512457654949764;0
0.14727142308689753;0
0.5226507189755109;1
0.3261541838192341;1
0.2707817996883055;0
0.31220939457248514;1
0.4467761766288223;1
0.4237549310118719;1
0.3336938850653929;1
0.33125095420972345;1
0.355706636534211;0
0.41293205565054486;1
0.4504337530712141;0
0.2311095858061922;1
0.2978203077039667;0
0.4047085775318508;1
0.18531666291852963;0
0.37788049696682985;1
0.38664170229880634;1
0.3985838042867698;1
0.3059489190847494;0
0.38613936199421484;0
0.14614870642612368;0
0.10638269598416482;0
0.12741449508333075;0
0.3669009329400811;1
0.19657672847047614;1
0.3026709427661431;0
0.1817817276366817;1
0.19011797603055347;1
0.16974457233832013;0
0.25729970797705104;0
0.15856555236261277;0
0.25897729662661184;0
0.2201238232726136;0
0.25905937373465265;0
0.17988440263806157;0
0.27676526509966165;0
0.25667283890414083;0
0.2594913585161241;1
0.43156327613249634;0
0.3973536549005072;0
0.3727792750086567;0
0.1753718454058231;0
0.09234442969222313;0
0.11847409970603208;0
0.12485829568384257;0
0.1327944408862087;0
0.1405415037433651;0
0.39270909225429684;1
0.17604281932840238;0
0.26978372986159455;0
0.5105801563066703;1
0.502258484690794;1
0.46162655299510963;1
0.3773503471582476;0
0.4244762524146168;1
0.37638497076590827;1
0.4146515684990062;1
0.39899981117752786;0
0.48729900200261256;1
0.4695788480744485;1
0.5579896690271517;1
0.5127694369359653;1
0.516143415230595;1
0.4522692101562923;0
0.4125513607126078;0
0.48366861472987827;1
0.4262766177370589;1
0.5135353881612161;1
0.4212813918908058;1
0.285503148962646;1
0.32999938932519884;1
0.4771763864576291;1
0.5924146420662083;1
0.5392026285700302;1
0.4993561297087138;1
0.4786998613644812;0
0.6954092913236313;1
0.47558187941972097;1
0.410984150928783;0
0.40420854256275274;1
0.6334662184684542;1
0.8320309986313701;1
0.5802609119629349;1
0.6016267407860445;0
0.5353334954134618;0
0.49879074720325495;1
0.6877613414985666;1
0.4772509207652819;1
0.6484715797475464;1
0.38347345804780747;0
0.43309620210251765;1
0.5732591963461773;1
0.3460784311550029;0
0.45810830209145154;0
0.23957729326012714;0
0.14556400552484003;0
0.16619869059024722;0
0.13924381422944676;0
0.14782943400894805;0
0.1661382824322904;0
0.14975987316483041;0
0.5862104443941513;1
0.32707263654915025;0
0.16703116933777665;0
0.20892329323088188;0
0.1873601219094827;1
0.42006845054511893;0
0.18197268879333892;0
0.28562761463318087;1
0.26658350257540137;0
0.25141371666949075;0
0.22484792214377855;0
0.15839320643028412;0
0.36257807854879603;1
0.18606874713982635;0
0.2993124433099693;1
0.21983444470403932;0
0.26396295627000027;0
0.25540381000344464;0
0.34773930716169676;1
0.21145439560738477;0
0.29257426044861395;0
0.33817252253061875;1
0.2718013320005765;0
0.14840063849413537;1
0.15243245966119606;0
0.10395368555889548;0
0.3836275142028069;0
0.32319520882664593;0
0.13730446343215644;0
0.18812381074986192;0
0.2105190574779219;0
0.13984739313906158;0
0.15232215129187976;0
0.2253215818737538;0
0.224885646441386;0
0.11475073564444771;0
0.12556076123386942;0
0.20493334910784974;0
0.25889795926328923;0
0.1723224578869994;0
0.13204592225457903;0
0.23458198299787292;0
0.16415229782017923;0
0.16241610331745718;0
0.10954174540087538;0
0.16640146386291346;0
0.16367143284469873;0
0.14281394624555338;0
0.21583529103239146;0
0.126105936145444;0
0.3006460073807984;0
0.1971395529292675;0
0.1426055173666106;0
0.22596427464951802;0
0.1743806563129887;0
0.13525693335230018;0
0.09632099569010648;1
0.2939188955759488;0
0.12203323076621549;0
0.1663001536436772;1
0.17802047070246485;0
0.2480955040412144;0
0.1307331384088944;0
0.277767469215201;0
0.37870142321113537;0
0.29653908260289585;0
0.29347190205049317;0
0.2744422464443197;1
0.3058818531699253;0
0.29846975526565744;0
0.3635574521013219;0
0.17241903622374802;0
0.14341766081713758;0
0.16068330708846726;0
0.1491333020856975;0
0.21075610394904584;0
0.16733440068101796;0
0.3728294828392922;1
0.3913323482661988;1
0.1188326613273106;1
0.21391974413821813;0
0.1954461633930288;0
0.23911709443244505;1
0.19359631684470233;1
0.11590946763926178;0
0.28804631107479234;0
0.1717249184366967;0
0.1271922532025008;0
0.15866514062163273;0
0.2139722026634254;0
0.14622022025125914;0
0.16435132048237763;0
0.27204052029173437;0
0.24925471342189426;1
0.3055359383249753;1
0.2629022495921243;0
0.2281482242047254;1
0.2091094798556223;1
0.1352821700505082;0
0.17907383735207602;0
0.25715818492050235;1
0.14959419862630116;0
0.17337131870181405;1
0.34111945356885565;1
0.22430503077523756;1
0.2029268534176393;0
0.21074376027504718;0
0.23016019550082753;0
0.2022804384696546;0
0.2113212490607222;0
0.1549180894183468;0
0.1865903753363674;0
0.3104971019305436;0
0.23750495766087937;0
0.12760897385960268;0
0.15744731248963165;0
0.2080197491584336;0
0.15852910506300938;0
0.21336774007623752;0
0.3471080519687175;0
0.23248671578525387;0
0.22079849927945408;0
0.1592652241266034;0
0.15245507003449213;0
0.20547056764568356;0
0.21284895209582994;0
0.1376499222581874;0
0.19326305996980558;0
0.19486572660938276;0
0.13436284034846543;0
0.1847989711600302;0
0.20424492179370704;0
0.290813623679698;1
0.1288896729789369;0
0.1476389100857266;0
0.1707966205223418;0
0.21955895618434576;0
0.17079101828630455;0
0.25190392158524916;0
0.1469554236538135;0
0.16333458280754606;0
0.20749491390434444;0
0.12503875794018404;0
0.19678262210805916;0
0.10857881507670694;0
0.19160590177920706;1
0.14841618331352316;0
0.2322499840205528;0
0.19308035205837848;1
0.23908947287317994;0
0.1515665867954552;1
0.2193923677493122;1
0.14808162600220123;0
0.21393118298301725;0
0.13011471625348228;1
0.2703448799241452;1
0.1385783084110238;0
0.26921852423076453;0
0.15084513567810706;1
0.2998260910188464;0
0.46497148506686736;1
0.16897175358766411;0
0.1546171878645555;0
0.33014159995288755;1
0.44432636770411676;0
0.36439872951095253;0
0.2298283988485932;0
0.48174025624635447;1
0.672312195413016;1
0.6997798732434524;0
0.3452481634881849;0
0.6185074396600438;0
0.6634451862869029;0
0.6010427317361715;1
0.5364403901857616;0
0.7388717964679622;0
0.8342257102972427;0
0.5916560729672702;0
0.7963734286289273;0
0.566712507300656;0
0.6024034781379167;0
0.5411776879304975;0
0.33109815886670246;0
0.5278192475628223;0
0.3358966320350558;0
0.6623033740245464;0
0.6421030503395939;0
0.4028726026090379;0
0.644706827033993;0
0.6737733995825758;0
0.4903547624923665;0
0.42291807435509676;0
0.3213701639266975;0
0.26238473102386933;0
0.31020650312990355;0
0.29249852961912653;0
0.13052169642995282;0
0.26621835255135673;0
0.274512603207221;0
0.3551387513520159;0
0.44175212984568746;1
0.1962746588733366;0
0.19796733770375485;0
0.2785372835232671;0
0.31763077447103155;0
0.3637096672089344;0
0.3230466783757774;0
0.33153159575529517;0
0.38982242488895846;0
0.22591613370254163;0
0.3794607558320097;0
0.46048492438645766;0
0.33921377478746007;0
0.3803844666165971;0
0.2791226446463559;0
0.3834514814042517;0
0.3248657460274649;0
0.3932691656240771;0
0.3567687417338578;0
0.3767222429648589;0
0.21716335705935658;0
0.3437179455003142;0
0.08094860013159628;0
0.1269082064629965;0
0.10260020388547732;0
0.10582541111903666;0
0.13259492958781002;0
0.08719726884057767;0
0.0848987103381228;0
0.11521964688429927;0
0.1124019540387277;0
0.14676024112652364;0
0.17261964525838153;0
0.1440405556186284;0
0.1417172381005569;0
0.17951657249024436;0
0.13362989696217867;0
0.1411699854640348;0
0.22243949837273355;1
0.2097667557907723;0
0.21248834279204276;1
0.23370239155772743;0
0.13656263876506908;0
0.16034683136143285;0
0.06362138153044937;0
0.2100725114614852;0
0.14182151302282936;0
0.11811478417294038;0
0.30590202151969187;0
0.11664805135431183;0
0.14792526094444147;0
0.19199665450638728;0
0.12242908220360964;0
0.1568212873186249;0
0.26208830931087684;1
0.264838894453143;0
0.2363923073562373;0
0.19285713437042884;0
0.30164981252367185;0
0.3631493178616976;1
0.1658637653241922;1
0.1910734747490095;0
0.3713360575756162;0
0.46336073833960867;0
0.10349396130385495;0
0.4751280895748812;1
0.25726900970188726;1
0.20758611786360145;1
0.22597257397042395;0
0.10316224117435663;0
0.11146610963522095;0
0.12957232665619953;0
0.18503416325324992;1
0.23652195980761503;0
0.19143760711275096;0
0.1616964965849714;0
0.21382713484625313;1
0.1275032695183657;0
0.12216259568525166;0
0.19378866982557233;0
0.14769050369145365;1
0.14279166236131605;0
0.14815368440193974;0
0.12115962403459818;0
0.2098832840954378;0
0.2571012458857797;1
0.16536598060528124;0
0.19953432015194872;0
0.30419137481344116;0
0.21491310098248356;0
0.2638238860272291;1
0.2049651996386909;0
0.3518294806584835;1
0.16005783599847628;0
0.14620285920936843;0
0.12548896920587377;0
0.32416534019006865;1
0.22729563226484256;1
0.14964168565674776;0
0.2548160035556784;1
0.1915079221733643;0
0.8703754553012553;1
0.7409640917401401;0
0.8089426326685597;1
0.7796848848162263;1
0.7706515340691203;1
0.823708985097005;1
0.8350256468686366;1
0.698389475760893;1
0.7950788144529338;1
0.7451454795120094;1
0.7029352772872891;1
0.8439713743655319;1
0.7363358159779039;1
0.7854778931838873;1
0.8995247625048105;1
0.6850887659643639;1
0.8369979785927809;0
0.7782424044328102;1
0.8664247029884424;1
0.7788434505850876;1
0.7518269427216511;1
0.8045085673953738;1
0.5260253859068428;1
0.6994720600432179;1
0.8258311868374091;1
0.8875366941580266;1
0.7924959005450807;1
0.6258004659809471;1
0.8669873999895007;1
0.8730578937569116;1
0.8335404211965776;1
0.8796662907066767;1
0.6905851391780607;1
0.8791555201948168;1
0.542187831343415;1
0.7942066997811824;1
0.7489746982617997;1
0.8865676627372021;1
0.9202974143700856;1
0.7501113641927736;1
0.8284912377428104;1
0.8736010563919928;1
0.7802890383911645;1
0.781548698970841;1
0.9376999256194372;1
0.5354007173279839;1
0.849114815686949;1
0.7614926770947645;1
0.7888092308276806;1
0.7385493530242568;1
0.8131639621795582;1
0.7997160743910746;1
0.8949024698009864;1
0.7803007801670458;1
0.8684523525958829;1
0.798645910002206;1
0.5703450206269621;1
0.741031053946645;1
0.5550127012263726;1
0.8130560175808609;1
0.8105858827035566;1
0.6483482585024749;1
0.7386326261610248;1
0.7787839643203144;1
0.8255656389205687;1
0.8181244695256161;1
0.7328209678797253;1
0.7660651223982029;1
0.668520235855263;1
0.8204626998818736;1
0.8392498694058252;1
0.5847180316874124;1
0.6921489213421469;1
0.8537086127890409;1
0.2259389040561527;0
0.2832746671505502;0
0.2897699497058422;0
0.0918595806962796;0
0.1105733131319846;0
0.2926305524697906;1
0.3962852019662612;0
0.11881974572844872;0
0.2916395961497877;0
0.1714037354325884;0
0.23289728890616698;0
0.1083044614485284;0
0.7189608322932006;1
0.7536097086828143;1
0.7840835297609864;1
0.8661113479062723;1
0.6605823209161497;0
0.6633577311806887;0
0.6825622230231954;0
0.7893782306821953;0
0.7103311118483349;1
0.8159353836121659;0
0.6889725598138249;0
0.6021675180028754;0
0.7343615989817812;0
0.6587586538210451;0
0.7350753652589788;1
0.7137726601255073;0
0.8503904135202343;1
0.9132739444484712;1
0.7248998700754301;1
0.8936300783280163;1
0.8267785760870217;1
0.7277636296896635;1
0.6679656761400748;1
0.9170640717716294;1
0.8573828157134373;1
0.7732010463155237;1
0.572968141512421;1
0.6576213281580854;1
0.5145979984166776;1
0.8486004779214654;1
0.8447702721114748;1
0.8121587876893267;1
0.7676840708715262;0
0.8677930102186565;1
0.6450615393239619;0
0.8199577950229637;1
0.6984250798107915;1
0.23859505910450948;1
0.13067572357087964;0
0.31128497340743627;0
0.2499125627541034;0
0.30028027602693214;0
0.2367858070699634;0
0.35777519094257193;1
0.1786208720887252;0
0.14881316264292546;0
0.1733325133017516;0
0.3399216541635537;1
0.17173251835975464;0
0.11256933785754511;0
0.11875277629247354;0
0.20985763860533313;0
0.14459094410537704;0
0.14607372523008574;0
0.19552560944262085;0
0.19441344822764745;0
0.17825820256300923;0
0.21121715712552158;0
0.21569738349731937;0
0.34768016010447594;0
0.5190678471251424;1
0.40104402983173393;1
0.5518031461530769;1
0.4607901098518933;0
0.3608688593977936;0
0.310376648509297;1
0.5591656229280697;1
0.3037942870801514;0
0.48410137629476124;1
0.3893090888290117;1
0.28064123259177115;0
0.519111354257321;0
0.35616284485592875;1
0.21473861364666022;0
0.4348615379927003;1
0.40004942039100766;1
0.14076031744665493;1
0.43337774402079193;1
0.3839685651714353;0
0.3237971336873061;1
0.2816583198715074;0
0.37959467543970066;0
0.4160343006315767;1
0.3748187818220888;0
0.3615362455401067;0
0.302916282729979;0
0.3649639279970693;0
0.2524308037848395;0
0.38197547792774417;0
0.2785096937547578;0
0.3076008071902364;1
0.33907838439310145;0
0.3583665839371973;1
0.34162493554847084;1
0.4546394804643155;1
0.5242913161394991;1
0.43953586025684627;1
0.5723117231147024;1
0.3654063630182892;1
0.418574609517674;1
0.2956686876108262;0
0.39784514555423894;1
0.39326342758862304;1
0.37776474861093834;0
0.38302239848169495;1
0.38511831720830325;0
0.3009426357079785;0
0.37849335988080346;0
0.4393979460870971;1
0.20768819928087676;0
0.44000781051818605;1
0.4603826488322061;1
0.4718010723531447;1
0.3346596478192697;1
0.4041322238197894;1
0.3798853300293948;0
0.43760375053228306;0
0.5455215428246166;1
0.47568358758265233;1
0.36617328919131353;0
0.2412999592880327;0
0.3899216567049177;0
0.4619724279759232;1
0.3157719874003548;0
0.44554368284233337;0
0.3127830054085111;1
0.30454590020395345;0
0.2852758554307838;0
0.3060316700052705;0
0.37236303983540925;0
0.3861546115046156;0
0.4811398633911898;0
0.37311380690215007;0
0.41791227291393707;0
0.37326162570331;0
0.4236732831039132;1
0.3467368520207661;0
0.2796780607258096;0
0.3766943012379116;0
0.46404753341244737;0
0.4376832836851466;0
0.37246465253962086;0
0.31427686843550334;0
0.32768605431118963;0
0.26959177333956375;0
0.3468879319582711;1
0.43346486668490425;1
0.2698228898729811;0
0.2653492920853143;0
0.36181658916872605;0
0.3179213780531991;0
0.4131612171063719;1
0.3350832065036162;1
0.3795941896813294;0
0.2851377858253791;0
0.48837039816702227;1
0.4156895890594982;0
0.31012210904348086;1
0.3184234738687965;1
0.26931030594933714;0
0.32379362790992183;0
0.49655339469486626;1
0.30643784839344906;0
0.28222413734642504;0
0.30636126425347154;1
0.3404196445056239;0
0.31503645100696875;0
0.39183972391582733;0
0.250964144601183;0
0.3408195626479245;1
0.3679365749055759;0
0.35101530435506867;1
0.34715557888938353;0
0.26105559736504974;0
0.11528055720143492;0
0.31620848160776033;0
0.1823614092233923;0
0.14348121851624987;0
0.21268537856855987;0
0.24313734160716377;0
0.2075000189386233;0
0.36055062095649715;0
0.24521792567744952;1
0.3965539115320019;0
0.2055467355053051;0
0.3366163849074137;1
0.18197506195992572;0
0.23504421281281232;0
0.10985752050749743;0
0.11915220016368504;0
0.30025353634943835;1
0.13474142643358972;0
0.1320429650074402;0
0.3377324104322761;1
0.27446019932946675;0
0.24673300913620927;1
0.28635593502817447;1
0.2911646485439924;0
0.250318884106354;1
0.2925025205369051;0
0.20926757999040482;0
0.3905921244547551;0
0.1784265672137013;0
0.22050528624275198;0
0.23377851584223427;0
0.2605495879364316;1
0.1743782032842353;0
0.16046645267759416;0
0.3610534728301096;1
0.24837496580110227;0
0.17569460578591187;0
0.38294571694340834;0
0.22406508206913467;0
0.4954203213483652;0
0.16617436695099785;0
0.15281624060174565;0
0.17003085246414296;1
0.2520387326715434;0
0.1449358985743996;0
0.3137022394197967;1
0.5437799654992834;1
0.2070614605766055;0
0.20465515619023378;1
0.23973279544743867;1
0.2051024679157937;0
0.25997944293707576;1
0.26642757756291346;0
0.5985615225715692;1
0.29920866071620006;1
0.5905144008672046;1
0.5273756741894191;1
0.322788052326453;1
0.3854008666119802;1
0.37305284615032563;0
0.49460430018098006;0
0.3088684128937193;0
0.35007485678936257;0
0.3374083569858925;1
0.6289082890982186;1
0.5113152487330958;1
0.5331788972227226;1
0.5893357224623931;0
0.1691323288325586;0
0.46166804225978864;1
0.46741464174174296;1
0.4268047501912765;1
0.5594842504044297;1
0.26798520355898203;1
0.4101662446247725;0
0.5333954880320473;1
0.35234918442601093;0
0.237459117679905;0
0.2755131957018796;0
0.5049141454500908;1
0.30361158459935794;0
0.22739335741405037;0
0.6683232615404135;1
0.25861707497386166;0
0.6439801111953117;1
0.284309732857358;0
0.3495273100314675;0
0.4185506634480863;0
0.5450370790201945;1
0.40525691075251113;0
0.45128556054014535;0
0.30348009534024284;0
0.3460722143837539;0
0.4166381059646654;0
0.42025423203668594;0
0.5319973819838555;1
0.6407748578155542;1
0.27576311878827603;0
0.208282692997174;0
0.4117840994475903;0
0.7010781931398862;1
0.4127628356380518;1
0.4255679056449786;1
0.44880425282876185;0
0.4164142836337498;0
0.4423710308956332;0
0.4150480002875683;1
0.3760794153750168;0
0.3995831690270489;0
0.4301413280096713;0
0.3228223528050923;0
0.6059057853731483;1
0.3854618671278556;0
0.4636120409982565;0
0.3499521937460886;0
0.45414815159058036;0
0.41774588422908115;0
0.2980466389589912;0
0.36561713799902457;1
0.6195574330786966;1
0.4314738152046848;0
0.43515813523899843;0
0.4686202590105874;0
0.4181980285042174;1
0.5908800077664742;1
0.4960699754384383;1
0.40822183716076194;1
0.47469110047483914;1
0.48562068773608685;0
0.8634836984024302;1
0.2598906541770582;0
0.27498095888340685;0
0.46675451701982595;0
0.28985723635280297;0
0.4336055214738501;0
0.5569558517257215;1
0.5244462513156865;1
0.4440712966323544;0
0.48882845538219144;1
0.2592728789405383;0
0.4635968972478402;0
0.5689010569192356;1
0.6313813050215067;0
0.6526954123141068;1
0.42568175029402305;0
0.3611316612329239;1
0.5668307239915278;0
0.3822174798600476;0
0.4932411600978655;1
0.4361587268189505;0
0.434662124520118;1
0.5388322660157931;1
0.37456124825586323;1
0.23076488298718617;1
0.5845039277464942;1
0.5370129390178496;1
0.3221857603117219;0
0.4390675517410529;1
0.3046680535218409;1
0.4402404539115531;1
0.17437662807072105;1
0.5470004954199519;1
0.205630772306099;0
0.3628437203067449;1
0.24983237633747307;1
0.24778068547060375;1
0.3676879192047574;1
0.2893025939776711;1
0.2823381451422928;1
0.3257554856286242;1
0.22121718315897806;1
0.2228365107444617;1
0.11129492874863559;0
0.17621494673537905;0
0.17158431752544662;0
0.2588929321793476;0
0.16880815408716487;0
0.15041576184580077;0
0.14343548046964222;0
0.09731955839820554;0
0.21129576815990958;0
0.24868934401216192;0
0.09717217577436978;0
0.147179933666031;0
0.31206425719192993;0
0.16803707962470035;0
0.2787413998635261;0
0.2195572244428329;0
0.12768668989200407;0
0.2072693654585986;0
0.286121638318397;0
0.18494493698471054;0
0.327289374033331;0
0.40255797402126037;0
0.5738892229709076;0
0.2333666810833193;0
0.43180997071816335;0
0.5396070607193226;0
0.32516058413786886;0
0.1470752500018543;0
0.2411575395963567;0
0.5544371807517063;0
0.4765656174404875;0
0.3727285374123586;0
0.4549951694075996;0
0.5497311011207083;0
0.5975131327757363;0
0.76124178182853;0
0.4811543154127529;0
0.560689686310586;0
0.3043007825956494;0
0.5197566390167071;0
0.593640302266415;0
0.6471618564156572;1
0.7400450079762594;1
0.26808661950151347;0
0.48488114346356753;0
0.46847278063962217;0
0.23253852688703963;0
0.3940269109745326;0
0.31513309909050596;0
0.3905222500731434;0
0.23643443571308784;0
0.7388536252189231;0
0.5316269502401748;0
0.31692039300700603;0
0.40842362196476445;0
0.5373804499366014;0
0.5431065271802428;0
0.1441078134421559;0
0.7992632993555923;1
0.7206406542202524;1
0.6776611553140642;1
0.523536949034716;0
0.6931758644259189;1
0.38321875575376996;0
0.3369986228909941;1
0.6337374948118935;1
0.1723036410993846;0
0.6682631371955106;0
0.5070197890917919;0
0.6877231544400739;0
0.527040763541314;0
0.6369255061201469;0
0.6057588499386326;0
0.7175682762946451;0
0.30149857159900756;0
0.24782879273369;0
0.41391055650272773;0
0.3379924348778351;0
0.38320915004712847;1
0.33750637788470617;0
0.43768472759461774;0
0.25074539576771027;0
0.23836532862958174;0
0.36649186701074127;0
0.3401848476880305;0
0.5214234069970948;0
0.33615224033995833;0
0.3253588188382082;0
0.37492858834634674;0
0.7422554380836143;1
0.8613058224067693;1
0.716701047810289;1
0.8355936047173734;1
0.7470469641512341;1
0.4974236274156237;1
0.7348785213173626;1
0.8277302054164695;1
0.6920946843606189;1
0.8778173494969665;1
0.8419987930460124;1
0.7441320387353224;1
0.8073767225425421;1
0.7602921968668094;1
0.9199671407699855;1
0.830514035860469;1
0.626993571033667;1
0.7621728652237442;0
0.7070567556997335;1
0.25085660057011394;1
0.8384160288735507;1
0.7923797100207088;1
0.6771194079527753;1
0.7734600552378472;1
0.7978019269279604;1
0.8380899020387743;1
0.8975897892194159;1
0.8830362988367211;1
0.9242771179527723;1
0.47610086259961176;1
0.8862008747978617;1
0.8649785109902537;1
0.7650789996611097;1
0.7513222836019515;1
0.8552703681316375;1
0.8868345638525793;1
0.8123494918918426;1
0.5936916160608527;1
0.7383617421331189;1
0.8035868296255126;1
0.8425271048534619;1
0.6868400499225249;1
0.8809185340305559;1
0.9022637193845418;1
0.5227989698655371;1
0.8371243119515308;1
0.8174275574382014;1
0.8648180739524852;1
0.9357789502909091;1
0.8484381298038034;1
0.6626009489177624;1
0.8731121050746584;1
0.7637380399234494;1
0.84333656800992;1
0.6802760022219045;1
0.9170572913657509;1
0.863436357174222;1
0.7881633829377963;1
0.7551852618335537;1
0.7018425290341488;1
0.7189866531787846;1
0.8662717195469936;1
0.760600471087973;1
0.8198475247190404;1
0.7653546649681486;1
0.6982832068937469;1
0.8443549512694348;1
0.9144153874048222;1
0.892219326361633;1
0.8655741649912818;1
0.8714591289209613;1
0.8931579533366644;1
0.7859215654089238;1
0.8655989566654738;1
0.8035998897383925;1
0.7939415548413514;1
0.7824781997915826;0
0.878034948247773;0
0.8603938076472034;1
0.7044431979667234;0
0.7861423805580942;1
0.7600067296537731;1
0.8682928183803394;1
0.8568715386514439;1
0.8375695986779924;1
0.7518557425101828;1
0.814619812629913;1
0.8675320209713244;1
0.865757149131279;1
0.7899473400080971;1
0.9224872176129166;1
0.7844770560001044;1
0.7404358349378053;1
0.7845563800076524;1
0.8695824513989487;1
0.15898088309746078;0
0.20767804486464497;0
0.17123833880631792;1
0.164179725475049;0
0.21287826283957997;0
0.41107040377502824;1
0.18935906590994728;0
0.22843846588067881;1
0.2207834072508597;0
0.11712264529321008;0
0.14428520795940517;0
0.14477284328404008;0
0.2575689899932011;1
0.32881225660017754;0
0.10965196133588874;0
0.11946978647424651;0
0.14357752175700148;0
0.21692012362092788;0
0.17226426355659916;0
0.2782984314649049;1
0.10282667615651041;0
0.23548633615772538;0
0.1463493077290442;0
0.12271064555004413;1
0.149605151601413;0
0.18289151885484398;0
0.1372627156142409;0
0.13073689260193955;0
0.11548644425666868;0
0.1301035538895826;0
0.314598908103619;0
0.23593423358384505;1
0.16339908838176173;0
0.16455288409101265;0
0.142508637513953;1
0.21448839800447675;1
0.16590503096988005;0
0.16125051837817117;0
0.13000776343235043;0
0.7720251240544775;1
0.48776061343960553;0
0.7097701570722441;0
0.3907203919429808;0
0.5593682264909553;1
0.868898023491102;1
0.8926676309885128;1
0.4850737232067431;1
0.829201003816228;1
0.7462906666934718;0
0.8583414281943195;1
0.8862001468119388;1
0.7708226014472292;0
0.8951971936602391;0
0.8533656369612954;0
0.8158565557577312;1
0.27187889161905715;1
0.8220679394514003;1
0.801101731472322;1
0.84199888547789;1
0.7614080939160652;1
0.7031578425702988;1
0.8386187202560169;1
0.8675984627106412;0
0.6703724989136619;1
0.7926443634560585;1
0.5012379519489497;1
0.8411102092974228;1
0.4435890304386061;0
0.8313003256288705;0
0.4974450479927121;1
0.7969928537790173;1
0.8206405129062793;1
0.6177802806976874;0
0.8262586718798222;1
0.7417985426087644;1
0.7552074508647005;1
0.720762958947811;1
0.9048668838588727;1
0.7796511557496041;1
0.5266383416205896;1
0.20148804950705057;0
0.3323444837202029;1
0.2980333573779726;0
0.38186790496017453;0
0.3767202223451084;0
0.4410132949243976;0
0.12886940960104443;0
0.2376347423786451;0
0.29195083854858445;0
0.21533409665570447;0
0.16480501989670257;0
0.2606005748753695;0
0.2554169156771773;0
0.20139240225933175;0
0.18485181169859138;0
0.5273857054971618;0
0.2680251046892108;0
0.2713835148083199;0
0.35440973128072933;0
0.24574458591482828;0
0.33088702958321786;0
0.27214148002821564;0
0.4109307899288316;0
0.4129716438877796;0
0.2573220640294201;0
0.4702944055602905;1
0.30161154098990844;0
0.1648886972289128;0
0.169266369166812;0
0.12266996820098981;0
0.29598158163354177;1
0.3527271498139754;0
0.3157263685174309;0
0.3751335406977941;1
0.4730654236080502;1
0.3347245602873803;0
0.2507818954397011;1
0.34863673527417044;1
0.1823864980550484;0
0.21335775602236015;0
0.2627274646885336;0
0.11858347899685819;0
0.17153666751242896;0
0.12984931780176565;0
0.25801808721875347;0
0.18499983600503947;0
0.26418657550731867;0
0.27969306253970405;0
0.3066564291828244;0
0.20324638209125281;1
0.39005769393848194;1
0.26994695915807876;0
0.24542422814603704;1
0.33868733042845844;1
0.25793829094427295;0
0.33268546158377493;0
0.26001122807501525;0
0.2271096033611042;0
0.3403564722423245;0
0.24988472663351186;0
0.2604531715262019;0
0.28904034058197187;0
0.2949213986846808;0
0.2129514330908284;0
0.29939871247942046;0
0.2500738892070697;0
0.3115351245980626;0
0.18294550341966032;0
0.312203470607041;0
0.2091008835102326;0
0.2284742510937198;1
0.4074407982937243;0
0.20769667104564454;0
0.24696673124913546;0
0.22711428223186986;0
0.1431096628278336;0
0.20790229570923344;0
0.10505593593735568;0
0.10419881241713239;0
0.38906099234340147;1
0.22776768777955655;1
0.19884169190695677;0
0.20243195364734326;1
0.20319961397037425;0
0.4655600345586389;0
0.4117117714587909;0
0.22124867539750112;0
0.13967962456306993;0
0.14262400773011366;0
0.11054206078978833;0
0.5076201042699057;1
0.7499341368589161;1
0.7216505327205369;0
0.7399914382682472;1
0.6782501293370513;1
0.8204632234106464;1
0.8273465780175738;0
0.41659287892922786;0
0.734614847913986;1
0.8307348290133141;1
0.8268035049503764;1
0.6553234123655158;1
0.6764523476370312;1
0.7779141960655545;1
0.663289033409408;1
0.7500128445577089;1
0.7272308115780401;0
0.8463016667256655;1
0.667176079270229;1
0.924910261237339;1
0.8312619560873185;1
0.7766721293044496;1
0.8369235194114683;1
0.4345337039730438;1
0.9076573533880187;1
0.8977730825910009;1
0.6890369660148006;1
0.7293335403648888;1
0.7516504314321103;1
0.8926574594729091;1
0.7841578774949999;1
0.7620229502027823;1
0.7542541370660883;1
0.5470246319144604;1
0.765679261520124;1
0.5805007273172285;1
0.8562462622705626;1
0.8327442843976887;0
0.9002524401583775;1
0.8667357286724613;0
0.9090880282825544;1
0.7498733734082021;1
0.8052448673443413;1
0.5743982954307006;1
0.8208461526528779;1
0.7221549914895994;1
0.8333523819158714;1
0.7531167964050447;1
0.5673454209508655;1
0.7753002587511095;1
0.34217531557879827;0
0.3033715884774987;0
0.48565904648356495;0
0.2773889521154684;0
0.2805194920854221;0
0.33498857092934714;0
0.4006728450145728;0
0.33880920462549835;0
0.5329392750812693;0
0.5968939986297408;1
0.55305498090201;0
0.8488082825240714;0
0.7424733181719858;0
0.3464330901782552;0
0.26025682585444865;0
0.18746851317526605;0
0.26164037703129633;0
0.4552686796000726;0
0.12273670974089666;0
0.10582773771447535;0
0.39520233694504087;0
0.18996874971949063;0
0.2209093369129319;0
0.44855584658307285;1
0.46756828913634507;1
0.23763969041681304;0
0.3225443251906524;0
0.3643005746781535;0
0.25723835805086886;0
0.3518680289626599;0
0.4512489167712276;1
0.3226899105974671;0
0.2195492275696271;0
0.34306752213816577;0
0.3755295972995384;0
0.3022242523315258;0
0.4100024254143298;1
0.21369331142508233;0
0.345817103702627;0
0.3941202246592552;0
0.48590388300823184;1
0.37010730619532384;1
0.5095033664292645;0
0.16259750634103676;1
0.11455013931325134;0
0.13202130144363639;0
0.1059916612079582;0
0.17745564064360136;1
0.15923123602181816;0
0.20397997421976424;0
0.11065245522596975;0
0.3233388150840703;0
0.16559567707420333;0
0.19511364129332553;0
0.1995363048147331;0
0.3554815876136995;1
0.3156374284331192;0
0.24072349569179133;0
0.1868106384316529;0
0.3304088471165924;0
0.3671333587948444;0
0.3778529412675947;0
0.1606841314756129;0
0.24652769410887043;0
0.25840672398163017;0
0.3906077432850698;0
0.2868492055332291;0
0.1713584844001736;0
0.16368140156520267;0
0.2566227473507497;0
0.390845770084824;0
0.25146891357371964;0
0.17720842461663155;0
0.44758063364350154;0
0.7382526958686353;1
0.7562932006034514;0
0.8568284337109606;1
0.6850660426808307;0
0.8805092496171902;0
0.47405131945218365;0
0.4158663505315967;0
0.4151817855809837;0
0.8049318558555322;1
0.5785300471754997;1
0.6946639764024841;1
0.8080845260585507;1
0.8447341570722552;1
0.7207174530635236;1
0.8247839496385738;1
0.8921233356331808;1
0.840214611069565;1
0.7576768182240464;1
0.7713853714332973;1
0.8938959157255645;1
0.3019343653982963;0
0.6300009837689435;1
0.7984802604475072;1
0.7690420665450359;1
0.7397669764756942;1
0.5082142260265897;1
0.8372239658834892;1
0.7916605349529471;1
0.1701706840677007;0
0.32793099375249324;0
0.14628751407466317;0
0.36980961107061383;0
0.14744779879901382;1
0.22015604964405902;0
0.27124950480481586;0
0.15900056823919767;0
0.2659146586509281;0
0.22483945840234176;0
0.2429814242082851;0
0.17509718922025283;0
0.428988960329626;1
0.2100504343749705;0
0.24956469826665012;0
0.10770404076968848;0
0.24662412742150616;0
0.2765971090678292;0
0.17712517973606218;0
0.3570240184184634;0
0.37166565124872136;0
0.4229442890891477;0
0.19237458945821764;1
0.14287272910125964;0
0.1749437682192508;0
0.2634707528759521;0
0.13407663674428155;0
0.17341065877206677;0
0.4821153087686955;0
0.19730336709779556;0
0.16951021176657935;0
0.2408772027652636;0
0.1841229598201673;0
0.2148217384341378;0
0.1158145528786665;0
0.14902264319310513;0
0.10877195826809231;0
0.21918258321906497;0
0.19580885396001538;0
0.3324113705999869;0
0.2074377258251142;0
0.18807063514016278;0
0.24998353993169348;0
0.32326443979333186;0
0.31480332781417525;0
0.29211763598639556;0
0.205618646593078;0
0.17021624762978288;0
0.19813950090169008;0
0.15058255931403364;0
0.11357502993737101;0
0.15739869520292898;0
0.1085843287955262;0
0.13452030029662557;0
0.25345701203218607;0
0.1955550632085935;0
0.2325486869901047;0
0.20337268779100448;0
0.24375935732435877;0
0.3094619758772463;0
0.21333762732716954;0
0.22488631696226385;0
0.27495913530930555;0
0.2647998516186529;0
0.32435654333516495;0
0.40057836881662795;0
0.14582960824320373;0
0.23393691799680286;0
0.35167266245631107;0
0.2856459956485239;1
0.14331470664902377;0
0.4148737661898715;0
0.24191905281273854;1
0.2485496984070814;1
0.8479717398156086;1
0.8430943098743582;1
0.4526763544462799;1
0.4519088849285171;0
0.6193803509334235;0
0.5850208766413533;1
0.37395881498589223;0
0.3784902740052153;0
0.16435192380967414;0
0.19360049023783035;0
0.22531759941283938;0
0.44400122835820455;0
0.3814697721440022;1
0.11321919081084242;0
0.2538501698078044;0
0.5540941112696742;0
0.5529782008356359;0
0.1651969826044442;0
0.4004513297820809;1
0.3076492089510825;0
0.18088262894450488;0
0.3242895031917849;0
0.24766107006569055;0
0.17694544258896264;0
0.17002441642113025;0
0.34335006751304753;0
0.23166399664843457;0
0.26681419325894723;0
0.36078635613991034;1
0.371024189507366;1
0.49829641918440803;1
0.3387939314334608;1
0.44285803369478455;1
0.2794065619252615;0
0.27076320841064444;0
0.22712953510706269;0
0.1465472249567987;0
0.12172646477994688;0
0.4034765156201706;0
0.2082357144164659;0
0.36664605797198585;0
0.28458915859540823;0
0.3649941974793135;0
0.4143049169799311;0
0.23230267340489774;0
0.4316278673151097;0
0.19904429812617475;0
0.21482169739910675;0
0.43206283033187914;0
0.3451658145590137;0
0.21996462557246524;0
0.31832707209964917;0
0.27351586072124456;0
0.5404694646138939;0
0.32796408888186185;0
0.22731841590565735;0
0.2127536342221681;0
0.37311753736886527;0
0.2537941659454914;0
0.18544851518607125;0
0.28217690120091743;0
0.17324111608722495;0
0.3718024310367556;0
0.3919663049399977;0
0.3293487315717255;0
0.3308346038890513;0
0.23609064428405777;0
0.49244975741416375;0
0.30082396874277284;0
0.29517254634766776;0
0.41332117429819304;1
0.4144491730572655;1
0.38757808515055997;1
0.5534550938535286;1
0.4707037490397315;1
0.33094637337614685;1
0.42994394876517333;1
0.4017552331874057;0
0.3042078227601176;0
0.4296540289583415;0
0.4997960988958275;0
0.36259867926352823;1
0.3253576939233836;1
0.48755342728866635;1
0.33050658276604766;0
0.5418435110040555;1
0.2821261738670991;1
0.4174024697090026;0
0.2985760223927565;1
0.3773649354244643;1
0.3893279520637985;1
0.5515919070900988;1
0.30775343769215635;0
0.44617520340265165;1
0.4143393287984392;0
0.2093054718285907;0
0.3952587362250191;1
0.38399090800902896;1
0.3598039136282817;0
0.3458972502831631;1
0.3360139536600642;0
0.3214245113255332;0
0.3024661495594875;0
0.36075464066744983;0
0.24311252658748034;0
0.19821816490204588;0
0.23042855800153078;0
0.16183176788552334;0
0.37096443406447016;0
0.44175449970676056;0
0.5114404056065516;0
0.4334637682783437;1
0.5249481417128026;1
0.43994056437851153;0
0.19293496351395556;0
0.1444315122543813;0
0.1432359537902883;0
0.18671212571179807;0
0.13401106184028844;0
0.2865203893156671;0
0.2321337449878727;0
0.29672759344007416;0
0.2289827465647553;0
0.1300877091016939;0
0.2469794284064986;0
0.389833280275337;0
0.17281676300733476;0
0.18806812229710534;0
0.25191454722004614;0
0.6694488230441902;1
0.3722959887062509;0
0.3415248037636126;1
0.24634940385287232;0
0.15286621121212016;0
0.18834096746772022;0
0.3462436349410943;0
0.17834690505932616;0
0.1773502091475062;0
0.2068216483236364;0
0.1943261466008525;0
0.14963972210777252;0
0.1874206614330489;0
0.19549063770229513;0
0.155050453035352;0
0.17194573729706078;1
0.12391975457367353;0
0.0976660776791872;0
0.13875541670193728;0
0.1304294614143164;0
0.1554696750182418;0
0.21094891370242802;0
0.23149759354841207;0
0.1999367595725707;0
0.22359587590448202;0
0.17184160015514152;0
0.16634277712018444;0
0.1297362570501273;0
0.18825499744438273;0
0.1892190518848541;1
0.13169066987437644;0
0.279998846430148;1
0.14342357255176408;0
0.33518345104744907;1
0.19628972808207443;0
0.1867677832475963;0
0.3573288705946864;1
0.23192248920495984;0
0.3486612390205552;1
0.3422994999840231;1
0.16983872773319567;0
0.2096458745517024;0
0.44419999050647335;0
0.5005532403667406;0
0.6244507905084333;0
0.28816778859598574;0
0.1880429911822952;1
0.33215228482221726;0
0.20383332599006254;0
0.4123332136543983;1
0.1700035065807774;0
0.332713438789628;1
0.4821689486257236;1
0.2804275073826458;0
0.2563750257693666;1
0.39234562181550886;1
0.34518575859085293;0
0.2313366860588007;0
0.4647355597449144;1
0.3013672595461307;1
0.38442407463119804;1
0.38636675061668374;1
0.19279917215430634;0
0.09321401971015755;0
0.21009068639488418;0
0.15311752625436265;0
0.3426949179326559;1
0.3787989994556098;0
0.5208253666148213;1
0.21132582561796254;1
0.15619337674831954;0
0.15260943435790966;0
0.26956596036858077;1
0.2901334740004095;1
0.33922244376470984;0
0.3253841738634004;0
0.49754301588520167;1
0.1675664554116288;1
0.16835910899578274;1
0.32970092069692086;1
0.17104845323601217;0
0.18495273818804164;0
0.21223631366658907;0
0.178786038216012;0
0.23153000009999197;0
0.14189804562676572;0
0.4445926408095945;1
0.4714294072538112;0
0.3865834994662637;0
0.5030689036842726;0
0.11737879181543441;0
0.2765484609132101;0
0.23093299404160494;0
0.17208718721855729;0
0.24493956355507732;0
0.33116286200171485;1
0.20233104703732982;0
0.21133620612953574;1
0.2857399027878735;0
0.33676712348181814;0
0.0908376479351297;0
0.18192690527210909;0
0.15068334346257714;0
0.2071287977781687;0
0.20255568904302712;0
0.17065290129414518;0
0.19468211253165205;1
0.2345236803893797;1
0.17452936595925372;0
0.19742826851119882;1
0.16557714073760282;1
0.12971821013760684;0
0.22083905000040582;0
0.2871819962616061;1
0.2627765542395965;1
0.2779669678982219;0
0.1642697545390941;0
0.17991958602789684;1
0.2965396913067407;0
0.2517838025019426;0
0.26283550519952575;0
0.29811390194281884;1
0.2824934647974845;0
0.2420456321058158;1
0.18328639575749908;0
0.21421119416602055;0
0.3300168147961963;1
0.18983268547308746;1
0.20013697303808095;0
0.22262444132869524;0
0.2260065543669848;0
0.17249729815661025;0
0.2570401663893614;1
0.24860360307314647;1
0.12126515540031026;0
0.30961590162022534;0
0.273628593535831;0
0.3143512289694364;0
0.39416379615785735;1
0.3845627958595972;0
0.13574867894517023;0
0.6228647523623566;1
0.1584562089859147;0
0.17482352936468062;0
0.11324919640888305;0
0.1491792278702241;1
0.509943783005082;1
0.1301009656244102;0
0.32168102195786363;0
0.2989132359070672;0
0.2501174339543908;0
0.12947332825904787;0
0.2877648347668357;0
0.40889551942195385;1
0.24361285670902372;0
0.21030637436978594;0
0.18109313286316353;0
0.2641950804898442;0
0.3395365743561904;0
0.4121453609807011;1
0.22808196671478637;0
0.1369841293142665;0
0.22363404030130365;0
0.2430736572106245;0
0.2722185285684337;1
0.24254269574381082;0
0.3058065242135445;0
0.3727355258387768;0
0.29725727294276205;0
0.20317431801415925;0
0.3835277484285376;0
0.1606900272954494;0
0.1388797652126653;0
0.2939536210426363;0
0.26258107063860586;1
0.12189172202257974;0
0.42036688559002605;0
0.16885673658882958;0
0.25273854868206325;0
0.24430402619092592;0
0.2785056736786856;0
0.4242704294925213;1
0.40492227206513426;1
0.12866086397969415;1
0.3472395006502809;0
0.3713311423739589;0
0.21722147778870837;1
0.47870105477414543;1
0.45483346878058184;1
0.3767538773963559;1
0.24381984865488424;1
0.1987943341638118;1
0.19080111932614585;0
0.2742404741567619;0
0.09533942534762067;0
0.2194644368862592;0
0.2875340746077905;0
0.3523411862267182;0
0.38628688356441443;0
0.2814630318225949;0
0.2603182736877569;0
0.8427740314338179;1
0.4153697966838917;0
0.4337067136785322;0
0.4337660041991819;0
0.39132883954711883;0
0.43446735751348897;0
0.5148883881101305;0
0.47210751832888775;0
0.17593081103296693;0
0.4235079306937036;0
0.31373303895053595;0
0.3744604049182551;0
0.09027016096832696;0
0.19199545294649176;0
0.15752441935823797;0
0.16975876155516814;0
0.24430327631123733;0
0.17965684932550086;0
0.09903505817663975;0
0.07321056462426202;0
0.15636521004754733;0
0.4592788260455714;0
0.19767488557281013;0
0.2943576449503616;0
0.08740776662974009;0
0.21562786423195285;0
0.21745809178452644;0
0.12174059754505408;0
0.17356002968567957;0
0.2862942749179417;0
0.20113660315309717;0
0.09698525077759303;0
0.1535558553905459;0
0.14754294127826514;0
0.12798619220611313;0
0.18714349721316853;0
0.28597510655401104;0
0.20467386844049504;0
0.12358051280244242;0
0.2050854347730845;0
0.24670541559844159;0
0.23184274362917953;0
0.16474876386882167;0
0.13049307237974112;0
0.10802468689737682;0
0.13430643210972104;0
0.2233671403400633;0
0.19120054113712195;0
0.23388347879230817;0
0.33645432853786034;0
0.13657870632116495;0
0.1559280077331862;0
0.1371362523097919;0
0.2796247550343065;0
0.12437698063119798;0
0.19914817418829478;0
0.23578333111491595;1
0.12739907184731064;0
0.2667188067391676;0
0.3088177261719935;0
0.4538734929798237;1
0.33418404648037664;0
0.40298302859713653;0
0.3067457656219229;0
0.3348900684660851;0
0.3403905601157352;0
0.6459572696484208;0
0.2352222843887127;0
0.18510413800779518;0
0.3601531155612974;0
0.3573885530714317;0
0.341604868347001;0
0.3278686627005239;1
0.41443242556051235;1
0.5081478196561231;0
0.2634370684545984;1
0.3541049634801242;0
0.21108914590072148;0
0.29372721631227405;0
0.48603245441508214;1
0.4454075521221292;0
0.3697014982492598;1
0.37912754550118344;1
0.6593936319378573;1
0.5516303762409012;1
0.4470578002985033;1
0.4304859406685321;1
0.6172357444943612;0
0.3833607405158074;0
0.1847311581860568;0
0.1732650733236364;0
0.14821382649893727;0
0.1584873398649324;0
0.26570497495436807;0
0.3489102762439399;0
0.15599570664969056;0
0.1385535188171024;0
0.1226359226153676;1
0.15868459724129325;0
0.5342940728257902;1
0.5856483875704019;1
0.5702514283063242;0
0.44775186250856797;1
0.5085709472807198;1
0.5448780527073693;1
0.6959610625171365;1
0.4679271589554811;1
0.5018062389854051;0
0.6835665707963497;1
0.5689862911052536;0
0.43152413895869235;1
0.4927802943374921;1
0.5100124162762548;0
0.6851747932802439;1
0.4945137164415401;1
0.4582929470378703;1
0.42134061530893246;0
0.7039978976623169;1
0.6041893679450618;1
0.4175109620712666;0
0.6281433970137761;1
0.46677885986512185;0
0.5459694636418501;1
0.7612760792952571;1
0.49586024400182876;0
0.517049215559834;0
0.560702997410867;1
0.6827032202411718;1
0.45597537627283513;1
0.5695854814463012;1
0.7128173519181003;1
0.5211874699538952;0
0.43460871877558677;0
0.6649909325776122;1
0.5355063166879963;0
0.5673141012959989;0
0.7099022122407974;1
0.6997870574066474;0
0.42399587427525043;0
0.5954558904678015;0
0.46925436856144137;1
0.21283991491962437;0
0.2676378903230624;0
0.18702039211636046;1
0.2483321280099221;0
0.14062451531827877;0
0.11715667875490125;1
0.24479948927763176;1
0.26151888306614307;0
0.1817398288187257;0
0.2178325072675503;0
0.22093717959191883;0
0.11127984849998396;0
0.22820218461412284;1
0.10393526379909915;0
0.20194044587739735;0
0.16900950422803013;1
0.5398088233954954;0
0.6192839861529726;0
0.5745828790330502;0
0.6445124476560218;0
0.4780764818566368;0
0.5481224767904942;0
0.5305284227026519;0
0.5140227648209857;1
0.6180893697801755;1
0.6533175891108961;1
0.2800122381406354;1
0.20754489170215498;0
0.12412934574811738;0
0.21850489963200037;0
0.16567813293410294;0
0.4105515511537452;1
0.19443116037195174;0
0.6102365463515788;0
0.41953273384539347;0
0.3181742244432732;0
0.5933624984194599;1
0.38301328863456335;1
0.1993028319672196;1
0.12072415697378698;0
0.4253801535668239;1
0.3718124510245689;0
0.8290211353985668;1
0.3110288820254143;0
0.49136749900184773;1
0.6532391683372651;1
0.49259741958985537;1
0.4221323317118473;1
0.24204386196857977;0
0.7180475016205299;1
0.43669848694114693;1
0.6178652016550875;1
0.41567121351491476;0
0.7492185984727846;1
0.19557487088720354;0
0.2762740381195129;0
0.2820899467802725;0
0.7794275577136919;1
0.22413413209631824;0
0.6806761997200167;0
0.29219970800208206;0
0.28243162647587183;0
0.6711339851073869;1
0.24757338704959936;0
0.5062807970083996;1
0.4815163619457778;0
0.253615205394858;0
0.6625468944361491;1
0.26014297338910514;0
0.6375066735874113;1
0.25136234141338715;1
0.7175865159625691;1
0.3060577617373635;0
0.28770548882419633;0
0.7885502357508007;1
0.5823817765161772;1
0.3803788522652848;0
0.8222398427965135;1
0.4808244168398719;0
0.49908005444456555;1
0.34392489547781135;0
0.6934545533291706;1
0.3614422337221358;0
0.5758845117795819;1
0.6523037151118114;1
0.6332731473776271;1
0.4495852630673763;0
0.40456850482813655;0
0.18464782069985322;0
0.28229559107252916;0
0.5349723460608005;0
0.23327889119957107;0
0.19220704411507986;0
0.5486403096754053;1
0.6789231998593478;1
0.6068802535672497;1
0.7515850288513685;1
0.49274145187919666;1
0.2401561254754339;0
0.6340152361103637;1
0.28310378411963216;0
0.4522972331116527;1
0.30575912629374097;0
0.20778918236480876;0
0.5859306140458924;1
0.3035512045988328;0
0.19633598572953148;0
0.4701300601849096;0
0.23443445839507557;0
0.5640662322777358;1
0.21747272520604463;0
0.2837688417217498;1
0.41554145026866157;1
0.13075105102923495;0
0.16251917806445745;1
0.23121842098824164;0
0.3077938774092362;0
0.3261421849493345;1
0.3813464562175638;0
0.4070281643378866;1
0.16430227437641817;0
0.19629887890998657;1
0.23049778084730646;1
0.2770777318362704;0
0.13581308188870575;0
0.29484079939034236;0
0.25866426193713116;0
0.32847926597849025;0
0.13731662503268102;0
0.24166490621248327;0
0.2658326668034208;0
0.3413076467413625;0
0.5081961528120751;1
0.6004680454757134;1
0.31652726547684007;0
0.28208747613832996;0
0.2608580193784448;0
0.432685059488458;0
0.43142764967114217;0
0.4314151950483855;0
0.4336281500070875;0
0.42451572664331366;0
0.2981726000796215;0
0.20978719518827998;0
0.38341067638149945;0
0.7046772564237195;1
0.2785258922773983;0
0.3159844555514416;0
0.41578060011110307;0
0.3539161100147934;0
0.3302682178511;0
0.3433047954936278;0
0.2711082977893485;1
0.17849973521815712;0
0.3584954239179131;0
0.7181876956041782;1
0.7848167503769183;1
0.38694860974977313;0
0.3325592813805805;0
0.5233749449018933;0
0.15664753179845847;0
0.18494107980330185;0
0.1417040421564493;0
0.12446541160860566;0
0.11777019694383944;0
0.35375483298913557;0
0.16270602472283444;0
0.4400331491120678;0
0.30872813065052046;0
0.36214897463953294;0
0.1710059402509401;0
0.13377350519052594;0
0.1076069710966615;0
0.15413551039563164;0
0.1788407659455072;0
0.3423709609655795;0
0.1257424344596017;0
0.2546255230899807;0
0.2637568068940466;1
0.14676768921320582;0
0.19427787477887634;0
0.3897223651831378;1
0.20213487181518522;1
0.25467114761159393;1
0.12558244865368254;0
0.20164080453166033;0
0.1437739755410271;0
0.33870465739481237;0
0.09868743227611838;0
0.09264197709230679;0
0.5519305226067421;1
0.5880350468616893;0
0.36507075453043214;1
0.3053752599998786;0
0.5509524013902196;1
0.36423858489275374;0
0.2627825723757993;0
0.4242557356267987;1
0.481168708249285;1
0.4968690555819313;0
0.7463339066647522;0
0.7165531582546606;1
0.18376474825725883;0
0.13549666002960428;0
0.19393150936106152;0
0.11703145704231621;0
0.1329321796521194;0
0.30162680786953416;0
0.4155480631014824;0
0.2242458650889173;0
0.256297568631404;0
0.23242531734815028;1
0.20594093090224747;0
0.3820846766711978;1
0.29860560272865017;0
0.1320867033781258;0
0.4428446920951275;1
0.4565361160270799;1
0.13602488814953453;0
0.299795669033922;0
0.36504873740331034;1
0.08231447323294754;0
0.31432187043034954;0
0.31706372790861886;0
0.3802938966895076;0
0.2613106237947789;0
0.4343018313870778;1
0.35627097575857314;1
0.42226559469371;1
0.3865631423578623;0
0.3151757991017068;0
0.27967950279453346;0
0.4092176873661373;0
0.574006139417696;0
0.7065451723488065;0
0.6927292609311304;0
0.7423854171954255;1
0.5654693888734678;1
0.2133199693251865;0
0.2845582038109591;0
0.14420929640081867;0
0.26330367179606023;0
0.1269867368914794;0
0.23682141284778344;0
0.20569718234495132;0
0.1665695938250083;0
0.2970405534170827;0
0.4690982098830974;0
0.13943718776705716;0
0.16651549414678138;0
0.12977394452419827;0
0.11307083038335333;0
0.0972869607869821;0
0.11714046999202574;0
0.2612560938945644;1
0.22058398688682163;1
0.3795474704086689;0
0.17273669198871905;0
0.16439841966186092;1
0.145758644542672;0
0.3004691690224028;1
0.4754619559580543;0
0.2677930844922021;0
0.1908510042178881;0
0.17347079495349543;0
0.25872471914898276;0
0.2435402686134827;1
0.2689511002529693;0
0.5791499782341446;1
0.14365659269534367;0
0.1548243020629679;0
0.16082909706725615;0
0.31495408331726843;0
0.1554494988881975;0
0.19709206900595364;0
0.25092917338458337;1
0.46239477237764876;0
0.3357164733645087;0
0.23511145206019776;1
0.1679463170132076;0
0.19418205482180437;0
0.19534579059113744;0
0.49818645691632457;0
0.4692933532837875;1
0.1929227013544264;0
0.26863295276758054;0
0.30116598120063554;0
0.16893626157420247;0
0.15410477937530603;0
0.17785552246847466;0
0.2058959012009303;0
0.23748069007723405;0
0.11493961426207583;0
0.1457510882613853;0
0.17723366261039503;1
0.372975274917897;0
0.2668842883297222;1
0.24437659515702517;0
0.442270858924854;1
0.3307298336480876;1
0.38442369376072316;1
0.2701854108339943;0
0.14689243453824985;0
0.1299687828431185;0
0.5417600176059224;0
0.44528960280554375;0
0.4304768510815635;0
0.540278865080271;1
0.38286412508613965;0
0.38978695393666285;0
0.5679740106281359;1
0.671956093173667;0
0.39220252435297287;0
0.475795840734917;0
0.4015208619269821;0
0.4074918215653102;0
0.42206515149744733;0
0.37133024162125733;0
0.5485256639621823;1
0.6524107038033494;0
0.5597147123551577;0
0.5328169986694022;0
0.5154134754868033;1
0.16683780964680336;0
0.335527026293104;0
0.08997863470741749;0
0.12060028407588273;0
0.1899885623789803;0
0.31018832195550544;0
0.2614274155820988;0
0.3040911670614222;0
0.30016084792224645;1
0.23456838040958358;0
0.3561832781379925;0
0.23296347670642756;0
0.38353848491012416;1
0.250365460800799;0
0.17656992884051884;0
0.1989573463075071;0
0.24845362254322778;1
0.41212654512068625;0
0.4801737486842994;0
0.23248612054599013;0
0.1424400147340241;0
0.244033338554651;0
0.3765911137682506;0
0.5625407681741648;1
0.2304411180645445;1
0.16949267642330604;0
0.25137773880306935;0
0.29900101996712836;1
0.21285891777774532;0
0.1883890206242332;0
0.21790625564754582;0
0.22201455313445356;0
0.14195745369327348;0
0.17809263243298368;0
0.21933063347760148;0
0.22109078085026015;0
0.27759462592402956;0
0.21198336827882616;0
0.17104815100486792;0
0.2447055046357112;0
0.23837782772838306;1
0.30299790480268973;0
0.1439442146710973;0
0.19591270678516703;0
0.2926980670690018;0
0.13186665436996078;0
0.25356769548931263;0
0.13047785296605224;0
0.1283382832670769;0
0.21507101174702864;1
0.3158401051178095;1
0.24686080683580833;1
0.42391159885143165;0
0.46915695488441883;1
0.577908287535385;1
0.33463465734549575;0
0.4106117574868316;0
0.4791999196042717;1
0.49958006852641185;1
0.26620765139166047;0
0.5524406457300862;1
0.42406416600010394;1
0.4780662956601676;1
0.5746603299489652;1
0.5251629549604631;1
0.5830740539557682;1
0.33948986018098687;0
0.4222087721497389;0
0.12491239884410993;0
0.1687983662338558;0
0.14177286928076105;0
0.18944567494836792;0
0.14474609068907787;0
0.15540577008333628;0
0.23670500343266934;0
0.23533938377628347;1
0.3175500950956153;0
0.12970727550259709;0
0.13856073605874697;0
0.15904068742418473;0
0.23569418395896652;1
0.2586664567404438;1
0.3174595522684294;0
0.24849352282110826;1
0.46406085423891874;1
0.14004123314585706;0
0.32718586013552836;1
0.1938652497705695;0
0.34246458358440407;1
0.37000513690469133;1
0.45136405219507614;0
0.4739331949437463;1
0.5461323473468144;1
0.454523485872043;0
0.29922620162955704;0
0.285055896617487;0
0.3646014095768145;0
0.23739017075197755;0
0.21471728758595693;0
0.2646978732309297;0
0.15708471902277227;0
0.2109637410824487;0
0.23685036408172885;1
0.12383135826008553;0
0.20288006969793188;0
0.2430381131164422;1
0.17948336909233772;0
0.13477791971913622;0
0.15665674816106973;0
0.2995698192763888;1
0.18334789863395795;0
0.40752529988250774;1
0.1568693036501549;0
0.36376420120646774;1
0.20300199006715722;1
0.24851438642086718;0
0.2063416138341001;0
0.15668447550625442;0
0.2386216107307592;0
0.34981774809111754;1
0.12991355505975555;0
0.16039250671512661;1
0.14455903017077504;0
0.18262929353591553;0
0.404987607709856;1
0.21145243158231491;0
0.19703563011611902;0
0.2045226769505244;0
0.3237516653147899;1
0.22633989432488757;0
0.29925644916129973;1
0.18350196401338725;0
0.16856372633897754;1
0.34841740165015195;0
0.15798703160100794;0
0.23550012315506333;0
0.30909470826393726;0
0.2617088296123263;0
0.1307948470934494;0
0.10976823427844695;0
0.1851617664857989;0
0.13414573827376827;0
0.23563086324347682;0
0.1618592742259231;0
0.2517145019537044;1
0.3731316874440905;0
0.17014765669906298;1
0.32833786183010905;0
0.257978631046592;0
0.16664589037549302;0
0.243300888176684;0
0.19279483259202757;0
0.15509405397677264;0
0.13850651396523878;0
0.15818006979565163;0
0.16469362160144896;0
0.24246713612339604;0
0.1687888118141782;0
0.2553348032151899;0
0.2595561755172206;0
0.23434880082109796;0
0.20037803781014257;1
0.15197544974695257;0
0.180486762961725;0
0.300480375511108;0
0.25788770082007917;1
0.18276691446709692;0
0.22264392112944822;0
0.28578940039204537;0
0.2865531570895802;1
0.22685743544238288;0
0.3331554017945956;0
0.178203536138798;1
0.3194904113356083;0
0.15532113648682142;0
0.23639868146966114;0
0.24423286406246303;0
0.15279697369910855;1
0.29716556534504857;0
0.37508144138472416;1
0.14841392847727158;0
0.3332682706570904;1
0.37568351499918107;1
0.5065797710060285;1
0.5858980129725948;1
0.38852133835436503;0
0.21139595975385914;0
0.27822735847033975;0
0.2036956374394863;0
0.40237789351003417;0
0.7269512100302424;1
0.7416580437058644;1
0.4261622546069944;1
0.7195053313406355;0
0.8040120590943147;1
0.7853991806498165;1
0.6570959616724925;1
0.7482091187928559;1
0.7626746533698716;1
0.13176580058095547;0
0.36379485931355987;0
0.27641815616511767;0
0.6191012028728874;0
0.2465750288622163;0
0.5213335551698625;1
0.5396459208671025;1
0.4858322723272523;0
0.5814462187930982;1
0.6597041577022963;1
0.577880794698937;1
0.4852917512777195;0
0.4770446337230575;0
0.5114595264977373;1
0.4755386546288901;1
0.5730572218113684;1
0.6327337093797084;0
0.15910038714939576;0
0.1361861544952346;0
0.2188762709656798;0
0.4140224990657966;0
0.7906619325582319;1
0.7349371401447884;1
0.5709273682604735;0
0.7338881461877973;1
0.8663694595769765;1
0.7896215928889532;1
0.5400739421762211;1
0.8896356950152704;1
0.8347589780165193;1
0.8159151486355368;1
0.7559122675529946;1
0.799804799688478;1
0.7706758650333154;1
0.5965182601401721;1
0.7231488651075626;1
0.7554794141667135;1
0.6755610255768252;1
0.22405432696960217;0
0.29303219204996706;0
0.558168800713779;1
0.6057405204261568;1
0.49722283289569774;0
0.5287302430186267;1
0.5409429276749611;1
0.5398450458303227;1
0.4980985330313164;1
0.6671596278243154;1
0.44065138158747846;1
0.36323956954027137;0
0.3249213259110477;0
0.1594646061502793;0
0.49181469840693776;1
0.21016614430128752;0
0.4526493327723401;1
0.2122552755606604;0
0.20415490488148252;0
0.1886444931819683;0
0.24824250751342108;1
0.2535445705319664;1
0.2076938377269016;1
0.167669284891619;0
0.13621354330076602;0
0.1718276923705422;0
0.214600900630679;0
0.4280053849345802;0
0.3237374339927822;0
0.20603647033542022;0
0.12238722421331319;0
0.3629617573272956;1
0.4510680845352601;0
0.5456607003743654;1
0.5189110001477257;1
0.5011130500472667;0
0.5689175934780358;1
0.4544382812642283;0
0.6247530261950531;1
0.26249340310055697;0
0.26134450894286715;1
0.4562481985175228;0
0.27258529083371813;0
0.4702797812005338;0
0.4942624067558855;1
0.13188336647291846;0
0.10236391731992792;0
0.24387133469264535;0
0.23662187248147448;1
0.3561953344841902;1
0.2832471335752897;0
0.27905567577510354;0
0.16189836172149646;0
0.152826315726742;0
0.20726690810392118;0
0.46467989562299045;0
0.16699367907760676;1
0.13303587999101008;1
0.15869506447084092;0
0.11271939671954588;0
0.10677175953682556;0
0.34970603728627997;1
0.31070105694695027;0
0.17399501109644785;0
0.1587148877382007;0
0.5021215528009664;1
0.29666683330119287;0
0.2255251434965092;0
0.360056950999474;0
0.2923730320578864;0
0.2084531603883343;0
0.27436745952030006;1
0.24109448220201507;0
0.19201026053478748;1
0.222601981857993;1
0.293020578583191;0
0.2744245267079359;0
0.2237577699836462;1
0.23624371108786257;0
0.34971132736658567;0
0.20680929269889664;1
0.46531612075914486;0
0.2398416450322351;1
0.3182121722202869;1
0.25735008562513656;0
0.4220304971911015;1
0.5153119889347884;1
0.26229070222473694;1
0.20857262128250914;0
0.30682212790353974;0
0.3869073594677928;1
0.3315102360883253;1
0.14638256720074644;1
0.30301992568757186;0
0.29866184370066073;1
0.2739349464629356;0
0.2982938417799312;0
0.2332066200739879;0
0.17615809382606354;0
0.19979479305278885;0
0.4080362081236949;0
0.2476908703487604;0
0.3139824686475687;1
0.31630425065720774;1
0.3285368733101077;1
0.251033584595436;1
0.3056761649249975;0
0.23398463843837408;0
0.27701707522818386;0
0.3732618788315194;0
0.546763504343533;1
0.2650577011188887;0
0.16550176575511455;0
0.1375765733972242;0
0.18343158641311302;0
0.2359537965667165;0
0.16298702342432372;0
0.1025098250295364;0
0.2186596561428063;0
0.1909404503051498;0
0.3795802596180987;0
0.45350741769731084;1
0.2411253545742299;0
0.1400211763209635;0
0.2270283992987707;0
0.19860643732389302;1
0.17815811692518285;0
0.13257282921262165;0
0.1498546345216631;0
0.4022495596222731;1
0.3472883587958637;1
0.11402115882290548;0
0.13826253837772498;0
0.3565688747991206;0
0.287796147030095;0
0.3252275174405882;0
0.4033504090168919;0
0.3875468862901724;1
0.36347284738083724;1
0.4948491145800036;1
0.5312602478074246;0
0.5979281158463359;0
0.15819111689423512;0
0.28106300880245494;0
0.26513571810352543;0
0.17456635504825171;0
0.15563830200065346;0
0.18535732640738187;0
0.5469525693077756;1
0.28590856265627956;0
0.22806248355305525;0
0.1835245902527904;0
0.3391456406921092;0
0.8779801333660262;1
0.6145853337705093;1
0.7529568556623923;1
0.1347338063549013;0
0.26725250793525634;0
0.3214276007668367;0
0.7494195067145217;1
0.6973093880384573;1
0.22973294174555786;0
0.266267073485598;1
0.28453924769736305;0
0.293462917873393;0
0.19738580665034172;1
0.3070618111985385;1
0.2761834098491514;1
0.17141057882891025;0
0.18237250181308354;0
0.3150718892472978;0
0.31419384421384056;0
0.20849899927389298;0
0.16636880376285626;1
0.29791017711223383;1
0.12972584538322493;0
0.3238140466823609;0
0.17956743772413608;0
0.36541875768112236;0
0.22897039293369437;1
0.19792789329352162;0
0.4192258953570195;0
0.24361510280568593;0
0.19835328878917327;1
0.32936710156313087;1
0.377802558799667;1
0.15323331239716437;1
0.2911512472977874;1
0.47963233363258395;1
0.4792661790554927;0
0.3696395484669535;0
0.5307668260967002;0
0.22865250806465293;0
0.16361345566012966;0
0.19373461084356755;0
0.13051961537669465;0
0.2272818958742024;0
0.1733063439714111;0
0.5342696090123928;0
0.42204276947994157;0
0.2754041310160232;1
0.3422777987441634;0
0.35367613814789056;0
0.6918710792463391;1
0.7257750776622075;1
0.6299267766552334;1
0.4960735565251963;0
0.33195581298782373;0
0.46167873264591414;0
0.5500123489997396;0
0.3736826440159739;0
0.23942153227456833;0
0.18475829097874338;0
0.10969790349925179;0
0.19475847249976644;0
0.44483439848047573;0
0.30127361863619023;0
0.273826416623434;0
0.1749672155343718;0
0.13392266613947426;0
0.18680734604388569;0
0.11445260631004693;0
0.209124044190517;0
0.22317481119553242;1
0.24338042359989895;0
0.20627611189085934;0
0.4443115820507776;1
0.1771127023986976;1
0.17758827612533765;0
0.28612341483717396;1
0.3048809266429783;0
0.22561389516182315;1
0.3159280686348297;1
0.2246470740513512;1
0.27290057291036474;0
0.40580740683032435;1
0.1376379959170021;1
0.32329948451578994;0
0.24010439267386746;0
0.21725729001568345;1
0.46382267028775603;0
0.30211863598307487;0
0.1924498586568588;0
0.2412272580267534;0
0.31008601127994834;0
0.3088985519312477;1
0.27670387142326;0
0.19493222287728268;1
0.3585014402899465;1
0.21009928730861818;0
0.22674223136929944;0
0.1854385407370694;0
0.2358245722102438;0
0.29729804731675674;1
0.28551354485864755;0
0.308525470344982;0
0.2578799351384515;0
0.23273672315192748;0
0.23404920460239373;0
0.5902153775762425;1
0.5502182609105881;1
0.562267935133387;1
0.6663128805474493;1
0.33209527845505565;0
0.5538121783590072;0
0.1597561233874535;0
0.1318632104731527;0
0.10348488209524094;0
0.10776642466768217;0
0.12025475734345853;0
0.16153906226696063;0
0.12222790653932533;0
0.13466806564389347;0
0.47266230183734687;0
0.3512001023133091;0
0.6569234215411686;1
0.5384150324656077;1
0.568953433488447;1
0.5127420196295673;1
0.6928468828303758;1
0.3508015072101391;0
0.30365855770894784;0
0.43345036020856875;0
0.2328423729782416;0
0.3838582273942191;0
0.4996183458207343;1
0.33139468135918115;0
0.48629592806101385;1
0.4026732593104896;1
0.35148483274528547;1
0.43909567416839135;1
0.2624334208413164;0
0.5917810015206133;1
