prob;tp1;fp1;tp2;fp2
0.01;;0.6359495444989488;0.36405045550105114;
0.02;;0.6359495444989488;0.36405045550105114;
0.03;;0.6359495444989488;0.36405045550105114;
0.04;;0.6359495444989488;0.36405045550105114;
0.05;;0.6359495444989488;0.36405045550105114;
0.060000000000000005;;0.6359495444989488;0.36405045550105114;
0.06999999999999999;;0.6359495444989488;0.36405045550105114;
0.08;;0.6359495444989488;0.36405045550105114;
0.09;1.0;0.6355664679059979;0.3644335320940021;0.0
0.09999999999999999;1.0;0.6353106353106354;0.3646893646893647;0.0
0.11;1.0;0.6332509707024356;0.3667490292975644;0.0
0.12;0.9433962264150944;0.6301320956801142;0.36986790431988575;0.05660377358490566
0.13;0.9285714285714286;0.625544267053701;0.37445573294629897;0.07142857142857142
0.14;0.9371069182389937;0.6181818181818182;0.38181818181818183;0.06289308176100629
0.15000000000000002;0.9353448275862069;0.6094584286803967;0.3905415713196034;0.06465517241379311
0.16;0.9342105263157895;0.600392156862745;0.3996078431372549;0.06578947368421052
0.17;0.9302325581395349;0.5897851641670044;0.41021483583299556;0.06976744186046512
0.18000000000000002;0.9180672268907563;0.5794785534062237;0.42052144659377627;0.0819327731092437
0.19;0.9039145907473309;0.5702443280977313;0.42975567190226877;0.09608540925266904
0.2;0.8868217054263566;0.5626980534178361;0.43730194658216387;0.11317829457364341
0.21000000000000002;0.8826739427012278;0.5506836397925506;0.4493163602074493;0.11732605729877217
0.22;0.8781094527363185;0.5409756097560976;0.45902439024390246;0.12189054726368159
0.23;0.8771138669673055;0.527198779867819;0.472801220132181;0.12288613303269448
0.24000000000000002;0.871875;0.5163674762407603;0.4836325237592397;0.128125
0.25;0.8596321393998064;0.5090609555189456;0.49093904448105435;0.1403678606001936
0.26;0.8549270072992701;0.49943117178612056;0.5005688282138794;0.14507299270072993
0.27;0.846885813148789;0.4923439340400471;0.5076560659599529;0.15311418685121106
0.28;0.8397745571658615;0.47890818858560796;0.5210918114143921;0.16022544283413848
0.29000000000000004;0.8361280487804879;0.4656290531776913;0.5343709468223087;0.1638719512195122
0.3;0.832005792903693;0.45213849287169044;0.5478615071283096;0.16799420709630702
0.31;0.8247066942719117;0.4412811387900356;0.5587188612099644;0.17529330572808835
0.32;0.8204787234042553;0.43037037037037035;0.5696296296296296;0.17952127659574468
0.33;0.8162612035851472;0.4179566563467492;0.5820433436532507;0.18373879641485275
0.34;0.8116121062384187;0.40566801619433196;0.594331983805668;0.18838789376158122
0.35000000000000003;0.8085234093637454;0.3939393939393939;0.6060606060606061;0.1914765906362545
0.36000000000000004;0.803955788248982;0.3814977973568282;0.6185022026431718;0.19604421175101802
0.37;0.7981859410430839;0.37339449541284403;0.6266055045871559;0.2018140589569161
0.38;0.7950276243093922;0.36015325670498083;0.6398467432950191;0.20497237569060772
0.39;0.791464073473798;0.3489531405782652;0.6510468594217348;0.20853592652620206
0.4;0.7879428873611846;0.3374870197300104;0.6625129802699896;0.21205711263881544
0.41000000000000003;0.784790481117434;0.32356134636264927;0.6764386536373507;0.21520951888256595
0.42000000000000004;0.7775551102204409;0.30652680652680653;0.6934731934731935;0.22244488977955912
0.43;0.7755402750491159;0.2885085574572127;0.7114914425427873;0.2244597249508841
0.44;0.7722007722007722;0.2749360613810742;0.7250639386189258;0.2277992277992278
0.45;0.7671882408724514;0.2644295302013423;0.7355704697986577;0.2328117591275486
0.46;0.7642085486143729;0.2593103448275862;0.7406896551724138;0.23579145138562704
0.47000000000000003;0.7599261311172668;0.24563953488372092;0.7543604651162791;0.24007386888273316
0.48000000000000004;0.7548974943052392;0.23975720789074356;0.7602427921092565;0.24510250569476083
0.49;0.7522603978300181;0.235202492211838;0.764797507788162;0.24773960216998192
0.5;0.7472085752568111;0.23089430894308943;0.7691056910569106;0.25279142474318894
0.51;0.741424802110818;0.22241379310344828;0.7775862068965518;0.25857519788918204
0.52;0.7390924956369983;0.21530249110320285;0.7846975088967971;0.26090750436300175
0.53;0.7365684575389948;0.21062271062271062;0.7893772893772893;0.2634315424610052
0.54;0.733018056749785;0.20833333333333334;0.7916666666666666;0.26698194325021496
0.55;0.7296027338744127;0.20857699805068225;0.7914230019493177;0.27039726612558734
0.56;0.72692633361558;0.1991869918699187;0.8008130081300813;0.27307366638442
0.5700000000000001;0.7244127516778524;0.18723404255319148;0.8127659574468085;0.27558724832214765
0.5800000000000001;0.7224540901502504;0.18340611353711792;0.8165938864628821;0.2775459098497496
0.59;0.7211138819617623;0.17857142857142858;0.8214285714285714;0.27888611803823776
0.6;0.7184145334434352;0.1736111111111111;0.8263888888888888;0.2815854665565648
0.61;0.7166324435318275;0.16706443914081145;0.8329355608591885;0.28336755646817247
0.62;0.7147514262428688;0.1525;0.8475;0.2852485737571312
0.63;0.714111427409516;0.14936708860759493;0.850632911392405;0.28588857259048395
0.64;0.7126064045399271;0.14728682170542637;0.8527131782945736;0.287393595460073
0.65;0.7105369398465886;0.14588859416445624;0.8541114058355438;0.2894630601534114
0.66;0.7073464472099559;0.14600550964187328;0.8539944903581267;0.2926535527900442
0.67;0.7059058260175579;0.13218390804597702;0.867816091954023;0.29409417398244214
0.68;0.7053216838760922;0.11607142857142858;0.8839285714285714;0.2946783161239079
0.6900000000000001;0.7029272151898734;0.1165644171779141;0.8834355828220859;0.29707278481012656
0.7000000000000001;0.7007097791798107;0.11949685534591195;0.8805031446540881;0.2992902208201893
0.7100000000000001;0.6998823067869753;0.10163934426229508;0.898360655737705;0.3001176932130247
0.72;0.6977379095163807;0.0896551724137931;0.9103448275862069;0.30226209048361935
0.73;0.6931421929484696;0.09523809523809523;0.9047619047619048;0.30685780705153043
0.74;0.6882668711656442;0.08130081300813008;0.9186991869918699;0.31173312883435583
0.75;0.6852134146341463;0.07391304347826087;0.9260869565217391;0.31478658536585363
0.76;0.6802875520242149;0.08056872037914692;0.919431279620853;0.3197124479757851
0.77;0.6759398496240602;0.08762886597938144;0.9123711340206185;0.3240601503759398
0.78;0.6728971962616822;0.08379888268156424;0.9162011173184358;0.32710280373831774
0.79;0.6653136531365313;0.08333333333333333;0.9166666666666666;0.33468634686346865
0.8;0.6608058608058608;0.08870967741935484;0.9112903225806451;0.3391941391941392
0.81;0.6560116236832546;0.0891089108910891;0.9108910891089109;0.3439883763167454
0.8200000000000001;0.6511711711711712;0.10126582278481013;0.8987341772151899;0.3488288288288288
0.8300000000000001;0.6497844827586207;0.08571428571428572;0.9142857142857143;0.35021551724137934
0.8400000000000001;0.6465548018564798;0.07547169811320754;0.9245283018867925;0.35344519814352016
0.85;0.6435924742634008;0.05405405405405406;0.9459459459459459;0.35640752573659923
0.86;0.6407629812787001;0.043478260869565216;0.9565217391304348;0.35923701872129987
0.87;0.639760310186817;0.0;1.0;0.36023968981318294
0.88;0.6377371749824314;0.0;1.0;0.3622628250175685
0.89;0.6368421052631579;0.0;1.0;0.3631578947368421
0.9;0.6359495444989488;;;0.36405045550105114
0.91;0.6359495444989488;;;0.36405045550105114
0.92;0.6359495444989488;;;0.36405045550105114
0.93;0.6359495444989488;;;0.36405045550105114
0.9400000000000001;0.6359495444989488;;;0.36405045550105114
0.9500000000000001;0.6359495444989488;;;0.36405045550105114
0.9600000000000001;0.6359495444989488;;;0.36405045550105114
0.97;0.6359495444989488;;;0.36405045550105114
0.98;0.6359495444989488;;;0.36405045550105114
0.99;0.6359495444989488;;;0.36405045550105114
