pred;y01
0.17307692307692307;0
0.14491885777864294;0
0.0024213098267949077;0
0.1730673817645106;0
0.11972762274738831;0
0.1719830127985889;0
0.16930383676222419;0
0.023743756686880082;0
0.5110022487016116;1
0.02302631517443321;0
0.045827628806925924;0
0.15935325443979548;0
0.049184948904697164;1
0.13662308340451468;1
0.19835276477171881;0
0.12441670620440284;1
0.13312632319349357;0
0.17232287969185006;1
0.2117241067228652;1
0.1386241229760262;0
0.11687426545930633;0
0.18576233927617766;0
0.18313884013633827;1
0.11668574570954646;1
0.13295184438487584;1
0.17258183073713534;1
0.2111850446642481;0
0.8265715829139357;0
0.4832303418475983;1
0.19225493665582125;1
0.17451285077412063;0
0.2251298143402009;0
0.15145539694258267;0
0.25285341296509156;0
0.18376571179887038;0
0.36679061073558306;0
0.20182258248843882;1
0.2641631203995147;1
0.18970016211054697;1
0.07204980424994972;0
0.5667578670525144;0
0.13157748555394605;0
0.14782883311882558;0
0.14915852611518032;0
0.8268785582750862;1
0.4827051451135079;1
0.8196929360566325;1
0.2582606662594513;0
0.3552628790019945;1
0.20553379999932384;1
0.13873185504704105;1
0.2377846214753299;0
0.10630351881990056;0
0.17525734780596583;0
0.15597396134217528;0
0.3281766321847956;0
0.26691736153327;1
0.6134402721213228;0
0.2112777777988179;0
0.3395868886023256;1
0.49689789324618544;1
0.11164915272069226;0
0.11674574166934035;1
0.1554966175457261;0
0.1300680712296115;0
0.27416132680480276;0
0.29290828341824837;0
0.21633510791315094;0
0.20968144735938216;0
0.0918370830288686;0
0.10527538009410195;0
0.20000021566801368;0
0.17798803838095578;1
0.0817395717139485;0
0.555913130906031;0
0.6383108296307936;1
0.33281895058951905;0
0.12541614704363485;0
0.3900507335830532;0
0.5509925659468787;1
0.11779496701915523;1
0.3834425351627066;0
0.8269230769230769;1
0.42111782171907625;1
0.26002940124310137;1
0.18695575198267006;1
0.17574885076257432;1
0.17641101016858068;1
0.4032267331882444;1
0.1403437404129294;1
0.29522028640363585;1
0.19603311760605588;1
0.2196011874906409;1
0.10829943497968583;0
0.43645092559299825;0
0.8269094775562766;1
0.29098714502890105;0
0.82692288972955;1
0.26164605500668575;1
0.3361901765091372;0
0.259909449081042;1
0.3320826403580836;0
0.18713488600050704;1
0.19413942023643926;0
0.35338140093097004;1
0.20975662708740847;0
0.20130459182931368;1
0.17229187602624713;1
0.8268961479567742;1
0.16100389526012718;0
0.45154993681179784;0
0.8231487425044809;0
0.1936760342690686;0
0.31162762549693473;0
0.5168982971249579;0
0.18521001474589996;0
0.447535891194885;1
0.359652260012701;1
0.19699020892085614;0
0.32582335546128394;1
0.363603072039466;1
0.2868837162717791;1
0.33994528590530165;1
0.23838439073671985;1
0.3801468283947283;0
0.17300397777786405;1
0.41006544718014226;0
0.11699544719432556;1
0.3644305544531934;0
0.14189721788350604;1
0.14506310946605303;0
0.8869552796823024;1
0.45877227113893737;1
0.4988486046356363;1
0.24310142261694506;0
0.3401524684716428;0
0.10952487716194628;0
0.0237835868335036;0
0.05964352095342192;0
0.2446577767506757;1
0.07897577456513627;1
0.13503084282410802;0
0.34690647726461155;1
0.13813970297271366;1
0.1546251566383525;0
0.13002182975500193;0
0.08571753168734529;0
0.16487547131829755;0
0.14311286560742148;0
0.3011931120943188;0
0.04202747780396339;0
0.3271021584521548;0
0.17888787014153035;0
0.1732770485965329;1
0.36190881265241764;0
0.3373196370550951;0
0.5372941692512344;0
0.5058965668544377;0
0.08263414243487469;0
0.16270567137742462;0
0.17367831600058412;0
0.2618731882824548;0
0.3020312443171162;0
0.1999115034791748;1
0.12359020805247867;0
0.20881589611303827;0
0.664985865954303;1
0.258148529941301;1
0.16253465368133624;1
0.3133184274301646;0
0.3565420955390219;1
0.31616698430824486;1
0.26153434730787467;1
0.29417855123259756;0
0.8269230590827311;1
0.4205032569178894;1
0.27511080831124335;1
0.651243383391517;1
0.5362390887705379;1
0.7632821689727718;0
0.16672639566899297;0
0.4039155128383882;1
0.4993177120704805;1
0.5602502949152556;1
0.313026014244786;1
0.24411829264952814;1
0.16291511984111146;1
0.8268896093535087;1
0.8269230769230769;1
0.8003456605716993;1
0.6195415691790244;1
0.8269230767778637;0
0.826931153522644;1
0.8269230685524669;1
0.8265863624661194;0
0.4749364731588951;1
0.7320481910370622;1
0.9107980788427459;1
0.5376339826614605;1
0.4926775198758102;0
0.8269230764584422;0
0.5224132411397019;1
0.32983022487019265;1
0.8269230769230769;1
0.7791390251528435;1
0.22064331474168725;0
0.30830691857533765;1
0.45146231027162353;1
0.8120047846799251;0
0.17191208323379448;0
0.1270608483155435;0
0.17307616344225007;0
0.1212459384447018;0
0.07055786309014635;0
0.2786486138749267;0
0.07190020557341577;0
0.06593414651524089;0
0.30446170857016475;1
0.1730632429180122;0
0.3177693087819093;0
0.22202607290141543;0
0.1122679676859035;1
0.5228663317993124;0
0.02349799439760309;0
0.25390096668173345;1
0.7423510308282185;0
0.07209682096934716;0
0.6651836389481838;0
0.03124644399637698;0
0.8269230768430114;1
0.09995934563230084;0
0.04422122343484677;1
0.030109876079157778;0
0.8269230769230769;0
0.13263647810065943;0
0.06337457568136741;1
0.049688434940636524;0
0.1730769230764298;0
0.19305782993044918;1
0.07076149846369349;0
0.02893048271102026;1
0.14631251693593633;0
0.17307692307692307;0
0.5282364233509023;0
0.17305012707814788;0
0.15563280666416507;0
0.04820319375184496;0
0.17839232251035286;0
0.03673007945562191;0
0.2248158852411496;0
0.06370563235241382;0
0.02558773626155321;0
0.01113643139697653;0
0.18129493756810666;0
0.061054802083825827;0
0.170933950392603;0
0.0729982206413847;0
0.17307692268722247;0
0.07333969060414162;0
0.023619525521904824;0
0.04638635467147001;0
0.19720150040509038;0
0.06050043120846918;0
0.15030227880201838;0
0.04058939310695079;0
0.0374148313071364;0
0.03038680595232127;0
0.06159728899634682;0
0.07294916514863628;0
0.06585796985810705;0
0.08629886141845199;0
0.1730767686783675;0
0.05315796029764193;0
0.3143308051817257;1
0.14888962281121557;0
0.031345344508109635;0
0.17295551777946594;1
0.12419544695650979;0
0.1694029890094358;0
0.08966688871623665;0
0.2602485617403848;0
0.15717436301335602;0
0.4643322587430046;0
0.6485301116316292;0
0.23868726821894576;1
0.16443742951093304;0
0.3946129118430675;0
0.15916169239318123;0
0.17224955420909588;0
0.015178436002213452;0
0.20317295519209091;0
0.17305396525634242;0
0.09622743045553743;0
0.17307692307692307;0
0.26010412623733636;1
0.3329005655967418;1
0.212846346535303;1
0.027022831191400525;0
0.17307692307692307;0
0.17307692307692307;1
0.19975023734970243;1
0.03936056980034581;0
0.1544597231091044;0
0.012205247337566172;0
0.05041276217626468;0
0.1730722006927703;0
0.34274211270760824;0
0.041365929819537677;0
0.059184567731467845;0
0.1727600601215826;0
0.07657340714757734;1
0.09151606860267537;1
0.12180400362126755;0
0.23021629169673605;1
0.17307692307692307;1
0.685587045537142;0
0.08478914277197523;0
0.1155219008450845;1
0.035433760035863196;0
0.348275713256064;1
0.17307692307692307;1
0.06116032327565584;1
0.11565649302547708;0
0.0939798426657388;0
0.01974023576136276;0
0.05826628118598603;0
0.049177757876455175;0
0.28960405311070636;0
0.03166937817774609;0
0.20698541284644636;0
0.20296487580793926;0
0.09374487109720213;0
0.11911208128410863;0
0.17138323249202136;0
0.302345195887339;0
0.11582979503891476;0
0.06301788558264267;0
0.05079487112725363;0
0.08312606810667686;0
0.055614457090149304;0
0.07814640622265466;0
0.1424831474935477;0
0.08972891827751082;0
0.17015359866400476;0
0.10384653499712206;0
0.13753276369223075;0
0.030448800944972213;0
0.13659724284572913;0
0.25439184053526276;0
0.8221348412840606;1
0.012243590689669273;0
0.04938310239609;0
0.17299166883548414;0
0.17204344623180653;0
0.032553097874467384;0
0.39780174362724696;0
0.0992332979521544;0
0.15697556580707422;0
0.17650106759762707;0
0.07639175667315098;0
0.11082294632745324;0
0.028081109798768447;0
0.004019473427485978;1
0.03736721562294473;0
0.15185987875419532;0
0.11813886751087752;1
0.16967309649136209;0
0.8269230717382832;1
0.04172839292585696;1
0.6723556193586535;0
0.5261665790032112;0
0.08588044894457096;1
0.826923071329503;1
0.1924705815720216;0
0.14614116609237954;0
0.006578672146329961;1
0.07443948245778387;0
0.17654770261058694;1
0.8269230769230085;0
0.013607292325584091;0
0.8269230769230769;1
0.20137674512043566;0
0.4834161023625133;0
0.3815337106906068;0
0.7084268436558288;1
0.6733268474410277;1
0.6469807660635044;0
0.1859800346135138;0
0.7216496540538304;0
0.8781389887361484;0
0.6842810765822752;1
0.4493560778855149;0
0.6490810259763035;0
0.7821346698943065;0
0.7218526063873689;0
0.8300850926232253;0
0.7201879961275964;0
0.8269232193665369;0
0.5451981503608807;0
0.8248288570176645;0
0.4052947863471478;0
0.15335326436234015;0
0.6877354356690497;0
0.5746613001888069;0
0.5603159786147349;0
0.4762365251421796;0
0.6529284373180817;0
0.5716960154380815;0
0.5386963383026642;0
0.5642169900644968;0
0.04585255343737193;0
0.14670998306264355;0
0.21038668575024905;0
0.1300951320689347;0
0.058151467782304504;0
0.059926669799377524;0
0.3026732868651564;0
0.49938331479538905;1
1.84858540843691e-05;0
0.021181240534378865;0
0.358093141015929;0
0.38130623239240025;0
0.6153595141716647;0
0.5574264953152139;0
0.3359574609641023;0
0.582569860042319;0
0.4588146892839313;0
0.45049458471876663;0
0.26718331737259937;0
0.13684508822301156;0
0.39930578823566876;0
0.40280896488397155;0
0.34168724379105814;0
0.489024922382652;0
0.13494480444164492;0
0.37427563241984324;0
0.6317258206621454;0
0.20554222450168871;0
0.35821762277807606;0
0.04650334159675269;0
0.17297143934495424;0
0.19865931436287776;0
0.2701725953027037;0
0.12417432512331797;0
0.24582507234157921;0
0.16011837684822405;0
0.015323093426521047;0
0.11541066632175237;0
0.5680598765226688;0
0.0734336814763491;0
0.2547029973686157;0
0.04315962746214112;0
0.1276277349343526;0
0.09799575480611365;0
0.027851750141015784;0
0.0760057523435582;1
0.04421463473986697;0
0.11652131355550124;1
0.027453163809924495;0
0.008385818539554337;0
0.1085732592128379;0
0.1130863385891492;0
0.7870000778464681;0
0.35077425661478284;0
0.0494839450395341;0
0.15956718437071488;0
0.1730725597419832;0
0.012465204745120131;0
0.09087140448683885;0
0.1603562685921474;0
0.03865520507890036;0
0.8269230769230768;1
0.12973859209913893;0
0.8269230768630919;0
0.7169030851936375;0
0.005435523692205261;0
0.7181816983414883;1
0.028758784721166795;1
0.003020353719215471;0
0.08843338080289259;0
0.09214571925543834;0
0.8231030176685926;0
0.15459510161648715;1
0.6866641056813657;1
0.03277370883811586;1
0.8128014892603701;0
0.02414740580877495;0
0.05034280010085742;0
0.8269230767919533;0
0.8269230769230769;1
0.10177201426919566;0
0.2749059013467935;0
0.8269229479883257;0
0.022870656771180973;1
0.8269230768921578;0
0.017615261621374955;0
0.024001305889619746;0
0.17273720247650207;1
0.005884996572052223;0
0.06376820920741394;0
0.02694915746102677;0
0.8269230769230769;0
0.1141273336985748;1
0.8197032766321832;0
0.00969770837871932;0
0.059096489442594345;0
0.10852570808474786;0
0.08546265301489957;1
0.1501724503931418;0
0.707493750122638;1
0.553477048522083;0
0.016148552874252046;0
0.8269230769230769;0
0.8254473333616319;1
0.7778896230707257;1
0.021614112567274937;0
0.05755115514721254;1
0.35876208600563664;0
0.9106334494202696;1
0.7357063591675967;0
0.8861814752158833;1
0.26925805386281876;1
0.4623713856403716;1
0.8403763324810589;1
0.8317610330331676;1
0.67112785834078;1
0.8947922398146785;1
0.7435741220898991;1
0.815045115546926;1
0.643342431847079;1
0.7804803099932509;1
0.9923689653211203;1
0.9453286069192608;1
0.7724419276555075;1
0.6542672707283188;0
0.8617031241016954;1
0.826923076928473;1
0.37671087660154323;1
0.7528825309467513;1
0.7370585571008667;1
0.17307692307692307;1
0.8412330859213027;1
0.7660602739747766;1
0.9096535018131218;1
0.807373187916755;1
0.8430687601552168;1
0.9110663384746907;1
0.8661331820687486;1
0.8460984697583392;1
0.6410966265633972;1
0.6085506504029772;1
0.8549333288349431;1
0.8269230769230769;1
0.8070443630933414;1
0.7771416862950501;1
0.5572507927595779;1
0.9134582014356643;1
0.8576525391249261;1
0.8118006810679425;1
0.8497022400345234;1
0.5667078467147318;1
0.7431273426481363;1
0.1730769230769787;1
0.5347282877479873;1
0.8318391904132739;1
0.571881113385529;1
0.7182477748660161;1
0.7952553060246769;1
0.16524944844463943;1
0.9590380873621263;1
0.9015895282643476;1
0.17307691764315292;1
0.7463812540227301;1
0.8253027962775106;1
0.7027365532771594;1
0.7014947043414441;1
0.5530803118632082;1
0.7941427108996663;1
0.8104544901474457;1
0.40670679183647385;1
0.8269230769230769;1
0.7279493713034031;1
0.7900914417966227;1
0.9431976801429383;1
0.6948596701930667;1
0.8191352269383505;1
0.613735949506389;1
0.895417689811164;1
0.9156337261689601;1
0.7482538790528958;1
0.805363034101416;1
0.8383295835846911;1
0.14236740118732302;0
0.5900624704351557;0
0.04879270849428675;0
0.11167264180431317;0
0.7714145224996298;0
0.13187764390050558;1
0.17307683370791116;0
0.02666673993329791;0
0.28533432128375175;0
0.05520981638936083;0
0.3549615768168565;0
0.0244502725989379;0
0.6935206792638182;1
0.6742695602120787;1
0.7583243143437239;1
0.7952656873038583;1
0.5690321990294426;0
0.739708053383839;0
0.6471297819296515;0
0.8748029892195937;0
0.7313250616067601;1
0.8269178954113686;0
0.3872146096114809;0
0.5891000374975615;0
0.7146091283918943;0
0.6263514685020621;0
0.8703025339288821;1
0.7491737985654017;0
0.8813297025952728;1
0.9126873769714882;1
0.750360106085088;1
0.8417584299386865;1
0.8169976490783202;1
0.8083587529709579;1
0.809119735500026;1
0.8192748953098159;1
0.8532699817655955;1
0.9055192693066443;1
0.5739918715337416;1
0.8371139808766548;1
0.267662472576902;1
0.9508946774366831;1
0.8530969683593135;1
0.735415597039082;1
0.830905300740169;0
0.8194533563286501;1
0.587950679081414;0
0.8419210985857128;1
0.8269230768102296;1
0.2090933050991122;1
0.04214080432959567;0
0.17178265637246723;0
0.04850569379957845;0
0.08766602814550008;0
0.08724135821060494;0
0.17199701993932248;1
0.215961475662533;0
0.0681306331555352;0
0.26264646280771486;0
0.1610044298665887;1
0.1227451128289289;0
0.059229630568326495;0
0.015340741083060437;0
0.15398824561548385;0
0.09869737563554105;0
0.08386897651534028;0
0.17307692205474373;0
0.15300414573363671;0
0.4391218225541228;0
0.33992311750265614;0
0.2570347487469685;0
0.37871568693110735;0
0.7204277104731187;1
0.34184957160036117;1
0.9104042263097291;1
0.41596364765272104;0
0.1573341870488293;0
0.2086525154152377;1
0.5747098233498389;1
0.44940602327490703;0
0.22491344881690262;1
0.3323779853017952;1
0.34433378347179733;0
0.6443262453832013;0
0.27668575355404657;1
0.21441078333037697;0
0.43041739821387437;1
0.17319422709312532;1
0.2715886065242411;1
0.46742175781575696;1
0.34192930385495024;0
0.24521171138758155;1
0.1381216966676762;0
0.5026040912826637;0
0.6256877185951786;1
0.13790890984370738;0
0.1730769221660811;0
0.2684831211729979;0
0.1394195239825297;0
0.3976008312762458;0
0.17307692289519983;0
0.11395744479864355;0
0.37639079723341307;1
0.17307653002256848;0
0.23200793884936236;1
0.5378781721029857;1
0.7361743862699879;1
0.8900519556283956;1
0.4810811608883974;1
0.5313187191146912;1
0.15749367697142785;1
0.7659722745331933;1
0.3363567118453118;0
0.2927817630986306;1
0.17307692307692307;1
0.18442093096313744;0
0.6318484898838593;1
0.14209638053954282;0
0.1865549199008904;0
0.2825420813465189;0
0.5197444112661345;1
0.31139711386858654;0
0.2479029995286562;1
0.5461051607632373;1
0.6699537723826379;1
0.8126111151495744;1
0.13119011978153555;1
0.09369475790422505;0
0.3357389470044107;0
0.7368181784223038;1
0.24328437092512395;1
0.4750309676860205;0
0.21040728971279773;0
0.7766232845327024;0
0.22634518905452555;1
0.454754436323023;0
0.5649713279192309;0
0.46660626113641823;1
0.10144802425496097;0
0.8277220187605319;0
0.31275898712539385;0
0.4295265754649096;0
0.24779087575293113;0
0.17307692307692307;0
0.41598676674709456;0
0.43781874514603697;0
0.7384960356335556;0
0.34186119658443653;1
0.25241616683419327;0
0.17307689275545363;0
0.4395123248619177;0
0.4270837243426395;0
0.15105675589909107;0
0.173076910439766;0
0.7436313440816201;0
0.23480999376641495;0
0.27717896457449664;0
0.17307692207011893;1
0.5364955309547931;1
0.4352081700356593;0
0.0013471632721355706;0
0.1730749872067952;0
0.10409256714036816;0
0.17307692307692307;1
0.35085729970407525;1
0.28052023769809026;0
0.4542484152176358;0
0.4998990349159568;1
0.17119954810423252;0
0.492933649469854;1
0.15028856568727317;1
0.1691271358114241;0
0.3269400743968926;0
0.2820721482509533;1
0.30039939534602306;0
0.13871555333111527;0
0.6495935970818821;1
0.17301009088508285;0
0.30562057585339947;0
0.27116271379359036;0
0.37495688704299174;0
0.07754083995386908;1
0.3326358391361856;0
0.2881138242027704;1
0.5386776597066566;0
0.16043373772637093;0
0.3594125499656339;0
0.13841898559333002;0
0.1723042088803221;0
0.1945883319317804;0
0.07524746380111777;0
0.3989725866866697;0
0.5335411468369371;0
0.1514661406868744;0
0.0715570131023591;1
0.47517116332869247;0
0.2453397284416033;0
0.4266610957569371;1
0.07291141567378562;0
0.2410558766086203;0
0.05621543994114015;0
0.34521334560286987;0
0.19100727497074382;1
0.10836020051476;0
0.06515250523848116;0
0.15735347553808096;1
0.0595595755196956;0
0.19093165187007494;1
0.08968466541172301;1
0.11812330716854304;0
0.15354392058463182;1
0.19352733481168555;0
0.09483377634928657;0
0.1634213860136115;0
0.047755910299840915;0
0.0660945533083946;0
0.04035054697684166;0
0.8019680229277475;1
0.1337939005104659;0
0.002538039107753275;0
0.45476590541895173;1
0.31464555873198746;0
0.04390962833718784;0
0.25098750350575155;0
0.20074540557126289;0
0.5895967030525416;0
0.052079147581239514;0
0.03787506025499402;0
0.09124632504312749;1
0.41555235084213227;0
0.04234518355414753;0
0.39655928256517764;1
0.5663816324460877;1
0.21189160100764223;0
0.24994203983290192;1
0.6007966851911439;1
0.03752911987640352;0
0.5105920413957044;1
0.2857708579981833;0
0.6043404986341694;1
0.11603316882931411;1
0.455626634231429;1
0.5321524693460116;1
0.617894288109386;1
0.6194319051999908;1
0.6181174585261009;0
0.37158395324779003;0
0.356767938897178;0
0.3233072168360004;0
0.3610314164588866;1
0.1044109095123214;1
0.18474533335921073;1
0.11927353058324905;1
0.5234843392588239;0
0.11480899073978273;0
0.02665872644507084;1
0.48942724052749553;1
0.3656502243632373;1
0.5069694821092667;1
0.17307692306855074;1
0.8269216266386376;0
0.8268966889079412;1
0.17307692307708436;0
0.2794244069187022;0
0.3985938184093859;0
0.7440759932709813;1
1.234297783644845e-11;0
0.3756276846732959;0
0.8269230769230769;1
0.17307589294407627;0
0.5751527874848821;1
0.09527520321886589;0
0.4190809557068515;0
0.17307692307692307;0
0.3044214308104764;1
0.3901157347060777;0
0.8269230769230769;0
0.6829161627043147;0
0.35056044265179104;0
0.5690008163441924;0
0.282371582206861;0
0.822160796095037;1
0.8322762466270439;1
0.4275968491236091;0
0.45157133701956875;0
0.17240992162013624;0
0.8269230769230769;1
0.23615269179341636;1
0.5308217127401094;1
0.31702698657853107;0
0.17307692307692307;0
0.2544319887055945;0
0.6633567229377063;1
0.4439863933090727;0
0.2954769161303751;0
0.681680256219853;0
0.08105933935393009;0
0.5396812108268455;1
0.7996766406941996;0
0.8295782485701044;0
0.2898716303001686;0
0.3351745604435773;0
0.17161746504393444;0
0.6037944876530866;0
0.281838436071394;1
0.4378407900362085;1
0.28388146698470756;0
0.5089800581423973;0
0.7739012176271142;0
0.3143483567816742;1
0.17307692307797823;1
0.39083890371447055;1
0.37949787217199665;1
0.2249449870779346;1
0.6168433033030264;0
0.6409622627518321;1
0.19830640456344828;0
0.27432131401092696;0
0.17307692307692307;0
0.31766048029073085;0
0.44770963174227507;0
0.20426079509471376;1
0.8021654634452187;1
0.22308149856929646;0
0.3777992648560149;1
0.14330992611994378;0
0.09654296896891185;0
0.8808559785790215;1
0.18457014558458779;0
0.5907144213633906;1
0.692570830509945;0
0.17307692307692307;1
0.5134118995673422;0
0.07739508299041832;0
0.6530867864681527;1
0.5080195973802422;0
0.31123500878241056;1
0.42330245590806165;1
0.5817083022726371;1
0.529486299446124;1
0.6475221437686842;1
0.595551346060219;1
0.5075414895733558;0
0.5447305828185658;1
0.18523277889112807;1
0.4640467689000023;1
0.22322513083560766;1
0.5739021103421577;1
0.2526798049265659;0
0.35772913764886466;1
0.41701487604878573;1
0.3838192632800197;1
0.47354146999500507;1
0.16741096721788443;1
0.25393571984793056;1
0.1446875362845731;1
0.14039669928970785;1
0.5225604058461305;1
0.27571799015306564;0
0.00026230511653222376;0
0.13319748285763436;0
0.05078319437027919;0
0.33957532268509755;0
0.21142166158559308;0
0.12810189045985404;0
0.013186747041080579;0
0.16251234202579556;0
0.24343480554068708;0
0.19041549551398693;0
0.17307692307109596;0
0.2157786943644955;0
0.09273722980564356;0
0.007871939517694718;0
0.8134559492613108;0
0.05723302143066918;0
0.1627824248000085;0
0.14561190547095595;0
0.3894777624524138;0
0.25435511882972756;0
0.595546252150482;0
0.6241258144162475;0
0.28121832279040715;0
0.2125355245884458;0
0.7278446120186163;0
0.8269230769202149;0
0.0954290371162737;0
0.1668002794230253;0
0.5952562756578768;0
0.5312896969037929;0
0.6134905492437268;0
0.5587165640949521;0
0.5652991457112037;0
0.756241417537557;0
0.8710226408921612;0
0.5213724361191348;0
0.6253969226207932;0
0.49924876456462847;0
0.4802075362605668;0
0.5786122237794868;0
0.3240053485595125;1
0.7599386172198455;1
0.8089145644306798;0
0.4840624668212834;0
0.2224764767504079;0
0.046057443798354074;0
0.4280360356239641;0
0.32187321348825093;0
0.19326660591306347;0
0.8269230769230089;0
0.3376314562419883;0
0.8269230769230769;0
0.19509592075265692;0
0.5867642544404008;0
0.735106145760128;0
0.6914567013888979;0
0.8269230769230769;0
0.33777254911333815;1
0.6801751041543029;1
0.8377306193218806;1
0.5239352620203712;0
0.7131660713145583;1
0.82692307691339;0
0.47083243626803556;1
0.5431199425058965;1
0.8267405344301947;0
0.23036267750256864;0
0.5538870727147125;0
0.4027497225534539;0
0.7265653117146537;0
0.5939920633619773;0
0.48176761664904066;0
0.8705626378298557;0
0.228042892789372;0
0.11043213684950912;0
0.46463826738568353;0
0.17206372321518007;0
0.35562429641192017;1
0.37073149047073256;0
0.2234388458386132;0
0.0888704934587219;0
0.1681902347391936;0
0.2527470850969372;0
0.2237299442781996;0
0.7712351260757854;0
0.42086292462376335;0
0.24317497305074728;0
0.23397189153098752;0
0.656202383890617;1
0.5427975512812004;1
0.646344786310948;1
0.8285259107949267;1
0.8387035763162746;1
0.6201812374767687;1
0.6123185569066718;1
0.9598760138034158;1
0.826922370388812;1
0.7707670534548247;1
0.274108672710323;1
0.7572569511560936;1
0.7488891542828545;1
0.9304186458832392;1
0.9489227775823706;1
0.9343154681407894;1
0.6954632572807267;1
0.6081308383653282;0
0.628553664939176;1
0.7826732878739301;1
0.7754627986946516;1
0.8297661041537501;1
0.7301834027583763;1
0.8861619745906825;1
0.1642560552241116;1
0.850103539709817;1
0.8716944422138214;1
0.9312180309252255;1
0.9010686846070024;1
0.6508585303387984;1
0.18790803550442872;1
0.9423956027555778;1
0.5988560457593456;1
0.8346385434575725;1
0.283741475662104;1
0.9132667752737534;1
0.7931187621327178;1
0.6099622404082198;1
0.4543073896370751;1
0.7606229901116405;1
0.7672323737581442;1
0.617321199923425;1
0.9444174471726148;1
0.8426544556155325;1
0.5235609955794706;1
0.8708321331103815;1
0.9054449383214013;1
0.8962870657845161;1
0.9288536742595384;1
0.9422097048823014;1
0.2504689533067666;1
0.9189423355517244;1
0.8071383602353355;1
0.8563018085417793;1
0.5349963291804959;1
0.7389324199717363;1
0.8849702278979874;1
0.8054926320903848;1
0.506899089631706;1
0.7757017492110978;1
0.6033268607749894;1
0.9613914833762182;1
0.8957798062924724;1
0.7681359789806252;1
0.8259182522941917;1
0.758801637746399;1
0.9064675423083893;1
0.91128576217907;1
0.8414054458608239;1
0.8220435996762954;1
0.8969921714799891;1
0.8723420431159787;1
0.8091799174616926;1
0.9203219356399645;1
0.699520042751861;1
0.8511847992251138;1
0.8228114163256888;0
0.8679294198116732;0
0.948048643895351;1
0.6447319748419981;0
0.7579171280300129;1
0.4684673067210853;1
0.9160347229826478;1
0.8687904645404364;1
0.7873097738162534;1
0.6385611243566349;1
0.9262015181299728;1
0.8444160007233991;1
0.17307721507316962;1
0.17307692307129063;1
0.9139125180696662;1
0.8201667254087162;1
0.8269110192646418;1
0.8700109179382685;1
0.9093856796604161;1
0.01289760911021792;0
0.3247470673248039;0
0.19670358391558074;1
0.1729696554444113;0
0.14159659105463812;0
0.1728251549391055;1
0.18267403868627038;0
0.173076187519873;1
0.8269119855834689;0
0.0024855545952047566;0
0.01594706037193672;0
0.17307692304748018;0
0.12716075979163335;1
0.04252526486428447;0
0.036028475485932285;0
0.1730769223461405;0
0.2217666598539495;0
0.12579721395805693;0
0.023671883750886205;0
0.10369446832073256;1
0.17307589905296378;0
0.05997784617688161;0
0.17307692284989745;0
0.0036170156558216027;1
0.34726073046511224;0
0.014361719928608043;0
0.02001081603892048;0
0.15014715068406795;0
0.03522415328495949;0
0.16058974773206375;0
0.23377954316705166;0
0.08155685519391428;1
0.012618507368146327;0
0.11331222733839454;0
0.04945494687350557;1
0.17307690785780488;1
0.0012106805357682004;0
0.005657635809608452;0
0.251273146944384;0
0.8018908328324811;1
0.21923134182413745;0
0.7749622246881749;0
0.8269230769230769;0
0.6331955406411262;1
0.8858361504838762;1
0.9238340432249045;1
0.31970969170566843;1
0.7922839814153951;1
0.6456607302229703;0
0.85514905911503;1
0.8746904193656242;1
0.602073004434893;0
0.8425405691419348;0
0.702879592730254;0
0.8654211622567018;1
0.7060974202682435;1
0.8359518643924435;1
0.4672312872435943;1
0.8375600022935252;1
0.8037739613000875;1
0.7702288959858046;1
0.8615859388726237;1
0.856393127613231;0
0.8532765362013603;1
0.7123190270615603;1
0.5712022448655187;1
0.9038400585905345;1
0.41036487191638743;0
0.8528148347885339;0
0.43657265449667065;1
0.5639579134277899;1
0.8190334298933041;1
0.6644700411866674;0
0.7631306738118399;1
0.8269230769230769;1
0.7471447515493395;1
0.8654294390749437;1
0.8854772712249661;1
0.7857638330111263;1
0.3912790297607769;1
0.8269230769230769;0
0.3535368625948637;1
0.2659272817945416;0
0.1589814467954089;0
0.2798422167080934;0
0.3081868701812876;0
0.1269966729376096;0
0.29064319883122713;0
0.08531294455883363;0
0.826923070831682;0
0.11279604860772242;0
0.17259037237458136;0
0.8266918873680555;0
0.25623058493405126;0
0.0637333953631909;0
0.5026124388901089;0
0.5636210532374208;0
0.12600593518601844;0
0.4690950201534668;0
0.8009026705258809;0
0.13129949071595573;0
0.1859383601336672;0
0.22402182847217242;0
0.5181640458304235;0
0.28702609875815194;0
0.6856276547505306;1
0.25218485466080476;0
0.21598535374437644;0
0.17307692255001167;0
0.1259965830400842;0
0.16060073535580888;1
0.21659505345466143;0
0.2475285144386552;0
0.05709885874883279;1
0.18658709759652123;1
0.7855223898802305;0
0.12262067963494813;1
0.15704394585633752;1
0.061134724102959725;0
0.09477296106708874;0
0.1768942660043629;0
0.18494169666365556;0
0.10757273152294207;0
0.3273651230031296;0
0.09360958330668032;0
0.02690103847040393;0
0.1861645440097213;0
0.21561758721465105;0
0.10494344466625972;0
0.1456641652781325;1
0.21379773512444236;1
0.05640499965383981;0
0.08687183465483674;1
0.3050925276924476;1
0.16966976027269515;0
0.6558626277093744;0
0.7262760693903245;0
0.8264301350762578;0
0.3730572363399307;0
0.20488263045371907;0
0.08728713279330588;0
0.09664370996387231;0
0.06425593318650823;0
0.3854108069078637;0
0.13424334106323366;0
0.13178691118930708;0
0.13251559444577854;0
0.07196944846751498;0
0.2426236590525142;0
0.09380703274344906;0
0.1605026197248726;1
0.17069290932560696;0
0.06382065595157355;0
0.053503697944418484;0
0.11976009026742676;0
0.09275944770736608;0
0.17306698369428314;0
0.17850683210971582;0
0.04917829794339778;0
0.15931734575375625;1
0.15343648279565936;1
0.2472672248404279;0
0.11016013430224396;1
0.09200783366641732;0
0.40484724932905475;0
0.19660032343971515;0
0.2883034648810448;0
0.17307692307692293;0
0.053263520314915914;0
0.27544945003249793;0
0.6397582359357153;1
0.6635756311696267;1
0.3651387587525949;0
0.838246580044022;1
0.6773678976981861;1
0.8273351703289844;1
0.908321899391653;0
0.5005462317367125;0
0.8348955844592532;1
0.5799623431798449;1
0.7881037996654835;1
0.5730201173049853;1
0.57338733122555;1
0.5625195036733159;1
0.6360968423945617;1
0.7805998736744727;1
0.7191561391642017;0
0.8484600124481673;1
0.8750508508337289;1
0.8898225019746148;1
0.8322915029868727;1
0.8986003721453272;1
0.8546955400965619;1
0.6347181084844904;1
0.9359465217291252;1
0.8954067096862773;1
0.714391972114955;1
0.7578824969862209;1
0.7875013101559921;1
0.9347794161100301;1
0.7878576395959054;1
0.7636501395104308;1
0.758642469847768;1
0.39929334139565376;1
0.8330652853180373;1
0.8128157566233122;1
0.9234862734054412;1
0.9410989212619518;0
0.9026388408090388;1
0.1731784441870756;0
0.9508409373067479;1
0.716017677848723;1
0.1806328320282449;1
0.4380322526777395;1
0.8564368702877824;1
0.8350495976591369;1
0.9668632910946281;1
0.8724375525370932;1
0.8245847794548262;1
0.7336940776971207;1
0.22140512535044748;0
0.37930277505857113;0
0.9312309767978153;0
0.1925433046266323;0
0.2892905155785066;0
0.2142346924376488;0
0.8250324356286252;0
0.21720901196144324;0
0.4966637353864245;0
0.637498506435288;1
0.5532957806811887;0
0.7773198233833913;0
0.6429488237194322;0
0.4082733353748693;0
0.8269230769230769;0
0.4530185175327761;0
0.13919449967943875;0
0.4529415432017658;0
0.0894408799873978;0
0.0733836331461199;0
0.7459930808191975;0
0.1351675161193121;0
0.14986638651970982;0
0.9476445147364791;1
0.5279292056037419;1
0.3656181499269105;0
0.4703475052238789;0
0.38780249283181845;0
0.3780008937688803;0
0.4087426320931427;0
0.6481049174116198;1
0.31208258839647407;0
0.4249484410864292;0
0.37818700707878006;0
0.08915311040752204;0
0.022835424408757063;0
0.546780939455711;1
0.21173946664153231;0
0.1506346813234599;0
0.21401573805520396;0
0.39196525404911886;1
0.6117699048229499;1
0.48993693555537426;0
0.028616238457908928;1
0.03985094480242857;0
0.02461133225652725;0
0.0008222336681255871;0
0.15690153963965517;1
0.042963199779264036;0
0.27860165032380535;0
0.5438518911500866;0
0.3137890524449175;0
0.3308028762293651;0
0.23885695400747814;0
0.5436332422985625;0
0.09023690367323825;1
0.37948543916077615;0
0.08753004595379887;0
0.12348969111849326;0
0.047515545590105075;0
0.20327935386444523;0
0.12020385285447975;0
0.04018260760385609;0
0.10237744917803279;0
0.170921445842896;0
0.1835840663338487;0
0.07061148057832237;0
0.14395585787942658;0
0.12479776278800561;0
0.043721968719391;0
0.6397557352707389;0
0.17259092222530728;0
0.1117748962258234;0
0.2686953704195181;0
0.7485669182598584;1
0.622868233007503;0
0.8990085605064178;1
0.7022509688334805;0
0.7225807348443775;0
0.41494181022604576;0
0.42513491189626423;0
0.14698636736180642;0
0.3756466706352848;1
0.8269230769226965;1
0.6823561601919368;1
0.8556474215349922;1
0.8241835515695387;1
0.7658734927731572;1
0.7627054433114705;1
0.8694171507526143;1
0.8846015018419232;1
0.722210445036648;1
0.9151360744995348;1
0.8198673691366417;1
0.6156708419622574;0
0.5355912722010718;1
0.9027164396006607;1
0.8627871736287785;1
0.8162207766252982;1
0.430568604063654;1
0.38599805862038306;1
0.8795652532708135;1
0.1409735853801499;0
0.14194762976101172;0
0.17156898658252798;0
0.3070677992688019;0
0.270427582781484;1
0.14450800823042276;0
0.089326930928755;0
0.12257593602284139;0
0.17307692307692307;0
0.30253665082982123;0
0.01817494648848568;0
0.8973585126544195;0
0.3149634278017436;1
0.09857052482387327;0
0.4081935843070377;0
0.0009150707553448437;0
0.11983541516722813;0
0.8907921496137322;0
0.10311192770424812;0
0.49227564434422494;0
0.8269230769228214;0
0.40203322508051537;0
1.9297651323036824e-06;1
0.038334783810340875;0
0.4344377105460457;0
0.14804998470388114;0
0.00970254434409155;0
0.3427478039822561;0
0.45052816989313615;0
0.1730737690651894;0
0.15562589014260375;0
0.07007347515878708;0
0.04702680721714857;0
0.6065974774878218;0
0.12802800298316822;0
0.1259983969436637;0
0.03429582427855456;0
0.4013864938390435;0
0.1480900560354539;0
0.7750563998826292;0
0.7256812143119445;0
0.12624374484919945;0
0.6907975435813694;0
0.17792071105781054;0
0.7139951885649515;0
0.06402142996157549;0
0.10556761154629098;0
0.03298511091277902;0
0.4964618066268224;0
0.03319891056202171;0
0.12034313228308374;0
0.13301959119405626;0
0.11311995648820579;0
0.012408960249322266;0
0.4023496610054114;0
0.10960522225723628;0
0.1712916972583186;0
0.012181894300191818;0
0.028132637871371474;0
0.5736673603459614;0
0.6841117792031889;0
0.8269230769230769;0
0.16358698483356765;0
0.8269230769228039;0
0.27736741553188177;0
0.7772031719847438;0
0.005129872895153412;0
0.18932488478527681;0
0.3116248119170187;0
0.33265642630335585;1
0.15768776320489553;0
0.38128994459005716;0
0.17307692307692307;1
0.0986498749070807;1
0.7657608418177113;1
0.7321621511227802;1
0.8269230769230769;1
0.4926866453222379;0
0.8269233020729883;0
0.7693206337304429;1
0.17338666346593493;0
0.5480192135945517;0
0.08188506025354489;0
0.30309993327951174;0
0.19282978734004896;0
0.4746582893832461;0
0.3688864463394186;1
0.17307692180666942;0
0.18096442648182476;0
0.6361374279020026;0
0.5396410765557613;0
0.17802892216654684;0
0.5279439439815078;1
0.211200998818899;0
0.034147028891697996;0
0.1510363707537417;0
0.42261113224126845;0
0.3938402895921677;0
0.3621954882820744;0
0.25950042576048954;0
0.08706384527278425;0
0.2797864321069937;0
0.2581537402141747;1
0.16197669469335663;1
0.09797235907333995;1
0.3562026252093388;1
0.4000789854376415;1
0.4757231576825186;0
0.2678416563094769;0
0.4819477237836587;0
0.30028983796674186;0
0.11887075393783782;0
0.20323704841735013;0
0.07141329627042105;0
0.563840528909573;0
0.4141587154041426;0
0.501994673793358;0
0.4454327011212926;0
0.38129557829468425;0
0.6759277067113596;0
0.20803942103596157;0
0.18335273927574552;0
0.42876911781500093;0
0.27767625340704016;0
0.41154322294431456;0
0.44381371981456136;0
0.3350494576059389;0
0.312771912836357;0
0.502502186926641;0
0.14348848044293377;0
0.23320063820016462;0
0.27682486271676976;0
0.37486741239794164;0
0.2113850327684744;0
0.5313401786086147;0
0.18901537506095825;0
0.237034942091064;0
0.8069282451307291;0
0.2786598171652657;0
0.343898519099394;0
0.3579994740228115;0
0.5944080461756205;0
0.13355377106764774;0
0.6162190421804344;0
0.5096984771080486;1
0.3062276537763408;1
0.45398347019150537;1
0.6597109177638618;1
0.5961497625407195;1
0.27933662748407556;1
0.47403243320442284;1
0.3401934754000451;0
0.2374466384734829;0
0.26862581380475076;0
0.8269230722056549;0
0.5199305731531092;1
0.4069971155398368;1
0.5630922177932809;1
0.3863153282342513;0
0.8318462022754911;1
0.3196604081208357;1
0.3361315962316916;0
0.28341788559824166;1
0.3136954390304565;1
0.3291607369345858;1
0.3799441971471738;1
0.8269201459570195;0
0.31986565322244775;1
0.21804683064438354;0
0.4301913479131184;0
0.4160307211461806;1
0.13394695452305522;1
0.31653829765702957;0
0.8180235950014902;1
0.2751757105005851;0
0.5504344322812259;0
0.3576430658821651;0
0.31011488602006243;0
0.26608193384233475;0
0.124089550366302;0
0.08333895100688744;0
0.8269227403201751;0
0.26541170460401026;0
0.4382099132810987;0
0.8260651572002844;0
0.7979147637266498;1
0.5306388952357096;1
0.1743987018768953;0
0.10753079252380685;0
0.09741468761608893;0
0.07267409046439112;0
0.161190006749974;0
0.04572614625118931;0
0.08496134347430646;0
0.16348164390292386;0
0.7792409971296783;0
0.3976806700302876;0
0.03178252156535798;0
0.10652033448386325;0
0.1711889883139031;0
0.03012039737256278;0
0.08189436630222217;0
0.1623560199556165;0
0.17194516504422966;1
0.8269230769229701;0
0.147880187877879;1
0.6203529863752253;0
0.8263838528664061;0
0.004470584262557407;0
0.826923076730549;0
0.243002169064657;0
0.0039138890270138645;0
0.17299791581615853;0
0.19328428111959184;0
0.46612424672164254;0
0.1730769230747504;0
0.1332903683561228;0
0.05680853937963652;0
0.1403119304166814;1
0.17548708388415524;0
0.17307692307692307;0
0.16429796162549887;0
0.12722913683116818;0
0.016932626740935673;0
0.09541903557247639;0
0.27544989259607067;0
0.13004567665896405;0
0.10351552342363883;0
0.016900449003893044;0
0.09583553583951995;0
0.005902680445554489;0
0.1729984479977134;0
0.13171639452640452;1
0.02823731291576987;0
0.605814243287914;1
0.06544104897945037;0
0.1730769199340183;1
0.012431541457830026;0
0.12314221236200251;0
0.17307692307692307;1
0.05834418156715492;0
0.05989600846992454;1
0.23202411989171215;1
0.032477097416457226;0
0.36601115307727305;0
0.4393096003103375;0
0.7496587792706009;0
0.5712584776802684;0
0.29679870058879504;0
0.06877056711482651;1
0.28021377914385853;0
0.8269230768745245;0
0.44268758527630947;1
0.8269230769230769;0
0.2733760262249328;1
0.38064144102878833;1
0.43997436871179557;0
0.2322437056940392;1
0.18643397631969216;1
0.3918275780401671;0
0.8269230769230769;0
0.6261885882952357;1
0.5064726221771306;1
0.36125726881864073;1
0.44405556015217057;1
0.0933905501376378;0
0.11939446807563743;0
0.7185427554506946;0
0.08352206455674073;0
0.16991825653586456;1
0.8254613716444061;0
0.49233041131694644;1
0.028151585291789998;1
0.04424218158750345;0
0.0321314455050608;0
0.23398003031395073;1
0.1388372163535806;1
0.33015865663008614;0
0.1885551480251098;0
0.1730854432813052;1
0.14747941980038254;1
0.45032222349196627;1
0.0872531925264009;1
0.080300859232067;0
0.04557480845187529;0
0.10269717098185696;0
0.17307691964046765;0
0.0745235408303667;0
0.14777415136013847;0
0.8269230769203466;1
0.5016325023795021;0
0.6944424135395652;0
0.8269230769230769;0
0.8269230769230769;0
0.14266362023387044;0
0.1730769116946222;0
0.08046658041350842;0
0.6461503668778421;0
0.19864224740192885;1
0.030517618412286902;0
0.07197620111897317;1
0.4143881160918414;0
0.45659051356543257;0
0.09805188870061839;0
0.043974995482960466;0
0.1460946764590348;0
0.037491453649331805;0
0.1870792528497492;0
0.1085681441225418;0
0.4248576368000586;1
0.17167524232265724;1
0.006706107941586397;0
0.06342619269180126;1
0.007849586894897531;1
0.03879968421337072;0
0.21980112108985164;0
0.3309616543199186;1
0.12759647495541485;1
0.5093279217726745;0
0.18681179867844666;0
0.03897716189574712;1
0.33826518368865494;0
0.8269230766704075;0
0.16487519775282683;0
0.6127641171934277;1
0.07260259378483477;0
0.17307692304091554;1
0.005675434310622595;0
0.025074993950532795;0
0.3102471952892184;1
0.17713525770777833;1
0.08514283780332968;0
0.03026815127529108;0
0.17307692062815355;0
0.05322393921159796;0
0.060094940665552224;1
0.5770020527920999;1
0.21781817441569432;0
0.3020838128994044;0
0.11846833464134952;0
0.12327557170467382;0
0.5497967577465296;1
0.40718716040493663;0
0.2500841625377979;0
0.5927942326755082;1
0.14030625830062055;0
0.3353057321171689;0
0.2038979442975357;0
0.18475055755753628;1
0.34367691884913953;1
0.023523374259008675;0
0.16101236079837705;0
0.21211458327063767;0
0.09543446663814723;0
0.0095723620676129;0
0.1696472051399667;0
0.17307692169628985;1
0.13696530478032232;0
0.8258037951627782;0
0.1375641491890476;0
0.10795994793022591;0
0.20676379524992178;0
0.22257295776054814;1
0.10579309308552078;0
0.04950640243921919;0
0.13764927468316052;0
0.19770062201085606;0
0.2108400737825843;1
0.11720292645493924;0
0.1790117107377555;0
0.23791380629647074;0
0.20062349322926773;0
0.7262755906761534;0
0.6509051302547296;0
0.233901412384701;0
0.0038775835347041616;0
0.21043015138598894;0
0.8269230769230769;1
0.05384225386369153;0
0.21557711933092066;0
0.10827864507591128;0
0.16535744511672082;0
0.15714333088077698;0
0.09920561453302118;0
0.32590000954645226;1
0.49000286210147753;1
0.2828073606897506;1
0.2841377672087514;0
0.17126045529536282;0
0.826923076182259;1
0.33425198999151917;1
0.706240416458611;1
0.4645311699353511;1
0.13515556222791356;1
0.34381294867305556;1
0.038995580464851846;0
0.1447766906655614;0
0.014366338825572996;0
0.2863052949942161;0
0.8177779841160706;0
0.8021577506593367;0
0.5897470596021909;0
0.17308169528541983;0
0.45387589708159914;0
0.47441827354512883;1
0.17307692307692304;0
0.10136533963452539;0
0.5454184651694225;0
0.8269227428548592;0
0.8269144515043448;0
0.7129340700428;0
0.6608557885538672;0
0.10444115373292023;0
0.2632655147899388;0
0.7828636022344637;0
0.8269230769230769;0
0.08297865119519175;0
0.1914172029754515;0
0.015282700674805064;0
0.1043779232611889;0
0.8269097975102245;0
0.06030099067164871;0
0.4838233840147822;0
0.003021335035052997;0
0.8268295442898107;0
0.5637862504053947;0
0.1746896101120963;0
0.8266850895337546;0
0.17307692307173694;0
0.28487115628316145;0
0.7635115035524134;0
0.009641601477455243;0
0.8269230765579165;0
0.1654875074390304;0
0.05584274285533571;0
0.23999583780538092;0
0.8135926124523036;0
0.8167465092669108;0
0.5602922192528885;0
0.051271474852431206;0
0.11869180688956785;0
0.17511876625078834;0
0.16971434557213586;0
0.10118255763134786;0
0.06880707462187695;0
0.07776420230157086;0
0.3365883365573156;0
0.016295041044954047;0
0.005428076129971978;0
0.035557636549644916;0
0.8269230769145799;0
0.02015337221758439;0
0.8234082366029937;0
0.29624822794313965;0
0.2882493702224592;0
0.02803192677763261;0
0.0037680552495959986;0
0.12861782408511255;0
0.009922654438311116;0
0.666494019052086;0
0.012764646891815262;1
0.08070574955067356;0
0.10814663751080038;0
0.17141889462226254;0
0.20205164473857587;1
0.2522090843710422;0
0.3481872077671956;0
0.1746435525876888;0
0.0011718343823134104;0
0.2988906430408401;0
0.809740284911343;0
0.16629655882283437;0
0.07414478254824643;0
0.6719812322150959;0
0.3225546481848544;0
0.3653006371171465;0
0.32189705076213987;1
0.40673269638155946;1
0.16058375335747055;0
0.172264914775687;1
0.33156663216894783;0
0.29087236112949594;0
0.8269230768877569;0
0.27650107877880015;1
0.18315103360924903;0
0.8269230769196204;1
0.217819163041843;1
0.8447900586311697;1
0.3614331615241349;1
0.8269230769230769;1
0.8251682564020068;1
0.8269105531402036;0
0.19677893158965043;0
0.007914488049244401;0
0.31653973134052493;0
0.8269230769230769;0
0.01769475722727174;0
0.00741952577548872;0
0.16808233848258824;0
0.028840097285485776;0
0.0351413723789122;0
0.06055957882399957;1
0.0032643529904175677;0
0.45511415999805604;1
0.7136780108042561;1
0.17307692307692307;0
0.5199929608258519;1
0.33381803114000796;1
0.7350445114966184;1
0.572242775224558;1
0.5889744276468166;1
0.5789465158830068;0
0.592372401239231;1
0.3733963540646848;0
0.5535347826584772;1
0.7161180486546053;1
0.4223873832518538;0
0.7528409728901517;1
0.427086190519228;1
0.17307710898926437;1
0.6998928380698922;0
0.7028518452330297;1
0.5272822124374892;1
0.17307692307692307;0
0.6762611599832358;1
0.17307692307692307;0
0.4456273657125076;1
0.7373563567497996;1
0.36970625428973514;0
0.6546060485298191;0
0.28335839821932224;1
0.6141362641371093;1
0.5093886221560404;1
0.17307710735520992;1
0.6203848203679052;1
0.713428233738211;0
0.32089701543889;0
0.1731857490922704;1
0.5355836156762483;0
0.32652408453169035;0
0.627051486107523;1
0.6605893129406414;0
0.4221095416858795;0
0.6087287582951662;0
0.44450275134806694;1
0.1603258829253321;0
0.340950125800818;0
0.06845343669902812;1
0.03367079024104163;0
0.17307692307692307;0
0.03809660782883275;1
0.16530807475230389;1
0.18773605627150314;0
0.12158996841243636;0
0.12949683456077155;0
0.16488729348161277;0
0.17307692307692307;0
0.09169284879337312;1
0.042493726751741276;0
0.08701595247597457;0
0.1552994341966754;1
0.3432428932530216;0
0.6557733012972023;0
0.4909104583732343;0
0.4926668587840715;0
0.6745514906358725;0
0.49378136386664234;0
0.5780544858447179;0
0.44713857419867875;1
0.563449574706299;1
0.4679040445642035;1
0.5571935504060954;1
0.31597492887160306;0
0.12451714548632567;0
0.09959452948663211;0
0.08229710000250923;0
0.28254494369600136;1
0.15679872705995734;0
0.747270841064779;0
0.18181779895900987;0
0.0993771482639479;0
0.49225873116122804;1
0.17265781166476873;1
0.06321366831723944;1
0.15806050656801546;0
0.42439934620739084;1
0.4289267157265237;0
0.8945264151863521;1
0.20462982708144073;0
0.5946688355482438;1
0.6577136154066179;1
0.23751006197400415;1
0.3891695736266057;1
0.19337943677810523;0
0.7813389323657831;1
0.6108456134645107;1
0.5929920157834274;1
0.30590581754694757;0
0.8242264723753667;1
0.1934464927609271;0
0.23151541182875077;0
0.2812136431728853;0
0.17396024731316137;1
0.3501389887910297;0
0.6611088093518342;0
0.30474575681978033;0
0.12986436827736428;0
0.7975521920848873;1
0.47727942626735936;0
0.5338038127290556;1
0.415404922414343;0
0.16343597668338133;0
0.594538182781103;1
0.6124441190539758;0
0.3075452731145194;1
0.28060828690920475;1
0.6883515342972854;1
0.25917573083405;0
0.4484883304023246;0
0.6693105084104229;1
0.715979119874851;1
0.5166133731985907;0
0.20252892778795778;1
0.39041758720451736;0
0.5103297180899944;1
0.08664370838794276;0
0.7051330692080928;1
0.3213655347349865;0
0.744144169806192;1
0.5452765063710572;1
0.8094864227178551;1
0.2192685278290623;0
0.26662960824727955;0
0.254661632372057;0
0.17307691932008196;0
0.5887894257064427;0
0.17307692307691225;0
0.18544318890609363;0
0.5883030813527985;1
0.8797486469174931;1
0.8203854858184083;1
0.37870682296437697;1
0.4747580087689566;1
0.18952862879866259;0
0.6392522651726296;1
0.045054608739394146;0
0.3346093346881816;1
0.24431000834045252;0
0.09389093749259225;0
0.4825968263409098;1
0.25084580059640954;0
0.1716056993279483;0
0.3475445956810477;0
0.475005181896613;0
0.49929647764250656;1
0.04999581650899616;0
0.13022971222002047;1
0.8267964778656304;1
0.17172257126862936;0
0.009604099225023132;1
0.08514141555900626;0
0.0843443089539904;0
0.07114701536354426;1
0.8269100117005389;0
0.10582310381005436;1
0.8269098916821027;0
0.12196554419329787;1
0.17307692307692307;1
0.2320692159653639;0
0.09198395391612593;0
0.1259518836350429;0
0.4035390611895027;0
0.41660597729484977;0
0.03665035220798983;0
0.15344888817893068;0
0.2916258906908391;0
0.19702007676384573;0
0.5405105818337269;1
0.547624078482243;1
0.3371150024848498;0
0.1730769230769076;0
0.333762173725178;0
0.141317453669991;0
0.1749686553767389;0
0.36943895823294254;0
0.31060726837977587;0
0.36475791901335053;0
0.31680183877041246;0
0.18720595076224328;0
0.7148994115946175;0
0.705079346118546;1
0.12423663534394128;0
0.10722737304283182;0
0.37829085671736873;0
0.24133656413785015;0
0.34147104293140573;0
0.13025360173191744;0
0.10693244396403083;1
0.07629023237148008;0
0.5612972403000355;0
0.817655946731889;1
0.8031703359183519;1
0.8261642131777784;0
0.3709698461127153;0
0.3538754108853904;0
0.33632875748592367;0
0.12332858225043677;0
0.17303744287715378;0
0.11061798234068837;0
0.06714691886178295;0
0.15372344767854684;0
0.17306435450234775;0
0.26202896520799496;0
0.4664230019871492;0
0.2794223225269596;0
0.05735789410814658;0
0.13399336052703137;0
0.19088161909399257;0
0.1509711231891191;0
0.3495505375220892;0
0.339686615181333;0
0.22439387531761582;0
0.10410541493894386;0
0.11394981937155474;1
0.011791290973338146;0
0.4462957286658013;0
0.17280929867886596;1
0.13725705925785797;1
0.8150711063757897;1
0.17307692307692293;0
0.056682348131036356;0
0.1732494490771374;0
0.05118478445024167;0
0.1187915771460545;0
0.01458114686762908;0
0.29603326911300243;1
0.5484172389143747;0
0.48691877893909097;1
0.271374253561612;0
0.7372019703503405;1
0.7665233424949336;0
0.06549799451978601;0
0.4148776306434071;1
0.8269077602469637;1
0.4410154501614796;0
0.7365057196873164;0
0.4723872794094591;1
0.1730769215109311;0
0.07096467197953095;0
0.09418988198637922;0
7.103640689886907e-05;0
0.17303287964627193;0
0.17571871610330703;0
0.8269230748905441;0
0.7117358326606783;0
0.13742439658920413;0
0.04678221440412847;1
0.06960373659496924;0
0.2212680947246488;1
0.13976624653579622;0
0.016911797272408123;0
0.22414168648798627;1
0.35247761832537094;1
0.0849870679269876;0
0.6332160004379642;0
0.2101360090550625;1
0.17307665246810908;0
0.16208955155287674;0
0.5315075944669873;0
0.6326182054680985;0
0.36003314025693556;0
0.7067963667119967;1
0.1022434055865449;1
0.1614968073879939;1
0.7577486619049322;0
0.15830546057957223;0
0.26436111310161814;0
0.2562128527778831;0
0.544388759722556;0
0.6881308626968257;0
0.8791999282468702;0
0.8633131162200092;1
0.6068081315880287;1
0.17240367920542796;0
0.4430029002534038;0
0.2968536608265348;0
0.15318746581193562;0
0.05605502357470556;0
0.16848396106140134;0
0.38361675557485336;0
0.038693076851381604;0
0.1000569237664742;0
0.23343214355458672;0
0.030057670147639375;0
0.17307692307692307;0
0.5295794668962833;0
0.044164793267875965;0
0.09906799193461541;0
0.0737097355014221;0
0.292001541779498;1
0.2070412122113144;1
0.404566711116238;0
0.1654587891909401;0
0.1687634635508394;1
0.14587425927484318;0
0.6594173653075728;1
0.3808228632028236;0
0.13282477845175034;0
0.08477521243127505;0
0.1614038769589718;0
0.14454691092669825;0
0.1613206287308889;1
0.15918900219998994;0
0.6872005200397326;1
0.10656454879875649;0
0.30859725814490513;0
0.09607796642164462;0
0.17223442931961425;0
0.08275586263005173;0
0.16812435037608273;0
0.14247572743945788;1
0.4523638992424014;0
0.29286548299588794;0
0.11382304717060626;1
0.336050447550181;0
0.24173896268016468;0
0.21289066350551017;0
0.5968693854273748;0
0.5483987568564095;1
0.22072627514551005;0
0.383668793516977;0
0.14755524791227337;0
0.10872419840968273;0
0.09517183132878627;0
0.2776660943283735;0
0.1859814148702791;0
0.10281148670634557;0
0.14349316502099688;0
0.1457008351324553;0
0.03890507952733134;1
0.300093578130497;0
0.20139173059832777;1
0.1501016710357441;0
0.5469884709613241;1
0.43860532008262043;1
0.5675182863127981;1
0.30176511081922236;0
0.11104292545615234;0
0.025748911082657817;0
0.26458429498177033;0
0.8121738144382301;0
0.2868237823975356;0
0.7248663689930244;1
0.5708934990694756;0
0.8268593116585297;0
0.44152599287661676;1
0.6165945147940894;0
0.4500050214692279;0
0.2421837448843288;0
0.7397692817075434;0
0.16331746651357004;0
0.8269411089204468;0
0.8269230769230769;0
0.42568147925058636;1
0.6724826189183923;0
0.46204648862964487;0
0.4773591729178298;0
0.35321763706005055;1
0.2155626510314431;0
0.3201772217682214;0
0.05922395569117859;0
0.06310727229833908;0
0.024610393525190257;0
0.6380412283682563;0
0.008309788759187742;0
0.015122684174748964;0
0.441341598601866;1
0.28225714652822753;0
0.7931663922318006;0
0.21165053161852238;0
0.5116352243703884;1
0.07919235082095784;0
0.0552929400642429;0
0.05774155254824452;0
0.05384950017844202;1
0.4816892091615395;0
0.5491023751778651;0
0.18637716698821566;0
0.10476012069694352;0
0.3783956934885303;0
0.47436566432418253;0
0.40942779384816613;1
0.0647329636085731;1
0.0012182729795036902;0
0.32843762597364357;0
0.501984029136233;1
0.2749928525137123;0
0.25385894985783786;0
0.34387464699576825;0
0.17307692307692307;0
0.010419685290544514;0
0.03520018315898234;0
0.8233471856449465;0
0.8186621892968413;0
0.3866547339680414;0
0.3149549768869987;0
0.16793609337177637;0
0.14932028940245334;0
0.1916100657932321;1
0.3820073123442025;0
0.22751274765061197;0
0.10719106746000194;0
0.3110809434248418;0
0.1171964316451124;0
0.29959050842740076;0
0.22689297748171738;0
0.12616598914113822;0
0.2507493408493139;1
0.1419079127642995;1
0.5816567247306457;1
0.24423054401221578;0
0.23532067796427275;1
0.9446102559255988;1
0.3358479650910039;0
0.21002401545053703;0
0.9067350232417587;1
0.4306127525108011;1
0.1685214714100322;0
0.8253133244084305;1
0.826923073148341;1
0.8269230769230769;1
0.8109676187795336;1
0.8269230738906165;1
0.8269233320267895;1
0.44399996133429576;0
0.5568843847061827;0
0.009178009975613778;0
0.03239755439046572;0
0.005302971729023184;0
0.7575796817293484;0
0.030096856977847256;0
0.018381345116733346;0
0.14959960922725538;0
0.8269230769230769;1
0.10515952307342194;0
0.16849704804903204;0
0.8031073976616594;0
0.05470950068184101;0
0.018644653177205612;1
0.036780728571920024;1
0.0009158844213835025;0
0.20709733148091988;1
0.6813717455368616;1
0.34658528496933505;0
0.2200054540313145;1
0.13703823462054956;0
0.25832289327010277;1
0.4901577498826206;1
0.8268907202509834;0
0.8269230769230769;1
0.8126657362745475;1
0.8269197942374961;0
0.17307692307692307;0
0.7621766051693898;0
0.17306745759215836;0
0.17307692304782502;0
0.8263144423053682;0
0.14126780840148365;0
0.1728482869478585;0
0.3100809794046595;0
0.1124577975358208;1
0.015600315150528963;0
0.8125171023386469;0
0.23184049846478771;1
0.03398114303663787;0
0.173076910800624;0
0.1322502739743471;0
0.12830266637893592;1
0.3671660248818028;0
0.1795345568247888;1
0.042464795708863926;0
0.4104426732479972;1
0.3236516611840456;1
0.5605741421205074;0
0.13804861488556402;0
0.04076313587399765;0
0.6334563725262348;0
0.31370991412060734;1
0.1729529232660957;0
0.17307692303482075;1
0.002191175557505187;0
0.1279010973569054;0
0.5867161822219673;1
0.041577962357189385;0
0.5402888559781285;0
0.8096980648920765;0
0.02810598496233228;1
0.8215988657469204;0
0.056958548052303305;1
0.6122962338874994;0
0.19291956100415458;1
0.23019899013594045;0
0.532512177474681;0
0.10367698546741504;0
0.21472219548546326;0
0.45639299993470367;0
0.18028625032347587;0
0.12891230842566276;0
0.09211408775289932;0
0.13415980806696243;0
0.13847712518459365;0
0.14973702590083202;0
0.31679687248300803;1
0.17305616705767912;0
0.12400199094972776;1
0.17294555965736996;0
0.17248889829918987;0
0.07572878134577363;0
0.14359182436553716;0
0.12349164136762261;0
0.17019253893630337;0
0.007049881498542824;0
0.004132531319863505;0
0.082318813410493;0
0.4897501521230293;0
0.000839501204932707;0
0.026093666450934992;0
0.03280049960964137;0
0.17307646023339782;0
0.5787647119201372;1
0.01561519218753133;0
0.6800069068876348;0
0.05221314815416512;0
0.04352234698026506;1
0.14691602724971076;0
0.00592093865521405;0
0.7559278592099556;0
0.2143686780099287;1
0.0194650487899267;0
0.26820242049148263;0
0.8268379841214959;1
0.1357758826943995;0
0.8245787764018898;0
0.12286582146479755;0
0.04768538099703415;0
0.09147416783323584;1
0.17307634368466177;0
0.29469608678013215;1
0.021216373079486987;0
0.19268857867363093;1
0.14611705726575314;1
0.40046716981239466;1
0.7972674291840882;1
0.3509730652372426;0
0.3682264205342695;0
0.09281757111087716;0
0.3457919468727321;0
0.2253337420491466;0
0.703395124950422;1
0.6875965529409265;1
0.41689191175541107;1
0.9088634117132703;0
0.8408026379705288;1
0.216325825271443;1
0.2176772941360493;1
0.7299028838896683;1
0.781916073281929;1
0.16780175125420274;0
0.20122889421456971;0
0.17091891739456005;0
0.34768487295059114;0
0.5297569906323004;0
0.7678691215673694;1
0.3621006093300637;1
0.19449870447659295;0
0.28955364086551316;1
0.560193954100795;1
0.4941128885670685;1
0.6446502502044248;0
0.19290659409183172;0
0.24405648495370874;1
0.8564024146691561;1
0.48370529508089055;1
0.8268953888838502;0
0.10507750639274516;0
0.02625647805463097;0
0.17307692307581315;0
0.5176395871029519;0
0.7824685063006377;1
0.7287724997986177;1
0.7119539976272377;0
0.8247990602550707;1
0.5403823941703587;1
0.7816239173814773;1
0.826310671797683;1
0.7960864241377762;1
0.8326668442586163;1
0.9302557470438984;1
0.40481576023774757;1
0.6102535191256055;1
0.9073168488752739;1
0.4766844451433204;1
0.8513261180102129;1
0.8195502109488864;1
0.5419494491477523;1
0.31506276163463;0
0.1710887086997837;0
0.4497451428619766;1
0.7169279342695946;1
0.25226226038783256;0
0.3776241912036307;1
0.6795666290269687;1
0.5221330523350919;1
0.49031110518930304;1
0.746241073916673;1
0.6576265551289584;1
0.07583776283460568;0
0.30291216648951635;0
0.006325830885658252;0
0.17606137097511823;1
0.09927416267898254;0
0.15632399975988417;1
0.10088493970199011;0
0.24039268423746088;0
0.14939026490819673;0
0.2802126722086247;1
0.14633530644094186;1
0.36298693207640975;1
0.11488324182134696;0
0.12569755108279382;0
0.15971376171188953;0
0.38542839610693463;0
0.17855554303374857;0
0.4730120880297921;0
0.17307692307692307;0
0.17307692307692307;0
0.5545683078797804;1
0.40581814307445907;0
0.3205703962424302;1
0.8269230745692359;1
0.5834723823914422;0
0.5472163076627231;1
0.1730769922591164;0
0.8269230770154052;1
0.05148913767798339;0
0.24563035682268042;1
0.3969219983799336;0
0.11957067045090809;0
0.6383402443629552;0
0.37351540398344957;1
0.12484079138637166;0
0.011714743983718683;0
0.6630617550432899;0
0.2567817371067787;1
0.5704616631304406;1
0.17986532022819685;0
0.2157113286137597;0
0.2229856464729602;0
0.19947667208812353;0
0.29037302635636614;0
0.3434272821800845;0
0.26671698775012637;1
0.1372551125550344;1
0.12018734057465158;0
0.15386710838831125;0
0.06716961356891683;0
0.1757912162018626;1
0.6162977055533625;0
0.20997153578418246;0
0.6061153525046272;0
0.17206180672876578;1
0.3541123077502209;0
0.6420908429744272;0
0.31450837760546;0
0.5849556211798678;0
0.732627336791132;0
0.8269230769556188;1
0.16956676486154373;0
0.05961310289778975;1
0.14602503917378853;1
0.19483900137645957;0
0.04097898125302916;0
0.33713056712096257;1
0.28883006196510574;0
0.433364551617109;0
0.4368577801205451;1
0.8269230769230769;0
0.029685067230374743;1
0.037788016515537044;1
0.3985182774515421;0
0.33919935596896644;1
0.4216887521299183;1
0.03125661549847068;1
0.09525187671691092;0
0.18987968898695493;0
0.15042550925183418;1
0.34640726395346216;1
0.1540723105898379;1
0.17308028228624858;0
0.7723388496158903;1
0.543619365485594;0
0.06918563253134595;0
0.2064537663405025;0
0.14956541636101878;0
0.1336589610154171;0
0.0471874284709291;0
0.8197431011202992;0
0.46451108375095945;1
0.08313455341029259;1
0.5363295979908057;1
0.7712144299847877;1
0.8262652051361334;0
0.15738714512642302;0
0.632231063488805;0
0.17305264252728916;0
0.16914999896845767;1
0.22721996696550717;0
0.1730142945731249;0
0.00032778425575725074;0
0.0008499418067104553;0
0.03191522125626203;0
0.18086798740760496;0
0.19288334025148565;0
0.07132664392118696;0
0.12519502734595983;0
0.17303078029710303;0
0.37794763048915114;1
0.0752332528540838;0
0.04395209448147556;0
0.27566706476626374;0
0.28097286721720977;1
0.04393341808530957;0
0.020865839561089863;0
1.5442525473830473e-05;0
0.6099733995656884;1
0.4501895255475817;1
0.026228072573750465;0
0.021542851305919722;0
0.40873121918187216;0
0.5185465832101515;0
0.41914838789736447;0
0.34804316084741466;0
0.8265340726723127;1
0.4223111229252098;1
0.17365469099049544;1
0.812082760410476;0
0.6268774694006931;0
0.19976514262069692;0
0.3125541696644883;0
0.8123168492918347;0
0.18497314641420542;0
0.1730769159495564;0
0.06835229433428648;0
0.5047113750933397;1
0.3101076625587297;0
0.07096850534031582;0
0.031184761951377246;0
0.47156449541113876;0
0.8770628805927912;1
0.3322031062982544;1
0.6965347894588662;1
0.17307692307692307;0
0.17307692307692307;0
0.2992772738245631;0
0.6250621632765623;1
0.4345231596543358;1
0.8222135726678813;0
0.23398194227281444;1
0.5182636905137037;0
0.8147374556206816;0
0.006232580203681152;1
0.4575964766925576;1
0.60783270941055;1
0.030173769402202913;0
0.09424597704514162;0
0.10776161892254842;0
0.07759520361159694;0
0.8269230751838624;0
0.17307692305398967;1
0.7565960989625905;1
0.006972053266498158;0
0.739968403419697;0
0.15794501571337688;0
0.05090450108670026;0
0.07305893803894624;1
0.44574769300873;0
0.8269230646753971;0
0.09412046671833771;0
0.012024777965204684;1
0.3062166483695311;1
0.4455307939634064;1
0.14199789307859928;1
0.5945992120417262;1
0.22403914209245232;1
0.8269230769230769;0
0.8048385854751483;0
0.44235784732231637;0
0.14923629992820733;0
0.019259206750306433;0
0.02354125319354384;0
0.052391790054133094;0
0.3441215328771286;0
0.3490096609958767;0
0.5761705325107174;0
0.3543817228218623;0
0.21142654514998094;1
0.20201938881412473;0
0.3084810073388577;0
0.8079323608652357;1
0.823723331990017;1
0.5441136422839618;1
0.8269230751239157;0
0.4374614692000778;0
0.17242103668105838;0
0.7095652114996287;0
0.3863566094305826;0
0.05994818165878486;0
0.8070868357078894;0
0.18906877373598718;0
0.08753966796482696;0
0.30450328540105914;0
0.17293745357796406;0
0.11314010358515127;0
0.04345104733481027;0
0.19915566026488235;0
0.07138157702371672;0
0.26006239123714037;0
0.030373141057405836;0
0.17307692273475206;1
0.5524848450135547;0
0.09154186401351208;0
0.17307288791236705;1
0.16960453607628503;1
0.17068122846352968;0
0.5486800235529274;1
0.14362154807684016;0
0.3508176819249816;1
0.32025152686810315;1
0.16103076830036114;1
0.05285021789677759;0
0.10162025669639997;1
0.1034261466425837;1
0.03937344157179527;0
0.03002575257860066;0
0.1725573442292547;1
0.3297481971794128;0
0.17307692307692307;0
0.09543488187689234;0
0.3045342642004361;0
0.1730769230764601;0
0.172552486217975;1
0.6282234806937006;0
0.06461493179912181;1
0.1730768715529007;1
0.054127406621786056;0
0.02525777518246889;0
0.17307692307692307;0
0.6686060101868244;0
0.0903360545616265;1
0.12253201161383823;0
0.1730769230646925;0
0.17307692307692307;0
0.823451975875958;0
0.7997197279447994;0
0.5243748309030759;1
0.6451364037118522;1
0.4672095733617724;1
0.64436256799084;1
0.21682246615756773;0
0.4199296587189378;0
0.0007869110953458698;0
0.63628070459256;0
0.16161829370620934;0
0.1705024991592458;0
0.004259749565175155;0
0.1770841908467434;0
0.010658664277719656;0
0.007141081454037044;0
0.43152446736064437;0
0.26925802785271424;0
0.25534915535716585;1
0.8046285519147747;1
0.8166750514115875;1
0.39884588541959726;1
0.28032346215096887;1
0.4287463848238516;0
0.14320546766107062;0
0.5705046989797954;0
0.14864021914504988;0
0.30516834796333225;0
0.5009401670165758;1
0.13759806039607522;0
0.4698765380590094;1
0.2865135773888067;1
0.37867459144474025;1
0.22608026160120195;1
0.4110872324574857;0
0.8038790651993916;1
