pred;y01
0.1203400634022773;0
0.09699255164845969;0
0.10666171464067781;0
0.13282628624972292;0
0.3756981654662936;0
0.23890323239456923;0
0.19314026958636224;0
0.23422826671745933;0
0.34803080925494007;1
0.11511144957480252;0
0.13113155021225126;0
0.2730623681933314;0
0.15478361537253266;1
0.2523078334425146;1
0.13847218478800752;0
0.2433600087711653;0
0.20230921558861173;1
0.14796672409220696;0
0.14500176353047273;0
0.17859432534264863;0
0.130487740007664;1
0.19046368730925975;1
0.12234057375849071;1
0.17564325958294197;1
0.16790600103323336;0
0.28967972439315404;0
0.4332852862602671;1
0.24372931541647067;1
0.22509316231597862;0
0.2835652536294972;0
0.23469345793782237;0
0.30360730695740523;0
0.3130454568025937;0
0.3222461422097469;0
0.3128188800429862;1
0.33152473981693686;1
0.361269867699635;1
0.31170233773751704;0
0.390265577628882;0
0.19340093642506978;0
0.15806438304094772;0
0.19937269987474224;0
0.3617573248798954;1
0.3720129549553527;1
0.394471853733406;1
0.26403756409547036;0
0.321631250868592;1
0.24989745340931904;1
0.26811855914261207;1
0.3473563909033806;0
0.25570033114821333;0
0.2872581479616735;0
0.3086664811213598;0
0.42506558175015363;0
0.33188734945690496;1
0.1970788905987285;0
0.2663411164740299;0
0.36565242470132303;1
0.45336428809504903;1
0.252955720189401;0
0.165374475844262;1
0.3468093337589257;0
0.15454057001169513;0
0.38164287412185305;0
0.1828604871404011;0
0.1988901167485672;0
0.17328868203097894;0
0.14142986008651345;0
0.146399823207151;0
0.1579740860244988;0
0.15354653520430156;1
0.19779777141832122;0
0.3046283321968224;0
0.34386063341428486;1
0.23296173191916833;0
0.2608870370974744;0
0.3645944022728334;0
0.4601411735373331;1
0.25028457275111443;1
0.2709760798116354;0
0.5933207020535224;1
0.36296566704844246;1
0.35821406667026945;1
0.32469787980817294;1
0.38709803701147216;1
0.44068395987537423;1
0.46466684557671833;1
0.33935841836109315;1
0.5053364926862781;1
0.2753654102166597;1
0.6127210197208773;1
0.2729585895970313;0
0.3589179803614448;0
0.532379137302702;1
0.43429358403785;0
0.3517049464644304;1
0.37279272873311065;0
0.29343818830937435;1
0.3766173709037348;0
0.2374191726286471;0
0.3725745965960237;1
0.4540900827989775;1
0.2511683198566054;1
0.33269500848801353;0
0.41461858956643516;0
0.33542381375964575;0
0.29893620082634137;0
0.19010305488416607;0
0.12463265960565832;0
0.5050899321625341;1
0.3207478991538695;1
0.4319999167227567;1
0.4288066511219517;1
0.30314707217724324;0
0.42563196941872605;1
0.2866307837194722;1
0.2858671682298662;0
0.4087390730824554;1
0.3471624285119697;0
0.3791545267312574;0
0.12150173542655196;0
0.0747387000834825;0
0.2863748875905993;1
0.1708199882529937;1
0.223776385399205;1
0.23220387374300605;0
0.242763419141581;0
0.1420066002320525;0
0.26935939895228855;0
0.1946363872850596;0
0.3091764781834277;0
0.25706469382203756;0
0.3000387629325391;1
0.2507942601726832;0
0.15605483368418416;0
0.2573586092675748;0
0.4344683948503526;1
0.2978885714027993;0
0.5404831425495906;1
0.5006937128772088;1
0.581627810522574;1
0.39291732065344953;0
0.5392339040540631;1
0.38166423786277304;1
0.5116147839150155;1
0.575059903788524;1
0.5303315399962353;0
0.46850811166943446;1
0.5046989506375159;1
0.4572671325160414;1
0.30700550321217784;1
0.34877463903721123;1
0.44230246413083235;1
0.5504680189205183;1
0.4553205095790866;1
0.5179044636687432;0
0.6286348067244251;1
0.43796674871256164;1
0.4175121641231069;0
0.361582272861922;1
0.7149289854138914;1
0.7556055950237679;1
0.5881908799619057;1
0.611785603999819;0
0.564723961545992;0
0.692082164669969;1
0.4501201549477425;1
0.679219092975305;1
0.38057060586291397;0
0.34630908311047875;1
0.3506005447466927;0
0.12857199530957028;0
0.16656692179420307;0
0.16309485639701019;0
0.28332628756528877;0
0.19224186691843495;0
0.21661392007323468;0
0.2003193679607604;1
0.4224225388560808;0
0.17925995310803922;0
0.2481941112618108;1
0.2593644709418979;0
0.2935202705643822;0
0.16548233328879855;0
0.12533705165605685;0
0.3630808592885793;1
0.13902244068579295;0
0.2135072030557828;1
0.15780344567404003;0
0.22866588486273984;0
0.28632433721095346;0
0.34748576927785163;1
0.18674603511466986;0
0.36350979949970125;0
0.2863283424019201;1
0.2893597293556662;0
0.11643564649772767;1
0.42366208206761513;0
0.30831574936184464;0
0.20251198305356521;0
0.11855393586280637;0
0.14436405235724734;0
0.19499604747665908;0
0.09627633007337678;0
0.12653308566152163;0
0.19861710210491448;0
0.14743230233614946;0
0.1393780577666722;0
0.16304473613352916;0
0.14673947146204594;0
0.12505208470237808;0
0.10591588408005442;0
0.19453650446250745;0
0.20333494921594533;0
0.2181721062071835;0
0.1913378976560598;0
0.11648427942586237;0
0.23770354716472353;0
0.19842553371711383;0
0.08670153016583071;1
0.12309677415529809;0
0.13318254643774313;1
0.17407872150468365;0
0.1998360321538058;0
0.13114518018157306;0
0.3529560677463483;0
0.38750136054165885;0
0.28283763657796757;0
0.3208388985014205;0
0.1277065173658573;0
0.1165035199552058;0
0.20917365747483074;0
0.15848759661692582;0
0.1904690558576569;0
0.12408596622879996;0
0.11563227758577771;1
0.197045202358536;0
0.26096228188440956;1
0.17640509944900098;1
0.12561794711077023;0
0.26933335539139774;0
0.15078792481054257;0
0.13201724543188714;0
0.1374940432357649;0
0.19005308812735544;0
0.30963405054193;1
0.3040867712929319;0
0.2837319458139959;1
0.19070592641507417;1
0.15707866695429498;0
0.23942548533248648;1
0.14742768440731535;0
0.14047293928943094;1
0.2882380722549906;1
0.2197670474038736;1
0.1673778742802213;0
0.22717089385010192;0
0.21186401429580634;0
0.23917650561091366;0
0.1953060480601113;0
0.17960329672924363;0
0.3272895119409306;0
0.13245085880472657;0
0.13848394272669992;0
0.24496152316935674;0
0.1484260919183954;0
0.3183468786417001;0
0.19894973354488335;0
0.16624011424614854;0
0.12374402611824703;0
0.15365650423916732;0
0.13472210914828192;0
0.1923751422175471;0
0.19000619309956057;0
0.12731827053301853;0
0.18336234164097406;0
0.20550873585836626;0
0.14475753823622006;0
0.23389756309167403;0
0.11452825845721305;0
0.27426142202297404;0
0.1599253389214943;0
0.11445886626362345;0
0.25484310598287474;1
0.20160237849482074;0
0.2693876927349633;0
0.2297094753758838;1
0.24795949496012845;0
0.19890399683700055;1
0.23839642322884164;0
0.12436791623175827;1
0.2501678539951972;1
0.18868290927801673;0
0.39204108022383455;0
0.16141044078553288;1
0.23803600605586758;0
0.3229119187863733;1
0.24901567190945514;0
0.15879778282193072;0
0.3118341868218517;0
0.47244879693292635;0
0.2294030615061158;0
0.3358356290813694;0
0.7631338158060166;0
0.7523876607407678;0
0.7024088667026477;0
0.5484931203588924;0
0.6361102174881405;0
0.36200226316266243;0
0.49987956077587353;0
0.6121801533744103;0
0.44940551211823704;0
0.6483273819579115;0
0.7007655134563606;0
0.45833233274703894;0
0.2551138043705074;0
0.2614138542955717;0
0.2820279234886789;0
0.09222635368152084;0
0.19919254567914466;0
0.2353056214335743;0
0.3214488923873519;0
0.321441246077388;0
0.34742235337554617;0
0.43550922552790816;0
0.4230441135291691;0
0.40636291692168447;0
0.46438239068618564;0
0.22670857231116087;0
0.4790123908017733;0
0.43722547290890024;0
0.47515925952481625;0
0.3725978492452366;0
0.3593122736924415;0
0.3657834761130933;0
0.30020627252044024;0
0.26815768218648656;0
0.24907719443345744;0
0.052721368600126245;0
0.08738053351509631;0
0.09533558966121855;0
0.13190915819300197;0
0.08549290134509722;0
0.07953270038628701;0
0.09831683175883102;0
0.12499172442724264;0
0.14435421055885483;0
0.13446760768579125;0
0.1147589097293544;0
0.18620215305969706;0
0.08422047233216587;0
0.21586410037266152;0
0.2568363987179001;1
0.19717495462049411;0
0.12767321238604193;0
0.21849235725622013;0
0.11913184077265512;0
0.2295673041223131;0
0.17109144045801544;0
0.24985970402856295;0
0.12001240767883661;0
0.12490169803501627;0
0.21013759907555918;0
0.15741097453425046;0
0.16245102610718345;0
0.29805053698224626;0
0.22425575526704883;0
0.32425891230660275;1
0.21279633843905402;1
0.1335392808088992;0
0.30467023219705225;0
0.33131261846977694;0
0.21406172523626701;1
0.24129650391970445;1
0.2547115893827838;0
0.10195573404698971;0
0.08262411133624455;0
0.11388317588437048;0
0.13859089219010565;0
0.17843347957605035;1
0.15979464184501524;0
0.1724405722934377;0
0.141110118888465;1
0.14617486196048085;0
0.1563330854286947;0
0.15563542382003412;0
0.19271450227165793;1
0.1757066614269986;0
0.2217960138446484;0
0.13933810400252178;0
0.2801224801037875;1
0.1264633462172447;0
0.24763420163023858;1
0.12700267051917744;0
0.13891252563228823;0
0.24043551079548628;1
0.2272213783502922;1
0.1281481590480039;0
0.18632618586316427;1
0.17174258839487686;0
0.6645796178408894;0
0.694320854651598;1
0.8235532460728775;1
0.8162729722473634;1
0.7588077206427919;1
0.7709929147959631;1
0.7206752063899516;1
0.811944735316433;1
0.6926645228250756;1
0.7113730818003581;1
0.890980652192133;1
0.7986255726137538;1
0.7653930847304804;1
0.7552424083887348;1
0.6773427825072609;1
0.7561074534553338;1
0.6559669518902879;1
0.8535756458963722;1
0.7409262813029486;1
0.9048558948193539;1
0.9160333316081487;1
0.7428589780999769;1
0.7707965469181431;1
0.7278514187195269;1
0.9496622785407578;1
0.5388089104867486;1
0.7459292354367533;1
0.7223888638533149;1
0.7772096273474961;1
0.7743158531640363;1
0.8196075745955961;1
0.769334724291012;1
0.6032181199591126;1
0.5818478333516394;1
0.5386471584922506;1
0.8548112181958547;1
0.743543410938622;1
0.8098971193637581;1
0.7296399176744857;1
0.8631740189423518;1
0.8196893027403359;1
0.7292062056243598;1
0.8060950862680061;1
0.8736332445766055;1
0.7088935011761037;1
0.8786456999218969;1
0.24411578175707555;0
0.2229678241160152;0
0.23784771573282057;0
0.09609707180663928;0
0.09849461772577535;0
0.2963793779663301;0
0.22829221791873838;0
0.2657762242527915;0
0.17010937311514981;0
0.16834230541621784;0
0.14063278383819475;0
0.694611706949586;1
0.7836296635844164;1
0.633458799753165;0
0.6390579897565927;0
0.7377114557361937;0
0.7218305270752519;1
0.70264244710844;0
0.5603119622891424;0
0.6704774249748672;0
0.7278203487065072;1
0.9319723216274218;1
0.7266112765542545;1
0.8485601326751993;1
0.6618916908063877;1
0.700306979225458;1
0.9177901961971371;1
0.6138014584302433;1
0.5418944828403872;1
0.8661056105533704;1
0.8720840225084435;1
0.7168284702130958;1
0.7118596649605111;0
0.8590604675296708;1
0.6604060455020828;0
0.8165116026882092;1
0.7105620386637309;1
0.1712989421837464;0
0.35996331728745606;0
0.24461246890796115;0
0.32144547159135317;0
0.20682095345360552;0
0.32415984641125606;1
0.1902183246451427;0
0.2429174466407456;0
0.17701647618129457;0
0.24680177435699382;0
0.5377459238403457;1
0.5330662918824953;1
0.3809265711640516;0
0.27261529654854855;0
0.39114519071132564;1
0.2801415003251498;0
0.2366703205079867;0
0.3985502689289407;1
0.15176219451756645;1
0.41581606665142906;1
0.25986811192991405;0
0.3595346459760988;0
0.2647828724868665;0
0.3786771128238836;0
0.2986817626612717;0
0.37117828563631605;1
0.34292250593444806;1
0.3101077377608525;1
0.48765988259951354;1
0.3945737636350113;1
0.4377804731114763;1
0.6028903405921346;1
0.342391494178621;1
0.4360097968887825;1
0.29352974998296616;0
0.39086552349720605;1
0.3516071991314877;1
0.4059479973870522;0
0.35469324120370394;1
0.414932241897943;0
0.33470542221169897;0
0.40092985113496166;1
0.20892760644196326;0
0.5335179935886691;1
0.5260620603206685;1
0.425101504896276;0
0.43652196220302997;0
0.6008535737922944;1
0.5432133015379927;1
0.42702661221650734;0
0.5020057771490166;1
0.43553664402240716;0
0.33231710322995095;1
0.32225913388042526;0
0.4138395333126139;0
0.5810844252377048;0
0.31555209536610657;0
0.35579057929689273;0
0.33527860016672684;0
0.40340670412299706;1
0.2580483895550534;0
0.3167102378134748;0
0.35034377011387274;0
0.4517493111552297;0
0.3085394841386701;0
0.29882587979801273;0
0.2984103460681991;0
0.29211288834091126;0
0.24240689367142396;0
0.3436897882655967;0
0.25282914418478636;0
0.3851706477681414;1
0.40763151791303603;1
0.2768509711508203;0
0.5411093644063656;1
0.41077670924606224;0
0.27874087201073744;1
0.30054410561194256;1
0.36060243703578043;0
0.27766428840904955;0
0.423873910159848;1
0.35281105325329015;0
0.3234488227858979;0
0.32253845944791415;1
0.3158115056051774;0
0.31246098502729863;0
0.3722499695190178;0
0.24821607169478044;0
0.3282852791884275;1
0.35458599499267357;0
0.365959039149776;1
0.4108911329659859;0
0.14513588270413907;0
0.17307706265272793;0
0.2687259889324717;0
0.2935776232125695;0
0.23117571751280666;0
0.2688906229602859;0
0.41089274500334133;1
0.2124112669613872;0
0.11463290362753888;0
0.1372888375762626;0
0.25609336815703493;1
0.11538567234124461;0
0.08462890166539605;0
0.28470689919747777;1
0.2728485457660471;0
0.2881383189056545;1
0.24544745756744446;0
0.198814843865043;0
0.3993918380362612;0
0.1465017624999035;0
0.2075987815747681;0
0.259464468268025;0
0.23977392433649816;1
0.15131402742866903;0
0.4536911419915636;1
0.2533933252443851;0
0.24531718545235934;0
0.29594959813862326;0
0.2046835016758322;0
0.24377769931906193;1
0.5955221327246256;1
0.24760631648310805;0
0.1903229476054694;1
0.26577221847491034;1
0.2097469855367725;0
0.3534184896665717;1
0.2435032163147138;0
0.6110740421940164;1
0.2855796827935814;1
0.6489450941941426;1
0.3976006548397381;1
0.5657458358150006;1
0.39560941715708164;0
0.5850633605572318;0
0.30744202446608243;0
0.3832745548632174;0
0.6886025874075854;1
0.6263321533763782;1
0.6862304758708061;1
0.29054855888170344;0
0.5118476790015056;1
0.3682161888999955;1
0.5462369642865443;0
0.45082258237531697;0
0.5547864565458822;1
0.45786305602882166;0
0.39186794902439154;0
0.7850264743963392;1
0.3598446995232795;0
0.42625824951859664;0
0.5848924385748996;1
0.5027457797371415;0
0.38314064432652334;0
0.4332963998676388;0
0.7212929131973542;1
0.3145487003137395;0
0.522230820025913;0
0.5986255020403921;1
0.546641937792535;0
0.47551541666810515;0
0.40039410237751805;0
0.5785650639428561;0
0.4447451307221273;0
0.4468585591044635;0
0.5970201180026689;1
0.4471233390385667;0
0.7410823698463931;1
0.6280132391408332;1
0.45196419703175944;1
0.5720872468462133;0
0.8675464162911671;1
0.37953185911820314;0
0.6784137129461243;1
0.2097743569863375;0
0.477594001522255;0
0.4930419023536051;1
0.6053666125054475;0
0.6024374152207527;1
0.6019039919611402;1
0.5044028031018879;1
0.5131504686015093;1
0.3342628777710443;0
0.3844719960558733;1
0.3203624986852565;1
0.19318934718903896;1
0.24220579461829894;0
0.27147187714023713;1
0.2897417288013603;1
0.25012879268351734;1
0.19843268183726503;1
0.10262041779285419;0
0.18769159500698648;0
0.10167402038747506;0
0.2106232051411946;0
0.10018723917477863;0
0.12195360534034005;0
0.06732422093288143;0
0.1884367692386079;0
0.24859571106873593;0
0.10639688881290132;0
0.12256402218071162;0
0.351289997357485;0
0.13486434034858502;0
0.18389703238063043;0
0.19272301628586389;0
0.0852183657989281;0
0.2008517116206819;0
0.26991958767146895;0
0.46266592318086214;0
0.38129871727444536;0
0.5456736674480513;0
0.2977490080368016;0
0.4721049565878296;0
0.5745905018417251;0
0.45187551509156465;0
0.5524639958038462;0
0.49035941164871605;0
0.7615607628854965;0
0.4959076306241587;0
0.6191800875982486;0
0.34225746336898427;0
0.6496317725428723;0
0.7470137854518548;1
0.4988441350977633;0
0.41861581330723546;0
0.4971807227104935;0
0.5086248746412564;0
0.31362558229636395;0
0.5186342314946869;0
0.5747347956428476;0
0.6427826443616906;1
0.7239419065822964;1
0.45880740100431755;0
0.5948097744158772;1
0.2438927106725103;0
0.6659008597681711;0
0.712226249670548;0
0.31045146976816695;0
0.2716515247501393;0
0.3197848731635872;0
0.39762577717473896;1
0.2664696256624237;0
0.33639470019972245;0
0.330041846058755;0
0.79556933660049;1
0.8491717068648377;1
0.6858600239565846;1
0.8184000489078576;1
0.6911180120274965;1
0.8127319570632169;1
0.8676422994685095;1
0.7166478425630628;1
0.7738904493555859;1
0.772163766864306;1
0.923594755052367;1
0.7641985736488572;1
0.6936095620027597;1
0.669611588110939;0
0.7798450309256955;1
0.24741699644048656;1
0.7905121601267977;1
0.7495904625053007;1
0.8494253196863633;1
0.6206852581740071;1
0.9075266339214654;1
0.7142888744425434;1
0.8737724415697995;1
0.8849223732952624;1
0.7392883188186476;1
0.6483062727022452;1
0.7162655402750567;1
0.7760965852763093;1
0.6660263422149681;1
0.8157394583976578;1
0.8540585708328101;1
0.8518089993000294;1
0.8545359478750012;1
0.6796256114323512;1
0.7188232955782351;1
0.7306248740867534;1
0.9221735232809293;1
0.8407418902304414;1
0.7760701325948574;1
0.7310288365212834;1
0.6446693466102477;1
0.756156426100665;1
0.7638962005457985;1
0.7997783735874896;1
0.6678319291855583;1
0.8676964657385341;1
0.811638765222097;1
0.7292059258920257;1
0.7452900742362807;1
0.8396620323880155;1
0.7819944344634242;1
0.7457309715866933;0
0.8625276619357788;0
0.8679848978113335;1
0.6835912279370107;0
0.8731269601084212;1
0.8431473663261682;1
0.8212665831331566;1
0.7204808624289865;1
0.8069162051791963;1
0.8484093748274912;1
0.8647018138041508;1
0.7709422373129812;1
0.7598406087489497;1
0.7075656927639002;1
0.7366947653342063;1
0.8166107018588331;1
0.11564734403987104;0
0.1631091942569714;0
0.14390225172045612;1
0.17123664877253422;0
0.1717152595522761;0
0.4712141611001053;1
0.14244497575073398;0
0.25454574593115126;1
0.22545731509093092;0
0.08838532991682464;0
0.12823638868486062;0
0.12852101359182935;0
0.33612209224114686;1
0.3501809909162251;0
0.11709081171299442;0
0.10062852654728238;0
0.1383760389269652;0
0.2877883632828061;0
0.162983374934053;0
0.2856022978419021;1
0.09934683450470486;0
0.21613217087373005;0
0.11491231402690391;0
0.10204641196508231;1
0.11272916169169489;0
0.18946195798854495;0
0.11240086332660218;0
0.11360959723692766;0
0.09203101399623827;0
0.10716100624783312;0
0.30352474633309123;0
0.1957356580769885;1
0.13599870638891134;0
0.14730802184372271;0
0.11620736396937757;1
0.18647755625836243;1
0.15072034236220716;0
0.16404656657195518;0
0.09980927819354325;0
0.7187421380092412;1
0.43012541622983547;0
0.7232946345509604;0
0.8277663689588033;1
0.5145495383514461;1
0.8409227068664215;1
0.7391527131289308;0
0.7837255332810422;0
0.8421431012811891;0
0.7751881952023243;1
0.7980872797400717;1
0.7773969102110763;1
0.8266092396458263;1
0.7012066703859938;1
0.692715613783754;1
0.49538984179921114;1
0.8450043268048414;1
0.8405299030794098;0
0.42383995625655907;1
0.7726203846221397;1
0.4773473819359826;0
0.6326685565133267;1
0.7220071237954571;1
0.7028318238623861;1
0.688826020808028;1
0.4383017301952426;1
0.28080479628046723;0
0.390379168301134;1
0.3260603424433649;0
0.36681829953263057;0
0.48724033521224297;0
0.14819443625624507;0
0.21808748526947028;0
0.20128581622343208;0
0.13838653967393683;0
0.19208329444367003;0
0.218014830322206;0
0.16190747111545176;0
0.12772151461725206;0
0.1807453125063913;0
0.5122147177781405;0
0.36903809289471945;0
0.2652028330944523;0
0.2653692884682937;0
0.40890903475006424;0
0.3673752774610811;0
0.4338411856628843;1
0.33721303432274713;0
0.17125785912723185;0
0.17132107189195392;0
0.10553828628727922;0
0.3419012465749858;1
0.4294095449496719;0
0.2869696061530311;0
0.37172044761830747;1
0.42216144517060866;1
0.3784699650147475;0
0.21551153812052992;1
0.35574785711553536;1
0.22601491429226112;0
0.2529741743714592;0
0.20489289061055507;0
0.1929781254498886;0
0.14330014314857556;0
0.1799976875400084;0
0.18524828771018978;0
0.32290533088550066;0
0.34947952587748465;0
0.5656230363456082;1
0.3196105799744911;1
0.30015840189603865;0
0.2162816558321956;0
0.21018374281536822;0
0.22190577293640068;0
0.25686010026718065;0
0.2544191722064353;0
0.18313362838970243;0
0.22437130355686644;0
0.3338814706067575;0
0.14590558847680715;0
0.3326538903894298;0
0.4517478468415526;0
0.22874798807116808;0
0.12397324884999461;0
0.28355441724507624;0
0.1286036594251783;0
0.15094472204702325;0
0.14052003821310693;0
0.5649155051154591;1
0.7104587137974804;0
0.760307071626883;1
0.5105357523816355;0
0.8552601904037912;1
0.7928359916946955;1
0.7036858365196232;1
0.6261358034388512;0
0.7682919975533787;1
0.5100262280209739;1
0.9303385622191312;1
0.8866209699778675;1
0.7293792668074985;1
0.8005167316662596;1
0.7415132331983583;1
0.576030547260735;1
0.7378161892874383;1
0.5439215667501074;1
0.8689642483900892;1
0.7940887451086783;0
0.8401120696199289;0
0.9175846967703007;1
0.6326562974489175;1
0.6873325799711119;1
0.7962150412026668;1
0.796500726582653;1
0.3593100777250762;0
0.29821735210443373;0
0.39920256249378994;0
0.4562368826957489;0
0.3868205055263004;0
0.8218962234489658;0
0.3839740794833388;0
0.10249278781143101;0
0.5075055842991488;0
0.15970520852955;0
0.16915294034304904;0
0.49977913093222653;1
0.4893002404784527;1
0.26560007120027324;0
0.28196121247539213;0
0.34351662855084053;0
0.24478051721736926;0
0.2277901771533081;0
0.3549058274958432;0
0.22715155661783182;0
0.33892678273962756;0
0.3655684499033808;0
0.27144175641993523;0
0.4404020774029607;1
0.2011591686267299;0
0.47557837871721476;1
0.4081877002342322;0
0.17179982340925803;1
0.10878599679133352;0
0.16808879898607174;0
0.10411313523014444;0
0.1818122036514909;1
0.14230962590705004;0
0.14734877014358616;0
0.10228299353270703;0
0.337521506402097;0
0.15346339737795098;0
0.20089041837125765;0
0.25822884827136333;0
0.32550656074197115;1
0.3599686421518713;0
0.2583147552693995;0
0.15058804641189324;0
0.2999354438689582;0
0.29749063724557717;0
0.2489687211784115;0
0.2657082522123514;0
0.3381612583246324;0
0.21353115254587623;0
0.17036375595279787;0
0.4472720189636448;0
0.6321753415013345;0
0.869613341526496;0
0.4160165350987184;0
0.3614192252929746;0
0.531842891141484;1
0.666303312620752;1
0.8172382448343172;1
0.8270579598324049;1
0.7155925901042184;1
0.8205886204572324;1
0.8404672845052767;1
0.8544167048321952;1
0.7795823177045094;1
0.7628482929389235;1
0.6407959173521327;1
0.8296883096592848;1
0.23806975592501303;0
0.26253760930242953;0
0.12054848358952008;0
0.2814193490753429;0
0.09906343871993821;1
0.22591863777138235;0
0.23388318962271765;0
0.14554078921818356;0
0.22235882004497848;0
0.22703308496529243;0
0.23259050589828262;0
0.2193090822082479;0
0.43467204623114836;1
0.19937113044511823;0
0.19299060862429185;0
0.20178301517664113;0
0.22093803150182786;0
0.15699837334733896;0
0.29363431484381575;0
0.36875567614682747;0
0.13430493907450455;0
0.20163077200570337;0
0.29526055956904174;0
0.1158594946018076;0
0.1900465258206824;0
0.19235444457468634;0
0.21249907783857544;0
0.2291157427512694;0
0.1462962687233057;0
0.21894733790045512;0
0.08050820184066551;0
0.1531682911677487;0
0.09941745309555519;0
0.1427145390863393;0
0.1779912974386943;0
0.2684114429458996;0
0.20349937419792916;0
0.13425396207585025;0
0.311010154647951;0
0.3146908955685816;0
0.3372257404357304;0
0.35832824821488624;0
0.22029924427861458;0
0.18214343505975567;0
0.1968913220332871;0
0.12072035505463095;0
0.11077749834539272;0
0.13181131752048322;0
0.09423847360949456;0
0.15362109496135917;0
0.21105413567628944;0
0.21243315971310087;0
0.22976235588255223;0
0.18592228972311503;0
0.21261076615370492;0
0.31226231923176123;0
0.27971528111249866;0
0.26658315756883055;0
0.46124035052712203;0
0.22152035544026363;0
0.34433164738247163;0
0.09753387836534151;0
0.2689613900513951;1
0.22161875872667056;1
0.45118820692288997;0
0.3287321724581691;0
0.3271004627055384;1
0.34922420754978434;1
0.33348052572811576;0
0.2617357624598557;0
0.3345466415409205;0
0.3449762689497242;1
0.4315057043254439;1
0.3936857827719114;1
0.2773125337180125;0
0.2502557521213653;0
0.17460859081933655;0
0.1734805024262269;0
0.3734740272397271;0
0.35718141072337384;0
0.2839009373395742;0
0.3436157144317472;0
0.2667804615838863;0
0.2376097656994897;0
0.45332933849606877;0
0.33068066564935694;0
0.26346628245809756;0
0.3405788126761554;0
0.5110704904276884;0
0.276932279081839;0
0.3585648808587128;0
0.40225420853014826;0
0.2914122052192103;0
0.28395871394599853;0
0.3902534567072368;0
0.2653236379559489;0
0.4752232902332528;1
0.5610505133183946;1
0.47828786191155503;1
0.3371320171310216;0
0.40961763580090965;0
0.5072633616139736;1
0.6094218241181649;1
0.33924589237422614;0
0.34271939570540616;1
0.40251504604930816;1
0.34574517574732233;0
0.39162502567918417;1
0.4036056602052699;0
0.2604530274883783;0
0.35672678495261934;0
0.3616632292956096;1
0.335913994053488;0
0.33693778449360356;0
0.3568154788033685;0
0.33112396110796877;0
0.22705573479840915;0
0.606382022972127;1
0.20489813684514538;0
0.12229312849968316;0
0.157867864856096;0
0.13740958988959384;0
0.34087905452264455;0
0.27346723017639996;0
0.26864118914627577;0
0.14878131299789815;0
0.20300398258180666;0
0.17305822697755904;0
0.1935660417517911;0
0.23891247812540428;0
0.7348282704122657;1
0.30033901206187924;1
0.22184230662869858;0
0.1321875306077553;0
0.1345131656595719;0
0.3725600931179172;0
0.10972965642008098;0
0.18224927305242727;0
0.19329797227066944;0
0.14264334953396027;0
0.1913284953471565;0
0.18178102837859847;0
0.1410162433530678;0
0.18569435058940947;1
0.12198777970104813;0
0.11015642789383322;0
0.1262566760332797;0
0.12769423146745368;0
0.13130302686117926;0
0.18991035590523855;0
0.19266231658577826;0
0.25391213380001754;0
0.2985378940058289;0
0.16651988944254661;0
0.15755509896526323;0
0.11151943684308531;0
0.17332706749317425;0
0.1901290056082836;1
0.11804753992889502;0
0.2974646543540529;1
0.1223131824113216;0
0.4033654530295274;1
0.1875779596985591;0
0.13416863583974625;0
0.3847223131299942;1
0.28072617757062224;0
0.3488255792136543;1
0.3379579749982068;1
0.16879780926798627;0
0.19736625897305926;0
0.38867593102425735;0
0.20471942754183362;1
0.4080831613698293;0
0.4513198775020703;1
0.15140135968160123;0
0.38465720739596404;1
0.513164610275176;1
0.32580783735241403;0
0.27736345244581057;1
0.40979802464897697;1
0.3241438822723197;0
0.35315212051215455;1
0.20464026148506065;0
0.10820345502852141;0
0.14804915983880312;0
0.21098193805165044;1
0.3283202237363638;0
0.5070308884176524;1
0.19869768173550656;0
0.25953837453610923;1
0.2665210698051374;1
0.33307272310308844;0
0.34300083700676404;0
0.49330374170268465;1
0.15123455839549482;1
0.1921218509216493;1
0.36598970470025116;1
0.13186283964067103;0
0.17577134223614727;0
0.2171551879776773;0
0.19346064486624504;0
0.22646135605608822;0
0.11305391597125669;0
0.13757815583423644;0
0.2572928873567856;0
0.1694751795199329;0
0.2376753327427158;0
0.21719414635715445;0
0.3518092065104421;1
0.19932430139849988;0
0.1452695837176708;1
0.3384699502539209;0
0.37005040697850944;0
0.08223149787795984;0
0.173729262195859;0
0.1287132163258162;0
0.21915218965886005;0
0.15793064226262338;0
0.16588104078185864;0
0.149543295252587;1
0.29069568625408515;1
0.1358958620835874;0
0.2472689554205717;1
0.1065705426566311;1
0.12672615996822315;0
0.20232548678472997;0
0.3425158188958375;1
0.27463662339795075;1
0.30877342469719754;0
0.19351969551527723;0
0.15637941532110738;1
0.31451368053573125;0
0.2151016331803859;0
0.28720188041700984;0
0.3064981464076681;1
0.2741532045610461;0
0.22200130103008384;1
0.16263404878443172;0
0.24131787175940292;0
0.4130676130679163;1
0.17178906873941488;1
0.23194970037362034;0
0.21259361276182492;0
0.2148587330715048;0
0.1445196913296307;0
0.2132111824979483;1
0.24684610747854133;1
0.29717094376553854;0
0.3452544078344447;0
0.35084329332922015;0
0.1613290939494101;0
0.172232913766991;1
0.10358037254409765;0
0.3424589688996954;0
0.2730413221066151;0
0.12686041673403975;0
0.3505298630795445;0
0.3880861027237244;1
0.26662284650430396;0
0.25767452213387837;0
0.3297261110558753;0
0.4100555177436922;1
0.24299772915130566;0
0.3394086199065406;1
0.2736951343088699;0
0.42332217078742757;0
0.3010971205038381;0
0.386745334039432;0
0.21521129450204532;0
0.16327061494002368;0
0.371482371844408;0
0.2282368295227187;1
0.5146977026001518;0
0.31466988723850087;0
0.269511925719219;0
0.26664216178225186;0
0.518516526555019;1
0.350959147851854;1
0.4542673653459699;0
0.23826236520420388;1
0.4693898251474698;1
0.39569326516292513;1
0.27302716583912967;1
0.21308607063422283;1
0.21640810251174808;0
0.2775553414673757;0
0.08333784015190544;0
0.3565341121932682;0
0.2518552508575972;0
0.26444203585720794;0
0.4347176000030303;0
0.38467871813769283;0
0.4700976095514293;0
0.1853307419187937;0
0.3978418796519234;0
0.1414035051624468;0
0.21088919492953404;0
0.19660910770109313;0
0.15892688328577093;0
0.26462790160748617;0
0.20104744629927174;0
0.1427004549153584;0
0.0695759967600518;0
0.20467935211848362;0
0.42770747681476784;0
0.20557121530976008;0
0.3580584048393354;0
0.13761278726846385;0
0.2032463591688434;0
0.250499058029766;0
0.13766743967875225;0
0.21093847152333914;0
0.27863886648901653;0
0.2459637377144732;0
0.1353908702320619;0
0.15884536264711582;0
0.17385513801792282;0
0.19087636054358997;0
0.1452582318079531;0
0.25588216011483866;0
0.1798429200088517;0
0.11220252372817088;0
0.2461197620134016;0
0.17090306733859226;0
0.30835145758793936;0
0.19434349775919746;0
0.13153853606086752;0
0.142484919855787;0
0.2055039137450437;0
0.2703083241277938;0
0.33294804824062113;0
0.14084646128088657;0
0.12752679309419063;0
0.3150652459497595;0
0.09034127686294864;0
0.16917346738149047;0
0.20555363523294323;1
0.10972373195904125;0
0.2711510912224797;0
0.2730757891004473;0
0.386265456517468;0
0.2523307347314934;0
0.4631574685917515;0
0.5116225804032204;0
0.2151793357753651;0
0.2804109909282178;0
0.33393724992891627;0
0.3235665052467311;0
0.3053329857883214;0
0.3085978214074753;1
0.35937547074557324;1
0.4553289470759181;0
0.43944529981675595;1
0.38692847284872284;0
0.42317555146402736;1
0.6301111959746288;1
0.561162620342873;1
0.5728384489262038;0
0.46942184155766015;0
0.1583930068252529;0
0.18972933463233796;0
0.3268211281400296;0
0.14437573775911025;0
0.161291323667384;0
0.16168460259863396;1
0.1499121738926863;0
0.18496572697801036;0
0.1892022896331267;0
0.15321543558670492;1
0.2605646202530663;0
0.1381479764844321;0
0.2349506455010878;1
0.1416981017890987;0
0.17575420206277043;0
0.24420947002465024;0
0.21173378203211676;1
0.08988778701178887;0
0.23174448292971397;1
0.3213771804215652;1
0.2625898144210485;0
0.1454243383602035;0
0.13415435282447466;0
0.14487767497043882;0
0.3567743246027539;1
0.1322763017443327;0
0.6890272394561526;0
0.41277160512715666;0
0.2624335170528216;0
0.11245035335332769;0
0.35803288027122504;0
0.8225647130220824;1
0.28480298963738626;0
0.42517809680509555;1
0.3574012338076575;1
0.49002868893842944;1
0.19078859664925268;0
0.22490466027114814;0
0.5560864419456861;0
0.2080541217212504;0
0.35602141823151884;1
0.2592678894205394;0
0.24403532871527756;0
0.2672636677734147;0
0.2881107707838187;1
0.22162440040209302;0
0.33654267960721057;0
0.5844633975606792;1
0.3016700661109048;0
0.32382496519146653;1
0.557857554868327;1
0.6141813423256639;1
0.4167677415840783;1
0.20036163518149064;0
0.21258522036858019;0
0.2130018072586055;0
0.19130300144569756;0
0.2654204312875026;1
0.32177160595577226;1
0.13429541027354477;0
0.17872830920499855;1
0.2243553410546242;0
0.22140083023904394;0
0.3052713932337548;0
0.26942777111917526;1
0.11852679754025368;0
0.26292218035279835;1
0.2817547606862529;0
0.15853776926373586;0
0.3530491821668075;0
0.16883488549615738;0
0.24514824527482462;0
0.3799475253422226;0
0.21046398856146986;0
0.4030864573671875;0
0.3407789250893314;0
0.5544146827597296;0
0.21155854921747388;0
0.30440847057584797;0
0.5742971517705162;1
0.20446702475479084;0
0.3237341524113246;0
0.23069091926750554;0
0.3440060372182522;0
0.7202950359975685;1
0.7823257780350747;1
0.3397473953478226;0
0.44190542073728173;0
0.138815802036755;0
0.3401254209867862;0
0.43294707828643947;0
0.3229374360784773;0
0.38032335123886574;0
0.1820376827446393;0
0.1561838665996902;0
0.15341569305549013;0
0.33677916085797965;0
0.13956529768916037;0
0.09874668245982524;0
0.21623360940751152;0
0.2906013131585371;1
0.19438930268261356;1
0.12139373013941585;0
0.20345570188922718;0
0.25769209101624957;0
0.10067935209883133;0
0.10143933541927322;0
0.43001658854268465;1
0.3424537100331739;0
0.5532036407606375;1
0.449691560850754;0
0.76081713701558;0
0.17628049184986605;0
0.0912488316288835;0
0.21942459703930628;0
0.08989602900636946;0
0.12908044060663013;0
0.2913223341089874;0
0.4174228472495408;0
0.29519952222150747;0
0.2626708031512298;1
0.3164097025327851;0
0.49930797982203373;1
0.2963580873665312;0
0.17466198621761445;0
0.44880347028480083;1
0.4767400807177014;1
0.18118170713290094;0
0.32123468193909893;0
0.38513617259770433;1
0.3297024767188527;0
0.2327394173163793;0
0.46672174256601834;1
0.36844228119479633;1
0.4843094483907475;1
0.36266130699737886;0
0.5519610133635231;0
0.67341479652927;0
0.668782387924967;0
0.7437122664444753;1
0.30608872233862555;0
0.1562915723063309;0
0.23509256526327743;0
0.1808577706725669;0
0.2662796357324498;0
0.1577367738573372;0
0.15657835410405183;0
0.15357150982084214;0
0.10830597120702118;0
0.10866179023258192;0
0.152893705180392;0
0.2962345241048393;1
0.3622828568883678;0
0.22271307023909784;0
0.22519161867194765;1
0.1812302362630426;0
0.4653857739636834;0
0.16807915364035692;0
0.23526438009055428;0
0.2652177140561359;1
0.2903004044687434;0
0.5894292225582906;1
0.1960233154219456;0
0.1897516059444585;0
0.19277593924224345;0
0.3557794828027806;0
0.28287627732589554;1
0.2800570139756563;1
0.20393976655164758;0
0.4213665514925393;1
0.18647900664166456;0
0.18689452389139716;0
0.20031716168245878;0
0.16565785923181187;0
0.1853964907184238;1
0.3501472339397543;0
0.2965643308890189;0
0.4160321512382932;1
0.4922869763602941;1
0.32799810909951455;0
0.1275931148553693;0
0.1146752096066847;0
0.4373914599085659;0
0.48150188177022657;0
0.4070080154244341;0
0.3701763213985227;0
0.6766676705813487;1
0.4004573983308511;0
0.4637080793437167;0
0.33132673701319965;0
0.43373682585233647;0
0.35818209516154725;0
0.6107871208648521;1
0.645002955121479;0
0.17421725270778426;0
0.36800639862689216;0
0.09681405830796644;0
0.11715411063452949;0
0.18853196847846718;0
0.3871582236164228;0
0.25122647796687353;0
0.24304407896139968;1
0.22141438697490798;0
0.23273219770966966;0
0.2301578423493692;0
0.20368219103347424;0
0.24954409574048486;0
0.3695003630335666;0
0.4850094143116587;0
0.2686400669668531;0
0.48327221913462204;0
0.6943765482129313;1
0.25654975954937576;1
0.2073030375832524;0
0.3464916156022091;1
0.2267054732239404;0
0.19672794767164345;0
0.30463061611492276;0
0.21549488656072183;0
0.11816452383250646;0
0.16625482969624453;0
0.23648285015482334;0
0.18968590753305786;0
0.23415510991825014;0
0.29519503784453277;1
0.16481320898662294;0
0.19808094630209747;0
0.2469496578383727;0
0.28451995596387464;0
0.17021185723163168;0
0.24639516249477791;1
0.34111644547458736;1
0.46523888605111;0
0.5250291397791543;1
0.3806052354008208;0
0.3923190072159272;0
0.40439651060543746;1
0.5003102501723357;1
0.6316876458712088;1
0.5136142338114408;1
0.6032908130320881;1
0.5587708610260654;1
0.5711506526755273;1
0.20164610126173874;0
0.16368735044427205;0
0.16435347198227018;0
0.1323112544056437;0
0.17637204258990546;0
0.20112206940221466;1
0.40443539510827314;0
0.12527389022343974;0
0.19613584986308547;0
0.167303918579367;0
0.1493176544997201;1
0.21680899939548215;0
0.12650477926506995;0
0.1859895432548237;0
0.33642031464423916;1
0.36030583352880763;1
0.485014549498635;0
0.45849202830435604;1
0.5290223555418071;1
0.2499986842971433;0
0.3201716151196393;0
0.30325027138197913;0
0.25408415711284815;0
0.23945575852517803;0
0.13005738316649462;0
0.1925549131349628;0
0.20906152836900468;1
0.100635122982323;0
0.19299077311301746;0
0.21544079184932624;1
0.15457546710267392;0
0.12413348152059878;0
0.14704731266736323;0
0.30454726281874733;1
0.21909804794477689;0
0.3602389601169864;1
0.16337927401371494;0
0.30104226969301473;1
0.19041451389861722;1
0.2538010402258837;0
0.1676150233557919;0
0.11164125396710683;0
0.24533178724015356;0
0.3390824496483865;1
0.1386126748378586;0
0.17406192802187656;1
0.10393118629991584;0
0.16559492497008158;0
0.4074812886658386;1
0.18722435747516183;0
0.19725459986559016;0
0.23716146550361022;0
0.3746579274027679;1
0.14399744350445873;0
0.2739175060434026;1
0.27415335672402397;0
0.17635745510630524;1
0.3470591159708997;0
0.25079976584457797;0
0.23645912745482256;0
0.2882201294235562;0
0.26313235257774975;0
0.12607221513801947;0
0.11184030394335398;0
0.18559301807548018;0
0.14935882775122136;0
0.2118430511007774;0
0.160688039865774;0
0.21526619451148202;1
0.166864652301315;0
0.3265018639090569;0
0.25821341586050417;0
0.20093594831988662;0
0.1292459247614884;0
0.12456820893905109;0
0.1676145533675978;0
0.2728209241143828;0
0.14147466505302445;0
0.25139487838771285;0
0.27939298837649934;0
0.28261858956330826;0
0.15653419977073652;1
0.14641232594018588;0
0.1493543240014982;0
0.2585098350897291;0
0.3269557081256799;1
0.15381362031091808;0
0.18372604949496904;0
0.3040773178572951;0
0.3420262953013728;1
0.169310572879802;0
0.38404936439033593;0
0.24508228764454773;1
0.2772590243858837;0
0.13182622776495603;0
0.23620509847813229;0
0.21543651903906386;1
0.3486707278763799;0
0.45494426702341784;1
0.3380102827798223;1
0.5886089320289578;1
0.4337781834524762;0
0.2151909933831361;0
0.4354219135241877;0
0.7343139233499061;1
0.5482041636568428;1
0.7569177494777221;0
0.753096411154483;1
0.8104019759104603;1
0.7299576985034074;1
0.642350136947772;1
0.7391804475229091;1
0.12780180184385187;0
0.33379026482260377;0
0.26882183225383116;0
0.47351150170962936;1
0.4571810941500151;1
0.3899006530835309;0
0.385809837348958;0
0.16241365168719277;0
0.11716809638258673;0
0.2300468765968351;0
0.8097870987490418;1
0.7725284203132372;1
0.5235009737485172;0
0.7062225677034178;1
0.8873853824009171;1
0.8040621482609358;1
0.6120550723651463;1
0.7711975497717642;1
0.8326467833185166;1
0.7931544919982247;1
0.7899899192152013;1
0.6293036231708964;1
0.7878328043410244;1
0.2629668345219581;0
0.7431648418057256;1
0.5712442190986636;1
0.3135660270361705;0
0.18644822020576773;0
0.2165263329027724;0
0.2157464621989194;0
0.2868705039973201;1
0.23870085447199543;1
0.14570681409262573;0
0.14701645956735038;0
0.1977797570947696;0
0.20816532676585833;0
0.31739889614285893;0
0.24412468093352488;0
0.11081336949759285;0
0.4413733977230875;1
0.538296658483814;1
0.6571556918727336;1
0.3484066146238587;1
0.28847714180876555;0
0.550168962697785;1
0.1153619523890826;0
0.29604549546743625;0
0.2938163405727732;0
0.1734841207600509;0
0.15808683487648936;0
0.1872899078798341;0
0.45029572681670366;0
0.14395817178982762;1
0.12301301918397332;1
0.1526096381764468;0
0.1228284009737952;0
0.1169221393920282;0
0.341541416388508;1
0.3023061040047331;0
0.17462684641101703;0
0.2073764026048838;0
0.5122775685196541;1
0.18041268556140805;0
0.3483446317631359;0
0.22701319642798445;0
0.22418525762105268;0
0.2426717725441471;1
0.28012795315936345;0
0.17783902687362702;1
0.2645583899581419;0
0.3011746793370067;0
0.27362256386201816;1
0.4781072145069409;0
0.31113944086797835;1
0.33310295924977124;0
0.2899261737340713;1
0.18045282347498715;0
0.447750095074645;0
0.28529682221934743;1
0.34084433074754156;0
0.33168218177091413;1
0.35725606621670847;0
0.2572595579195797;0
0.1591204216853635;0
0.36568226986574787;1
0.31820711764235776;1
0.2650316703801087;0
0.14605612724728734;0
0.6821353788650263;1
0.21598357678898286;0
0.11673673335017636;0
0.16725309460405607;0
0.1890752177454622;0
0.14040391197687419;0
0.09834143195289388;0
0.22634472222666588;0
0.14751382016587997;0
0.3640057410644422;0
0.49769821585829704;1
0.2099580931794756;0
0.1211898611032187;0
0.168211801793363;0
0.1679497366805964;1
0.16248721255261803;0
0.10816078788001551;0
0.13008132299076647;0
0.4531720446878005;1
0.15788431879065415;0
0.19422194706443185;0
0.41957293689924446;0
0.336786608699434;0
0.4930366658531427;1
0.33387073212422896;1
0.538246753067816;1
0.5890386991916927;0
0.16865500530508157;0
0.288037119692411;0
0.24093080566838893;0
0.1620499437358458;0
0.13665161265260298;0
0.20475274228605558;0
0.43149295415597977;1
0.34668473298944097;0
0.24055780476002997;0
0.38690716825573007;0
0.7032277212686179;1
0.2833892469322596;0
0.3469923515975325;0
0.7129745683123699;1
0.2133046796436367;0
0.2914902567996192;1
0.34010585126084014;0
0.2330473930753691;0
0.16714852391834378;1
0.2561106294070205;1
0.26531355979803745;1
0.23517378773845882;0
0.16415519921875316;0
0.335045481670239;0
0.35829963393979897;0
0.16592633779838506;0
0.14020320017072513;1
0.31235735354465743;1
0.11871731142472901;0
0.4113516546343949;0
0.1513694746245923;0
0.5077463765484688;0
0.18461309550819355;1
0.18929420323149262;0
0.36514234701712145;0
0.1962405886607828;0
0.17482935190189303;1
0.350593140242896;1
0.4757927651297354;1
0.13831678111113963;1
0.27683829493612433;1
0.4200841121131869;1
0.4080735249983739;0
0.5195085725357276;0
0.22245787365490485;0
0.17085163317712268;0
0.21036809629635134;0
0.12353007612022593;0
0.246266684994085;0
0.18442521200991255;0
0.5699217865438082;0
0.3669549510541377;0
0.26367875750932246;1
0.3435045053852111;0
0.6620421614382761;1
0.43395675291960584;0
0.25891149181011486;0
0.23440065100151208;0
0.14350061382511783;0
0.1676406638436009;0
0.35210933702084046;0
0.19702783729197404;0
0.14429851738231333;0
0.14618872537317237;0
0.10971680946286316;0
0.30760316995349873;1
0.2726616309538784;0
0.5038811893495371;1
0.14776050686676692;1
0.21134853440320714;0
0.24376656203591382;0
0.2723169275556071;1
0.33946362045900985;1
0.21454241546738934;1
0.24669060802339793;0
0.37449211540720717;1
0.1454453435160167;1
0.17643696494606476;0
0.2475422534944318;0
0.23679128578258657;0
0.36796653386290706;0
0.3389418610314798;1
0.3061267137408636;0
0.16661599286707787;1
0.4190856093035473;1
0.1726543984278993;0
0.18389808385149994;0
0.15194338571962143;0
0.22628461752948426;0
0.3004548295530007;1
0.3182328197790817;0
0.2566414605212863;0
0.3297057891609874;0
0.1766132719286242;0
0.25199836067917125;0
0.45840892205688183;1
0.5462517845525722;1
0.4525067387091047;0
0.16690631482605817;0
0.13293947442922832;0
0.11453595392893683;0
0.10718052026947421;0
0.1241538735353365;0
0.16356825872240646;0
0.15616298869517029;0
0.1275965574750723;0
0.39673509878049323;0
0.3903272868908585;0
0.7023357967257683;1
0.4794191998783407;1
0.5159857385233353;1
0.5345753134551876;1
0.6986691411054681;1
0.3530275495794856;0
0.39408804444454476;0
0.4107741458457143;1
0.5267758608051084;1
0.4226209415868309;1
0.46620385264802783;1
0.22530825670567398;0
0.5217516749181121;1
