prob;tp1;fp1;tp2;fp2
0.01;1.0;0.635438596491228;0.3645614035087719;0.0
0.02;1.0;0.6351825842696629;0.3648174157303371;0.0
0.03;1.0;0.6350544432736214;0.36494555672637863;0.0
0.04;1.0;0.634926212227688;0.36507378777231203;0.0
0.05;1.0;0.6347978910369069;0.36520210896309313;0.0
0.060000000000000005;1.0;0.6341549295774648;0.3658450704225352;0.0
0.06999999999999999;1.0;0.6326025459688827;0.3673974540311174;0.0
0.08;1.0;0.6309058614564831;0.36909413854351686;0.0
0.09;1.0;0.627465041233417;0.372534958766583;0.0
0.09999999999999999;1.0;0.6223191566703017;0.3776808433296983;0.0
0.11;1.0;0.6146142433234422;0.3853857566765579;0.0
0.12;0.9908256880733946;0.6066009104704098;0.3933990895295903;0.009174311926605505
0.13;0.9885496183206107;0.6003086419753086;0.39969135802469136;0.011450381679389313
0.14;0.9789156626506024;0.5908009516256939;0.4091990483743061;0.02108433734939759
0.15000000000000002;0.9773299748110831;0.5807895807895808;0.4192104192104192;0.022670025188916875
0.16;0.974304068522484;0.5697528278173439;0.43024717218265607;0.02569593147751606
0.17;0.9661016949152542;0.5604821351700388;0.43951786482996125;0.03389830508474576
0.18000000000000002;0.965;0.5483584738243124;0.45164152617568765;0.035
0.19;0.9589442815249267;0.5345303867403315;0.4654696132596685;0.04105571847507331
0.2;0.95822454308094;0.51772030651341;0.48227969348659006;0.04177545691906005
0.21000000000000002;0.9508982035928144;0.5056958890539871;0.4943041109460129;0.04910179640718563
0.22;0.9456159822419534;0.4930875576036866;0.5069124423963134;0.05438401775804662
0.23;0.9346271705822268;0.48;0.52;0.06537282941777324
0.24000000000000002;0.9265967588179218;0.46703601108033244;0.5329639889196676;0.07340324118207817
0.25;0.9198198198198199;0.4552752293577982;0.5447247706422018;0.08018018018018018
0.26;0.9151103565365025;0.43973747016706444;0.5602625298329356;0.08488964346349745
0.27;0.9087237479806138;0.42698019801980197;0.573019801980198;0.0912762520193861
0.28;0.9020817270624518;0.4142581888246628;0.5857418111753372;0.09791827293754819
0.29000000000000004;0.8926720947446336;0.405189620758483;0.5948103792415169;0.1073279052553664
0.3;0.8866571018651362;0.39657534246575343;0.6034246575342466;0.1133428981348637
0.31;0.8840579710144928;0.3800711743772242;0.6199288256227758;0.11594202898550725
0.32;0.8761651131824234;0.3690828402366864;0.6309171597633136;0.12383488681757657
0.33;0.869980879541109;0.35019455252918286;0.6498054474708171;0.13001912045889102
0.34;0.8639162561576355;0.33495934959349594;0.6650406504065041;0.13608374384236452
0.35000000000000003;0.8609112709832134;0.31956155143338955;0.6804384485666105;0.13908872901678657
0.36000000000000004;0.8545560747663551;0.30823117338003503;0.691768826619965;0.14544392523364486
0.37;0.8508821855435401;0.2917046490428441;0.7082953509571559;0.14911781445645989
0.38;0.845941468801767;0.2713326941514861;0.7286673058485139;0.154058531198233
0.39;0.84;0.2599601593625498;0.7400398406374502;0.16
0.4;0.8328926493918561;0.24922118380062305;0.7507788161993769;0.16710735060814383
0.41000000000000003;0.8286458333333333;0.2398286937901499;0.7601713062098501;0.17135416666666667
0.42000000000000004;0.820264765784114;0.2292134831460674;0.7707865168539326;0.17973523421588594
0.43;0.8165413533834587;0.21653084982537835;0.7834691501746216;0.18345864661654135
0.44;0.8119783996072656;0.19706242350061198;0.802937576499388;0.1880216003927344
0.45;0.8065764023210832;0.18702290076335878;0.8129770992366412;0.19342359767891681
0.46;0.802013422818792;0.18489583333333334;0.8151041666666666;0.19798657718120805
0.47000000000000003;0.8003802281368821;0.17466666666666666;0.8253333333333334;0.19961977186311788
0.48000000000000004;0.7942830365510778;0.16666666666666666;0.8333333333333334;0.2057169634489222
0.49;0.7921896792189679;0.15789473684210525;0.8421052631578947;0.20781032078103207
0.5;0.7883817427385892;0.15328467153284672;0.8467153284671532;0.21161825726141079
0.51;0.7852900867976245;0.1443609022556391;0.8556390977443609;0.2147099132023755
0.52;0.7791327913279132;0.140625;0.859375;0.22086720867208673
0.53;0.7738042020563254;0.13614262560777957;0.8638573743922204;0.22619579794367456
0.54;0.768788682581786;0.12837837837837837;0.8716216216216216;0.23121131741821396
0.55;0.7660228270412642;0.12152777777777778;0.8784722222222222;0.23397717295873574
0.56;0.762216404886562;0.12099644128113879;0.8790035587188612;0.23778359511343805
0.5700000000000001;0.7600867678958785;0.11475409836065574;0.8852459016393442;0.23991323210412147
0.5800000000000001;0.7547169811320755;0.1053639846743295;0.8946360153256705;0.24528301886792453
0.59;0.7498938428874734;0.09819639278557114;0.9018036072144289;0.25010615711252654
0.6;0.745777027027027;0.10082304526748971;0.8991769547325102;0.25422297297297297
0.61;0.7397489539748954;0.10129310344827586;0.8987068965517241;0.2602510460251046
0.62;0.7347447073474471;0.10112359550561797;0.898876404494382;0.26525529265255293
0.63;0.7314662273476112;0.09154929577464789;0.9084507042253521;0.2685337726523888
0.64;0.7292863002461034;0.0889423076923077;0.9110576923076923;0.27071369975389664
0.65;0.7267536704730831;0.08208955223880597;0.917910447761194;0.2732463295269168
0.66;0.7236628849270664;0.07512953367875648;0.9248704663212435;0.27633711507293357
0.67;0.7228721258572005;0.06133333333333333;0.9386666666666666;0.2771278741427995
0.68;0.7206591639871383;0.060109289617486336;0.9398907103825137;0.27934083601286175
0.6900000000000001;0.7191506410256411;0.055865921787709494;0.9441340782122905;0.280849358974359
0.7000000000000001;0.714968152866242;0.05555555555555555;0.9444444444444444;0.28503184713375795
0.7100000000000001;0.7116831683168316;0.0547112462006079;0.9452887537993921;0.2883168316831683
0.72;0.708596214511041;0.05660377358490566;0.9433962264150944;0.291403785488959
0.73;0.7045454545454546;0.056291390728476824;0.9437086092715232;0.29545454545454547
0.74;0.7014809041309431;0.052083333333333336;0.9479166666666666;0.2985190958690569
0.75;0.6987204342768515;0.04727272727272727;0.9527272727272728;0.3012795657231485
0.76;0.6934615384615385;0.047244094488188976;0.952755905511811;0.30653846153846154
0.77;0.6897210546427207;0.04219409282700422;0.9578059071729957;0.31027894535727935
0.78;0.686050931204865;0.04484304932735426;0.9551569506726457;0.31394906879513496
0.79;0.6827794561933535;0.03398058252427184;0.9660194174757282;0.31722054380664655
0.8;0.67740726863994;0.03783783783783784;0.9621621621621622;0.32259273136005995
0.81;0.6731198808637379;0.041666666666666664;0.9583333333333334;0.3268801191362621
0.8200000000000001;0.6685144124168514;0.04054054054054054;0.9594594594594594;0.33148558758314856
0.8300000000000001;0.6661759293338241;0.0364963503649635;0.9635036496350365;0.3338240706661759
0.8400000000000001;0.6623994147768837;0.03333333333333333;0.9666666666666667;0.3376005852231163
0.85;0.6579520697167756;0.03;0.97;0.3420479302832244
0.86;0.6532229024126756;0.012987012987012988;0.987012987012987;0.34677709758732445
0.87;0.6499462558222859;0.015873015873015872;0.9841269841269841;0.35005374417771407
0.88;0.6469329529243937;0.02;0.98;0.35306704707560627
0.89;0.6438453352252572;0.0;1.0;0.35615466477474284
0.9;0.642023346303502;0.0;1.0;0.35797665369649806
0.91;0.6402116402116402;0.0;1.0;0.35978835978835977
0.92;0.6386347642505278;0.0;1.0;0.3613652357494722
0.93;0.6375131717597471;0.0;1.0;0.3624868282402529
0.9400000000000001;0.6366187302700806;0.0;1.0;0.36338126972991935
0.9500000000000001;0.6366187302700806;0.0;1.0;0.36338126972991935
0.9600000000000001;0.6361724500525763;0.0;1.0;0.3638275499474238
0.97;0.6359495444989488;;;0.36405045550105114
0.98;0.6359495444989488;;;0.36405045550105114
0.99;0.6359495444989488;;;0.36405045550105114
